figure,variant,trial_id,seed,snr_db,x_name,x_value,K,paper_k,effective_K,num_ris_paths,receiver_mode,config_seed,nested_receiver_noise_convention,reference_receiver_mode,reference_sigma2,nested_base_y_noisy_hash,failed,error,runtime_s,position_rmse_m,position_error_m,y_nmse,range_rmse_m,tau_rmse_s,raw_objective_final,outlier_flag,selected_branch,final_refinement_method,final_runner_name,used_main_single_proposed_path,variant_config_hash,global_vp_mode,global_vp_backend,global_vp_gpu_used,global_vp_gpu_device,global_vp_objective_backend,global_vp_linear_solve_backend,vp_dictionary_mode,vp_dictionary_mode_requested,vp_jacobian_mode,vp_matrix_free_enabled,vp_matrix_free_fallback_reason,vp_precontract_static_modes,vp_factor_cache_hits,vp_factor_cache_misses,vp_matrix_free_num_objective_calls,vp_matrix_free_debug_num_compares,vp_matrix_free_debug_rel_G_diff,vp_matrix_free_debug_rel_b_diff,vp_matrix_free_debug_rel_x_hat_diff,vp_matrix_free_debug_rel_regularized_objective_diff,vp_matrix_free_debug_rel_gradient_diff,jones_mode,adaptive_enabled,adaptive_policy_name,selected_vp_family_branch,lambda_path_min,lambda_path_max,lambda_path_mean,lambda_clipped_fraction,used_stage1_regularizer,linear_nuisance_dim,nonlinear_dim,fixed_pol_score,jones_score,lambda_jones_per_path,snr_eff_per_path,jones_leakage_per_path,reliability_decision,trigger_reasons,gof_stat,gof_dof,gof_pass,data_only_scaled_efim_lambda_min,data_only_scaled_efim_condition_number,stage1_assignment_margin,stage1_selected_clock_std_ns,delta_t_k_ns,stage1_runtime_s,global_vp_runtime_s,total_runtime_s,peb_position_m,peb_scalar_m,peb_dual_m,peb_evs_m,peb_free_jones_m,peb_constrained_jones_m,peb_anchored_jones_m,peb_variant,jones_bound_type,constrained_jones_peb_m,anchored_jones_peb_m,free_jones_peb_m,peb_fim_rank_chi_free,peb_fim_rank_chi_constrained,peb_fim_rank_chi_anchored,peb_fim_cond_chi_free,peb_fim_cond_chi_constrained,peb_fim_cond_chi_anchored,peb_clock_schur_used,peb_rank_deficient,anchored_prior_scaling,anchored_prior_lambda,anchored_prior_precision_norm,peb_free_projection_schur_relerr,peb_con_minus_free_min_eig,peb_hyb_minus_free_min_eig,peb_ordering_ok,efim_unscaled_cache_hit,efim_unscaled_cache_key,efim_sigma2,efim_reuse_mode,peb_backend,rss_mb_before,rss_mb_after,rss_mb_delta,warning,debug_main_position_error_m,debug_main_y_nmse,debug_main_raw_objective,debug_main_global_vp_mode,debug_main_adaptive_enabled,debug_config_diff_summary,direct_candidate_position_error_m,direct_candidate_y_nmse,direct_candidate_raw_objective,rescue_candidate_position_error_m,rescue_candidate_y_nmse,rescue_candidate_raw_objective,rescue_candidate_available,rescue_accept_decision,rescue_reject_reason,direct_candidate_lambda_jones_per_path,direct_candidate_snr_eff_per_path,direct_candidate_jones_leakage_per_path,rescue_candidate_lambda_jones_per_path,rescue_candidate_snr_eff_per_path,rescue_candidate_jones_leakage_per_path,direct_candidate_data_only_scaled_efim_lambda_min,direct_candidate_data_only_scaled_efim_condition_number,rescue_candidate_data_only_scaled_efim_lambda_min,rescue_candidate_data_only_scaled_efim_condition_number,legacy_stage1_decision,gof_reliability_decision,stage1_geometry_trigger,stage1_geometry_trigger_reasons,ngc_policy_active,ngc_lambda_ris,ngc_direct_clock_score,ngc_direct_clock_score_norm,ngc_direct_clock_dof,ngc_direct_clock_sigma_source,ngc_direct_clock_std_ns,ngc_direct_ris_score,ngc_direct_ris_score_norm,ngc_direct_ris_available,ngc_direct_total_score,ngc_direct_cert_status,ngc_direct_cert_reason,ngc_rescue_requested,ngc_rescue_request_reason,ngc_rescue_clock_score,ngc_rescue_clock_score_norm,ngc_rescue_clock_dof,ngc_rescue_clock_sigma_source,ngc_rescue_clock_std_ns,ngc_rescue_ris_score,ngc_rescue_ris_score_norm,ngc_rescue_ris_available,ngc_rescue_total_score,ngc_rescue_cert_status,ngc_rescue_cert_reason,ngc_selected_by,ngc_final_unreliable,ngc_threshold_clock_green,ngc_threshold_clock_red,proposed_stage2_policy,stage2_seed_position_error_m,stage2_seed_clock_error_ns,stage2_num_valid_local_fixes,stage2_clock_estimator,stage2_rescue_impl,stage2_pllg_pseudorange_block_weight
fig5,direct_vp,0,3147786918,-10.0,snr_db,-10.0,3,3,3,3,full_6d,3147786918,,,nan,,False,,46.78124362882227,0.001179412420327408,0.001179412420327408,2.5972835394521345e-05,0.00017954002102846546,9.976785443673694e-13,3.9631128937021116,False,direct_vp,global_exact_spherical_vp,proposed_post_stage1,False,2525267fabcfba26,adaptive_jones,cpu,False,,legacy_least_squares,cpu,explicit,,legacy_least_squares_numerical,False,,,0,0,,,,,,,,fixed_pol_anchor,True,fixed_anchor_then_adaptive_jones_score_selection,fixed_pol_anchor,18.806408873737293,72.12395526411314,40.358969602279146,0.0,True,3,4,3095619.270406514,nan,"[72.12395526411314,18.806408873737293,30.14654466898701]","[0.013865018859073139,0.05317336269220808,0.033171297438893375]",,direct_vp,"[""poor_clock_consistency""]",3095469.812331085,3096560,True,826432.9221182995,69.53544608849094,4.805742757820594,0.12791462187745622,"[5.1223588854613595,4.813895475661293,4.920509738209556]",22.08888996206224,42.437710258876905,65.60168372304179,nan,nan,nan,nan,nan,nan,nan,,,nan,nan,nan,nan,nan,nan,nan,nan,nan,,,,nan,nan,nan,nan,nan,,False,,nan,,,nan,nan,nan,,,,,,,,0.001179412420327408,2.5972835394521345e-05,3.9631128937021116,nan,nan,nan,False,not_run,not_requested,"[72.12395526411314,18.806408873737293,30.14654466898701]","[0.013865018859073139,0.05317336269220808,0.033171297438893375]",,,,,826432.9221182995,69.53544608849094,nan,nan,ris_only_stage2_then_vp,direct_vp,True,"[""poor_clock_consistency""]",False,1.0,nan,nan,,,nan,nan,nan,False,nan,,,False,,nan,nan,,,nan,nan,nan,False,nan,,,,False,nan,nan,reliability_gated,nan,nan,,decoupled_robust,legacy_multistart,0.0
fig5,old_gated,0,3147786918,-10.0,snr_db,-10.0,3,3,3,3,full_6d,3147786918,,,nan,,False,,47.30951693095267,0.001179412420327408,0.001179412420327408,2.5972835394521345e-05,0.00017954002102846546,9.976785443673694e-13,3.9631128937021116,False,direct_vp,global_exact_spherical_vp,main_single_proposed,True,1d61ca5860c9087b,adaptive_jones,cpu,False,,legacy_least_squares,cpu,explicit,,legacy_least_squares_numerical,False,,,0,0,,,,,,,,fixed_pol_anchor,True,fixed_anchor_then_adaptive_jones_score_selection,fixed_pol_anchor,18.806408873737293,72.12395526411314,40.358969602279146,0.0,True,3,4,3095619.270406514,nan,"[72.12395526411314,18.806408873737293,30.14654466898701]","[0.013865018859073139,0.05317336269220808,0.033171297438893375]",,direct_vp,"[""poor_clock_consistency""]",3095469.812331085,3096560,True,826432.9221182995,69.53544608849094,4.805742757820594,0.12791462187745622,"[5.1223588854613595,4.813895475661293,4.920509738209556]",22.08888996206224,43.2711582260672,66.43513169023208,nan,nan,nan,nan,nan,nan,nan,,,nan,nan,nan,nan,nan,nan,nan,nan,nan,,,,nan,nan,nan,nan,nan,,False,,nan,,,nan,nan,nan,,,,,,,,0.001179412420327408,2.5972835394521345e-05,3.9631128937021116,nan,nan,nan,False,not_run,not_requested,"[72.12395526411314,18.806408873737293,30.14654466898701]","[0.013865018859073139,0.05317336269220808,0.033171297438893375]",,,,,826432.9221182995,69.53544608849094,nan,nan,ris_only_stage2_then_vp,direct_vp,True,"[""poor_clock_consistency""]",False,1.0,nan,nan,,,nan,nan,nan,False,nan,,,False,,nan,nan,,,nan,nan,nan,False,nan,,,,False,nan,nan,reliability_gated_ris_only,nan,nan,,decoupled_robust,legacy_multistart,0.0
fig5,adaptive_jones_vp_proposed,0,3147786918,-10.0,snr_db,-10.0,3,3,3,3,full_6d,3147786918,,,nan,,False,,45.976241847034544,0.001179412420327408,0.001179412420327408,2.5972835394521345e-05,0.00017954002102846546,9.976785443673694e-13,3.9631128937021116,False,direct_vp,global_exact_spherical_vp,main_single_proposed,True,aa96fb806a044d92,adaptive_jones,cpu,False,,legacy_least_squares,cpu,explicit,,legacy_least_squares_numerical,False,,,0,0,,,,,,,,fixed_pol_anchor,True,fixed_anchor_then_adaptive_jones_score_selection,fixed_pol_anchor,18.806408873737293,72.12395526411314,40.358969602279146,0.0,True,3,4,3095619.270406514,nan,"[72.12395526411314,18.806408873737293,30.14654466898701]","[0.013865018859073139,0.05317336269220808,0.033171297438893375]",,direct_vp,"[""poor_clock_consistency""]",3095469.812331085,3096560,True,826432.9221182995,69.53544608849094,4.805742757820594,0.12791462187745622,"[5.1223588854613595,4.813895475661293,4.920509738209556]",22.08888996206224,41.895791250048205,65.05976471421309,nan,nan,nan,nan,nan,nan,nan,,,nan,nan,nan,nan,nan,nan,nan,nan,nan,,,,nan,nan,nan,nan,nan,,False,,nan,,,nan,nan,nan,,,,,,,,0.001179412420327408,2.5972835394521345e-05,3.9631128937021116,nan,nan,nan,False,not_run,not_requested,"[72.12395526411314,18.806408873737293,30.14654466898701]","[0.013865018859073139,0.05317336269220808,0.033171297438893375]",,,,,826432.9221182995,69.53544608849094,nan,nan,ris_only_stage2_then_vp,direct_vp,True,"[""poor_clock_consistency""]",True,1.0,0.07661524874225367,0.07661524874225367,2,data_only_efim_tau_crb,0.07990371744702791,0.00013912302880947708,0.00013912302880947708,True,0.07675437177106315,green,clock_green,False,ngc_green_skip_rescue,nan,nan,2,,nan,nan,nan,False,nan,,candidate_unavailable,ngc_green_skip_rescue,False,9.21034037197618,13.815510557964274,ngc_certified_ris_only,nan,nan,,decoupled_robust,legacy_multistart,0.0
fig5,force_rescue,0,3147786918,-10.0,snr_db,-10.0,3,3,3,3,full_6d,3147786918,,,nan,,False,,103.01804057182744,0.001179412420327408,0.001179412420327408,2.5972835394521345e-05,0.00017954002102846546,9.976785443673694e-13,3.9631128937021116,False,direct_vp_rollback,global_exact_spherical_vp,main_single_proposed,True,c7a6b3dc1287b7ec,adaptive_jones,cpu,False,,legacy_least_squares,cpu,explicit,,legacy_least_squares_numerical,False,,,0,0,,,,,,,,fixed_pol_anchor,True,fixed_anchor_then_adaptive_jones_score_selection,fixed_pol_anchor,18.806408873737293,72.12395526411314,40.358969602279146,0.0,True,3,4,3095619.270406514,nan,"[72.12395526411314,18.806408873737293,30.14654466898701]","[0.013865018859073139,0.05317336269220808,0.033171297438893375]",,jnpp_then_vp,"[""poor_clock_consistency""]",3095469.812331085,3096560,True,826432.9221182995,69.53544608849094,4.805742757820594,0.12791462187745622,"[5.1223588854613595,4.813895475661293,4.920509738209556]",22.08888996206224,42.3597416728735,65.52371513703838,nan,nan,nan,nan,nan,nan,nan,,,nan,nan,nan,nan,nan,nan,nan,nan,nan,,,,nan,nan,nan,nan,nan,,False,,nan,,,nan,nan,nan,,,,,,,,0.001179412420327408,2.5972835394521345e-05,3.9631128937021116,0.0011794742748735155,2.5975913280798746e-05,3.9631128937033626,True,rollback,existing_selector_rollback,"[72.12395526411314,18.806408873737293,30.14654466898701]","[0.013865018859073139,0.05317336269220808,0.033171297438893375]",,"[72.1239521529586,18.80640886401288,30.14654495228722]","[0.013865019457157618,0.05317336271970295,0.03317129712716825]",,826432.9221182995,69.53544608849094,826433.1723390691,69.53544083102523,ris_only_stage2_then_vp,direct_vp,True,"[""poor_clock_consistency""]",False,1.0,nan,nan,,,nan,nan,nan,False,nan,,,False,,nan,nan,,,nan,nan,nan,False,nan,,,,False,nan,nan,force_ris_only,0.0012002627337138643,0.010222200070174147,3,decoupled_robust,legacy_multistart,0.0
fig5,oracle_init_vp,0,3147786918,-10.0,snr_db,-10.0,3,3,3,3,full_6d,3147786918,,,nan,,False,,26.660205501830205,0.0011793800860618214,0.0011793800860618214,2.5972547746918428e-05,0.00017953377250104212,9.976398743721831e-13,3.96311289370211,False,oracle_init_vp,global_exact_spherical_vp,,False,,adaptive_jones,cupy,True,0,cupy,cupy.linalg.solve,explicit,matrix_free,analytic_reduced_vp_explicit_gradient,False,matrix_free_cpu_only_gpu_backend,,0,0,0,0,,,,,,fixed_pol_anchor,False,,fixed_pol_anchor,nan,nan,nan,nan,False,3,4,3096725.458075429,3096731.2199701183,"[72.09819051707296,18.799690681398697,30.135775449795126]","[0.013869973611766307,0.053192364540904265,0.033183151421997424]","[1.2921692571380826e-09,2.195894277110852e-08,1.2572990429413544e-09]",oracle_init_vp,"[""oracle_truth_initialization""]",nan,,,nan,nan,nan,nan,,0.0,26.658544501988217,26.658544501988217,nan,nan,nan,nan,nan,nan,nan,,,nan,nan,nan,nan,nan,nan,nan,nan,nan,,,,nan,nan,nan,nan,nan,,False,,nan,,,nan,nan,nan,,,,,,,,nan,nan,nan,nan,nan,nan,False,,,,,,,,,nan,nan,nan,nan,,,,[],False,nan,nan,nan,,,nan,nan,nan,False,nan,,,False,,nan,nan,,,nan,nan,nan,False,nan,,,,False,nan,nan,,nan,nan,,,legacy_multistart,
fig5,direct_vp,23,2043173887,-10.0,snr_db,-10.0,3,3,3,3,full_6d,2043173887,,,nan,,False,,58.53781424113549,0.0016639643005705329,0.0016639643005705329,5.1416118239502625e-05,0.00012502647466164712,4.523284066028835e-13,3.275309057111569,False,direct_vp,global_exact_spherical_vp,proposed_post_stage1,False,496dae5bb3da8a21,adaptive_jones,cpu,False,,legacy_least_squares,cpu,explicit,,legacy_least_squares_numerical,False,,,0,0,,,,,,,,fixed_pol_anchor,True,fixed_anchor_then_adaptive_jones_score_selection,fixed_pol_anchor,20.735358078572677,123.98315158318368,55.85667150912625,0.0,True,3,4,3096396.009251371,nan,"[123.98315158318368,20.735358078572677,22.85150486562239]","[0.008065612037657306,0.04822680159127013,0.043760794129647895]",,direct_vp,"[""poor_clock_consistency""]",3096246.551175942,3096560,True,837638.0531569239,64.17189265288626,4.517600618025266,0.2246030555370727,"[5.330892935012445,4.788848586478812,4.978321145959817]",30.01409395202063,53.232489039888605,84.33418038184755,nan,nan,nan,nan,nan,nan,nan,,,nan,nan,nan,nan,nan,nan,nan,nan,nan,,,,nan,nan,nan,nan,nan,,False,,nan,,,nan,nan,nan,,,,,,,,0.0016639643005705329,5.1416118239502625e-05,3.275309057111569,nan,nan,nan,False,not_run,not_requested,"[123.98315158318368,20.735358078572677,22.85150486562239]","[0.008065612037657306,0.04822680159127013,0.043760794129647895]",,,,,837638.0531569239,64.17189265288626,nan,nan,ris_only_stage2_then_vp,direct_vp,True,"[""poor_clock_consistency""]",False,1.0,nan,nan,,,nan,nan,nan,False,nan,,,False,,nan,nan,,,nan,nan,nan,False,nan,,,,False,nan,nan,reliability_gated,nan,nan,,decoupled_robust,legacy_multistart,0.0
fig5,old_gated,23,2043173887,-10.0,snr_db,-10.0,3,3,3,3,full_6d,2043173887,,,nan,,False,,58.73045092495158,0.0016639643005705329,0.0016639643005705329,5.1416118239502625e-05,0.00012502647466164712,4.523284066028835e-13,3.275309057111569,False,direct_vp,global_exact_spherical_vp,main_single_proposed,True,a352c22b1fe41847,adaptive_jones,cpu,False,,legacy_least_squares,cpu,explicit,,legacy_least_squares_numerical,False,,,0,0,,,,,,,,fixed_pol_anchor,True,fixed_anchor_then_adaptive_jones_score_selection,fixed_pol_anchor,20.735358078572677,123.98315158318368,55.85667150912625,0.0,True,3,4,3096396.009251371,nan,"[123.98315158318368,20.735358078572677,22.85150486562239]","[0.008065612037657306,0.04822680159127013,0.043760794129647895]",,direct_vp,"[""poor_clock_consistency""]",3096246.551175942,3096560,True,837638.0531569239,64.17189265288626,4.517600618025266,0.2246030555370727,"[5.330892935012445,4.788848586478812,4.978321145959817]",30.01409395202063,53.74002322508022,84.84171456703916,nan,nan,nan,nan,nan,nan,nan,,,nan,nan,nan,nan,nan,nan,nan,nan,nan,,,,nan,nan,nan,nan,nan,,False,,nan,,,nan,nan,nan,,,,,,,,0.0016639643005705329,5.1416118239502625e-05,3.275309057111569,nan,nan,nan,False,not_run,not_requested,"[123.98315158318368,20.735358078572677,22.85150486562239]","[0.008065612037657306,0.04822680159127013,0.043760794129647895]",,,,,837638.0531569239,64.17189265288626,nan,nan,ris_only_stage2_then_vp,direct_vp,True,"[""poor_clock_consistency""]",False,1.0,nan,nan,,,nan,nan,nan,False,nan,,,False,,nan,nan,,,nan,nan,nan,False,nan,,,,False,nan,nan,reliability_gated_ris_only,nan,nan,,decoupled_robust,legacy_multistart,0.0
fig5,adaptive_jones_vp_proposed,23,2043173887,-10.0,snr_db,-10.0,3,3,3,3,full_6d,2043173887,,,nan,,False,,49.557510090991855,0.0016639643005705329,0.0016639643005705329,5.1416118239502625e-05,0.00012502647466164712,4.523284066028835e-13,3.275309057111569,False,direct_vp,global_exact_spherical_vp,main_single_proposed,True,1d9ca14d19910630,adaptive_jones,cpu,False,,legacy_least_squares,cpu,explicit,,legacy_least_squares_numerical,False,,,0,0,,,,,,,,fixed_pol_anchor,True,fixed_anchor_then_adaptive_jones_score_selection,fixed_pol_anchor,20.735358078572677,123.98315158318368,55.85667150912625,0.0,True,3,4,3096396.009251371,nan,"[123.98315158318368,20.735358078572677,22.85150486562239]","[0.008065612037657306,0.04822680159127013,0.043760794129647895]",,direct_vp,"[""poor_clock_consistency""]",3096246.551175942,3096560,True,837638.0531569239,64.17189265288626,4.517600618025266,0.2246030555370727,"[5.330892935012445,4.788848586478812,4.978321145959817]",30.01409395202063,45.40810757386498,76.50979891582392,nan,nan,nan,nan,nan,nan,nan,,,nan,nan,nan,nan,nan,nan,nan,nan,nan,,,,nan,nan,nan,nan,nan,,False,,nan,,,nan,nan,nan,,,,,,,,0.0016639643005705329,5.1416118239502625e-05,3.275309057111569,nan,nan,nan,False,not_run,not_requested,"[123.98315158318368,20.735358078572677,22.85150486562239]","[0.008065612037657306,0.04822680159127013,0.043760794129647895]",,,,,837638.0531569239,64.17189265288626,nan,nan,ris_only_stage2_then_vp,direct_vp,True,"[""poor_clock_consistency""]",True,1.0,0.03852514837226888,0.03852514837226888,2,data_only_efim_tau_crb,0.05666064799331549,0.00018906115396252402,0.00018906115396252402,True,0.0387142095262314,green,clock_green,False,ngc_green_skip_rescue,nan,nan,2,,nan,nan,nan,False,nan,,candidate_unavailable,ngc_green_skip_rescue,False,9.21034037197618,13.815510557964274,ngc_certified_ris_only,nan,nan,,decoupled_robust,legacy_multistart,0.0
fig5,force_rescue,23,2043173887,-10.0,snr_db,-10.0,3,3,3,3,full_6d,2043173887,,,nan,,False,,112.11610018508509,0.0016639643005705329,0.0016639643005705329,5.1416118239502625e-05,0.00012502647466164712,4.523284066028835e-13,3.275309057111569,False,direct_vp_rollback,global_exact_spherical_vp,main_single_proposed,True,d14574255b1b6d90,adaptive_jones,cpu,False,,legacy_least_squares,cpu,explicit,,legacy_least_squares_numerical,False,,,0,0,,,,,,,,fixed_pol_anchor,True,fixed_anchor_then_adaptive_jones_score_selection,fixed_pol_anchor,20.735358078572677,123.98315158318368,55.85667150912625,0.0,True,3,4,3096396.009251371,nan,"[123.98315158318368,20.735358078572677,22.85150486562239]","[0.008065612037657306,0.04822680159127013,0.043760794129647895]",,jnpp_then_vp,"[""poor_clock_consistency""]",3096246.551175942,3096560,True,837638.0531569239,64.17189265288626,4.517600618025266,0.2246030555370727,"[5.330892935012445,4.788848586478812,4.978321145959817]",30.01409395202063,41.34533226303756,72.4470236049965,nan,nan,nan,nan,nan,nan,nan,,,nan,nan,nan,nan,nan,nan,nan,nan,nan,,,,nan,nan,nan,nan,nan,,False,,nan,,,nan,nan,nan,,,,,,,,0.0016639643005705329,5.1416118239502625e-05,3.275309057111569,0.001663883203113695,5.141478750485639e-05,3.275309057111563,True,rollback,existing_selector_rollback,"[123.98315158318368,20.735358078572677,22.85150486562239]","[0.008065612037657306,0.04822680159127013,0.043760794129647895]",,"[123.98315121639985,20.735358044044006,22.85150489019707]","[0.008065612061518098,0.04822680167157775,0.04376079408258721]",,837638.0531569239,64.17189265288626,837638.2225817477,64.17188285026693,ris_only_stage2_then_vp,direct_vp,True,"[""poor_clock_consistency""]",False,1.0,nan,nan,,,nan,nan,nan,False,nan,,,False,,nan,nan,,,nan,nan,nan,False,nan,,,,False,nan,nan,force_ris_only,0.00044844005100020144,0.086667621629405,3,decoupled_robust,legacy_multistart,0.0
fig5,oracle_init_vp,23,2043173887,-10.0,snr_db,-10.0,3,3,3,3,full_6d,2043173887,,,nan,,False,,26.774655451066792,0.001663780663570643,0.001663780663570643,5.1412618459161543e-05,0.0001250517782299844,4.5216983943510457e-13,3.275309057111599,False,oracle_init_vp,global_exact_spherical_vp,,False,,adaptive_jones,cupy,True,0,cupy,cupy.linalg.solve,explicit,matrix_free,analytic_reduced_vp_explicit_gradient,False,matrix_free_cpu_only_gpu_backend,,0,0,0,0,,,,,,fixed_pol_anchor,False,,fixed_pol_anchor,nan,nan,nan,nan,False,3,4,3096725.458075429,3096738.5258114436,"[123.96995951712569,20.733151916122758,22.849073699662924]","[0.008066470326933407,0.04823193328370083,0.043765450325100194]","[1.3095241021640572e-08,3.7934065620238e-08,2.5192062251987265e-09]",oracle_init_vp,"[""oracle_truth_initialization""]",nan,,,nan,nan,nan,nan,,0.0,26.772958122892305,26.772958122892305,nan,nan,nan,nan,nan,nan,nan,,,nan,nan,nan,nan,nan,nan,nan,nan,nan,,,,nan,nan,nan,nan,nan,,False,,nan,,,nan,nan,nan,,,,,,,,nan,nan,nan,nan,nan,nan,False,,,,,,,,,nan,nan,nan,nan,,,,[],False,nan,nan,nan,,,nan,nan,nan,False,nan,,,False,,nan,nan,,,nan,nan,nan,False,nan,,,,False,nan,nan,,nan,nan,,,legacy_multistart,
fig5,direct_vp,12,2210497206,-10.0,snr_db,-10.0,3,3,3,3,full_6d,2210497206,,,nan,,False,,46.658703105989844,0.0012580199625899788,0.0012580199625899788,3.033735104206928e-05,4.3992597686129825e-05,8.937749266854429e-13,4.559175738799389,False,direct_vp,global_exact_spherical_vp,proposed_post_stage1,False,d49b9acf4801759f,adaptive_jones,cpu,False,,legacy_least_squares,cpu,explicit,,legacy_least_squares_numerical,False,,,0,0,,,,,,,,fixed_pol_anchor,True,fixed_anchor_then_adaptive_jones_score_selection,fixed_pol_anchor,18.95619404090222,51.42878600979395,35.22763843603247,0.0,True,3,4,3099017.3550204635,nan,"[51.42878600979395,35.29793525740123,18.95619404090222]","[0.019444363313536783,0.028330268971044795,0.05275320551284296]",,direct_vp,[],3098867.8969450346,3096560,True,911871.9275525565,71.36701189737379,7.028337887463928,0.01647099244250823,"[5.235791500092012,5.242530941060088,5.204711893793606]",39.15563945192844,42.18400833988562,82.37286503589712,nan,nan,nan,nan,nan,nan,nan,,,nan,nan,nan,nan,nan,nan,nan,nan,nan,,,,nan,nan,nan,nan,nan,,False,,nan,,,nan,nan,nan,,,,,,,,0.0012580199625899788,3.033735104206928e-05,4.559175738799389,nan,nan,nan,False,not_run,not_requested,"[51.42878600979395,35.29793525740123,18.95619404090222]","[0.019444363313536783,0.028330268971044795,0.05275320551284296]",,,,,911871.9275525565,71.36701189737379,nan,nan,direct_vp,direct_vp,False,[],False,1.0,nan,nan,,,nan,nan,nan,False,nan,,,False,,nan,nan,,,nan,nan,nan,False,nan,,,,False,nan,nan,reliability_gated,nan,nan,,decoupled_robust,legacy_multistart,0.0
fig5,old_gated,12,2210497206,-10.0,snr_db,-10.0,3,3,3,3,full_6d,2210497206,,,nan,,False,,47.60168856009841,0.0012580199625899788,0.0012580199625899788,3.033735104206928e-05,4.3992597686129825e-05,8.937749266854429e-13,4.559175738799389,False,direct_vp,global_exact_spherical_vp,main_single_proposed,True,984be2ec3c2c7232,adaptive_jones,cpu,False,,legacy_least_squares,cpu,explicit,,legacy_least_squares_numerical,False,,,0,0,,,,,,,,fixed_pol_anchor,True,fixed_anchor_then_adaptive_jones_score_selection,fixed_pol_anchor,18.95619404090222,51.42878600979395,35.22763843603247,0.0,True,3,4,3099017.3550204635,nan,"[51.42878600979395,35.29793525740123,18.95619404090222]","[0.019444363313536783,0.028330268971044795,0.05275320551284296]",,direct_vp,[],3098867.8969450346,3096560,True,911871.9275525565,71.36701189737379,7.028337887463928,0.01647099244250823,"[5.235791500092012,5.242530941060088,5.204711893793606]",39.15563945192844,43.27347613312304,83.46233282913454,nan,nan,nan,nan,nan,nan,nan,,,nan,nan,nan,nan,nan,nan,nan,nan,nan,,,,nan,nan,nan,nan,nan,,False,,nan,,,nan,nan,nan,,,,,,,,0.0012580199625899788,3.033735104206928e-05,4.559175738799389,nan,nan,nan,False,not_run,not_requested,"[51.42878600979395,35.29793525740123,18.95619404090222]","[0.019444363313536783,0.028330268971044795,0.05275320551284296]",,,,,911871.9275525565,71.36701189737379,nan,nan,direct_vp,direct_vp,False,[],False,1.0,nan,nan,,,nan,nan,nan,False,nan,,,False,,nan,nan,,,nan,nan,nan,False,nan,,,,False,nan,nan,reliability_gated_ris_only,nan,nan,,decoupled_robust,legacy_multistart,0.0
fig5,adaptive_jones_vp_proposed,12,2210497206,-10.0,snr_db,-10.0,3,3,3,3,full_6d,2210497206,,,nan,,False,,46.95366266206838,0.0012580199625899788,0.0012580199625899788,3.033735104206928e-05,4.3992597686129825e-05,8.937749266854429e-13,4.559175738799389,False,direct_vp,global_exact_spherical_vp,main_single_proposed,True,c1a69d5a27aa47b7,adaptive_jones,cpu,False,,legacy_least_squares,cpu,explicit,,legacy_least_squares_numerical,False,,,0,0,,,,,,,,fixed_pol_anchor,True,fixed_anchor_then_adaptive_jones_score_selection,fixed_pol_anchor,18.95619404090222,51.42878600979395,35.22763843603247,0.0,True,3,4,3099017.3550204635,nan,"[51.42878600979395,35.29793525740123,18.95619404090222]","[0.019444363313536783,0.028330268971044795,0.05275320551284296]",,direct_vp,[],3098867.8969450346,3096560,True,911871.9275525565,71.36701189737379,7.028337887463928,0.01647099244250823,"[5.235791500092012,5.242530941060088,5.204711893793606]",39.15563945192844,42.035726664122194,82.22458336013369,nan,nan,nan,nan,nan,nan,nan,,,nan,nan,nan,nan,nan,nan,nan,nan,nan,,,,nan,nan,nan,nan,nan,,False,,nan,,,nan,nan,nan,,,,,,,,0.0012580199625899788,3.033735104206928e-05,4.559175738799389,nan,nan,nan,False,not_run,not_requested,"[51.42878600979395,35.29793525740123,18.95619404090222]","[0.019444363313536783,0.028330268971044795,0.05275320551284296]",,,,,911871.9275525565,71.36701189737379,nan,nan,direct_vp,direct_vp,False,[],True,1.0,0.004774828686088417,0.004774828686088417,2,data_only_efim_tau_crb,0.019947490832367066,0.0001451271560858347,0.0001451271560858347,True,0.0049199558421742515,green,clock_green,False,ngc_green_skip_rescue,nan,nan,2,,nan,nan,nan,False,nan,,candidate_unavailable,ngc_green_skip_rescue,False,9.21034037197618,13.815510557964274,ngc_certified_ris_only,nan,nan,,decoupled_robust,legacy_multistart,0.0
fig5,force_rescue,12,2210497206,-10.0,snr_db,-10.0,3,3,3,3,full_6d,2210497206,,,nan,,False,,137.73158999695443,0.0012580199625899788,0.0012580199625899788,3.033735104206928e-05,4.3992597686129825e-05,8.937749266854429e-13,4.559175738799389,False,direct_vp_rollback,global_exact_spherical_vp,main_single_proposed,True,19113cd38cf65ca3,adaptive_jones,cpu,False,,legacy_least_squares,cpu,explicit,,legacy_least_squares_numerical,False,,,0,0,,,,,,,,fixed_pol_anchor,True,fixed_anchor_then_adaptive_jones_score_selection,fixed_pol_anchor,18.95619404090222,51.42878600979395,35.22763843603247,0.0,True,3,4,3099017.3550204635,nan,"[51.42878600979395,35.29793525740123,18.95619404090222]","[0.019444363313536783,0.028330268971044795,0.05275320551284296]",,jnpp_then_vp,[],3098867.8969450346,3096560,True,911871.9275525565,71.36701189737379,7.028337887463928,0.01647099244250823,"[5.235791500092012,5.242530941060088,5.204711893793606]",39.15563945192844,52.75848322198726,92.94733991799876,nan,nan,nan,nan,nan,nan,nan,,,nan,nan,nan,nan,nan,nan,nan,nan,nan,,,,nan,nan,nan,nan,nan,,False,,nan,,,nan,nan,nan,,,,,,,,0.0012580199625899788,3.033735104206928e-05,4.559175738799389,0.0012580590160062514,3.033765330620924e-05,4.559175738799385,True,rollback,existing_selector_rollback,"[51.42878600979395,35.29793525740123,18.95619404090222]","[0.019444363313536783,0.028330268971044795,0.05275320551284296]",,"[51.42878589889907,35.29793527306982,18.956194085485084]","[0.019444363355464282,0.02833026895846912,0.052753205388773275]",,911871.9275525565,71.36701189737379,911871.9578869089,71.36700853769129,direct_vp,direct_vp,False,[],False,1.0,nan,nan,,,nan,nan,nan,False,nan,,,False,,nan,nan,,,nan,nan,nan,False,nan,,,,False,nan,nan,force_ris_only,0.0005340300262482328,0.05954885272565805,3,decoupled_robust,legacy_multistart,0.0
fig5,oracle_init_vp,12,2210497206,-10.0,snr_db,-10.0,3,3,3,3,full_6d,2210497206,,,nan,,False,,31.23659453401342,0.001258016950080848,0.001258016950080848,3.0336696459212234e-05,4.397076491770901e-05,8.93955277237237e-13,4.55917573879939,False,oracle_init_vp,global_exact_spherical_vp,,False,,adaptive_jones,cupy,True,0,cupy,cupy.linalg.solve,explicit,matrix_free,analytic_reduced_vp_explicit_gradient,False,matrix_free_cpu_only_gpu_backend,,0,0,0,0,,,,,,fixed_pol_anchor,False,,fixed_pol_anchor,nan,nan,nan,nan,False,3,4,3096725.458075429,3096733.3915137504,"[51.4668503012984,35.324060601055386,18.970224362905206]","[0.01942998248570314,0.02830931617003281,0.05271418939759362]","[2.4600228508563305e-09,4.0542843677014136e-09,3.9738283942527404e-08]",oracle_init_vp,"[""oracle_truth_initialization""]",nan,,,nan,nan,nan,nan,,0.0,31.23506594914943,31.23506594914943,nan,nan,nan,nan,nan,nan,nan,,,nan,nan,nan,nan,nan,nan,nan,nan,nan,,,,nan,nan,nan,nan,nan,,False,,nan,,,nan,nan,nan,,,,,,,,nan,nan,nan,nan,nan,nan,False,,,,,,,,,nan,nan,nan,nan,,,,[],False,nan,nan,nan,,,nan,nan,nan,False,nan,,,False,,nan,nan,,,nan,nan,nan,False,nan,,,,False,nan,nan,,nan,nan,,,legacy_multistart,
fig5,direct_vp,3,3422926171,-10.0,snr_db,-10.0,3,3,3,3,full_6d,3422926171,,,nan,,False,,58.48811929905787,0.0016216954508769465,0.0016216954508769465,0.00011416925827453885,0.0007557274595990822,4.003563873405477e-12,2.7814473116160228,False,direct_vp,global_exact_spherical_vp,proposed_post_stage1,False,5d4dc17e547f7693,adaptive_jones,cpu,False,,legacy_least_squares,cpu,explicit,,legacy_least_squares_numerical,False,,,0,0,,,,,,,,fixed_pol_anchor,True,fixed_anchor_then_adaptive_jones_score_selection,fixed_pol_anchor,20.99951531950481,88.35771911034011,44.55248141779389,0.0,True,3,4,3097639.5440525394,nan,"[88.35771911034011,24.30020982353674,20.99951531950481]","[0.011317630309841448,0.04115190803855192,0.0476201466921562]",,direct_vp,"[""poor_clock_consistency""]",3097490.0859771105,3096560,True,858433.2131158204,79.12498405344836,4.328387156788132,0.24464358304165423,"[4.720806514098859,4.774120935080638,5.264373147643824]",26.85644242912531,53.08605894003995,80.66611383715644,nan,nan,nan,nan,nan,nan,nan,,,nan,nan,nan,nan,nan,nan,nan,nan,nan,,,,nan,nan,nan,nan,nan,,False,,nan,,,nan,nan,nan,,,,,,,,0.0016216954508769465,0.00011416925827453885,2.7814473116160228,nan,nan,nan,False,not_run,not_requested,"[88.35771911034011,24.30020982353674,20.99951531950481]","[0.011317630309841448,0.04115190803855192,0.0476201466921562]",,,,,858433.2131158204,79.12498405344836,nan,nan,ris_only_stage2_then_vp,direct_vp,True,"[""poor_clock_consistency""]",False,1.0,nan,nan,,,nan,nan,nan,False,nan,,,False,,nan,nan,,,nan,nan,nan,False,nan,,,,False,nan,nan,reliability_gated,nan,nan,,decoupled_robust,legacy_multistart,0.0
fig5,old_gated,3,3422926171,-10.0,snr_db,-10.0,3,3,3,3,full_6d,3422926171,,,nan,,False,,58.44263877696358,0.0016216954508769465,0.0016216954508769465,0.00011416925827453885,0.0007557274595990822,4.003563873405477e-12,2.7814473116160228,False,direct_vp,global_exact_spherical_vp,main_single_proposed,True,cc38611b8d02938f,adaptive_jones,cpu,False,,legacy_least_squares,cpu,explicit,,legacy_least_squares_numerical,False,,,0,0,,,,,,,,fixed_pol_anchor,True,fixed_anchor_then_adaptive_jones_score_selection,fixed_pol_anchor,20.99951531950481,88.35771911034011,44.55248141779389,0.0,True,3,4,3097639.5440525394,nan,"[88.35771911034011,24.30020982353674,20.99951531950481]","[0.011317630309841448,0.04115190803855192,0.0476201466921562]",,direct_vp,"[""poor_clock_consistency""]",3097490.0859771105,3096560,True,858433.2131158204,79.12498405344836,4.328387156788132,0.24464358304165423,"[4.720806514098859,4.774120935080638,5.264373147643824]",26.85644242912531,53.2905817150604,80.8706366121769,nan,nan,nan,nan,nan,nan,nan,,,nan,nan,nan,nan,nan,nan,nan,nan,nan,,,,nan,nan,nan,nan,nan,,False,,nan,,,nan,nan,nan,,,,,,,,0.0016216954508769465,0.00011416925827453885,2.7814473116160228,nan,nan,nan,False,not_run,not_requested,"[88.35771911034011,24.30020982353674,20.99951531950481]","[0.011317630309841448,0.04115190803855192,0.0476201466921562]",,,,,858433.2131158204,79.12498405344836,nan,nan,ris_only_stage2_then_vp,direct_vp,True,"[""poor_clock_consistency""]",False,1.0,nan,nan,,,nan,nan,nan,False,nan,,,False,,nan,nan,,,nan,nan,nan,False,nan,,,,False,nan,nan,reliability_gated_ris_only,nan,nan,,decoupled_robust,legacy_multistart,0.0
fig5,adaptive_jones_vp_proposed,3,3422926171,-10.0,snr_db,-10.0,3,3,3,3,full_6d,3422926171,,,nan,,False,,58.86473065591417,0.0016216954508769465,0.0016216954508769465,0.00011416925827453885,0.0007557274595990822,4.003563873405477e-12,2.7814473116160228,False,direct_vp,global_exact_spherical_vp,main_single_proposed,True,049c66c9bb1f611c,adaptive_jones,cpu,False,,legacy_least_squares,cpu,explicit,,legacy_least_squares_numerical,False,,,0,0,,,,,,,,fixed_pol_anchor,True,fixed_anchor_then_adaptive_jones_score_selection,fixed_pol_anchor,20.99951531950481,88.35771911034011,44.55248141779389,0.0,True,3,4,3097639.5440525394,nan,"[88.35771911034011,24.30020982353674,20.99951531950481]","[0.011317630309841448,0.04115190803855192,0.0476201466921562]",,direct_vp,"[""poor_clock_consistency""]",3097490.0859771105,3096560,True,858433.2131158204,79.12498405344836,4.328387156788132,0.24464358304165423,"[4.720806514098859,4.774120935080638,5.264373147643824]",26.85644242912531,53.61581608699635,81.19587098411284,nan,nan,nan,nan,nan,nan,nan,,,nan,nan,nan,nan,nan,nan,nan,nan,nan,,,,nan,nan,nan,nan,nan,,False,,nan,,,nan,nan,nan,,,,,,,,0.0016216954508769465,0.00011416925827453885,2.7814473116160228,nan,nan,nan,False,not_run,not_requested,"[88.35771911034011,24.30020982353674,20.99951531950481]","[0.011317630309841448,0.04115190803855192,0.0476201466921562]",,,,,858433.2131158204,79.12498405344836,nan,nan,ris_only_stage2_then_vp,direct_vp,True,"[""poor_clock_consistency""]",True,1.0,0.36165048410844175,0.36165048410844175,2,data_only_efim_tau_crb,0.17360167148495473,0.0003442557515181148,0.0003442557515181148,True,0.3619947398599599,green,clock_green,False,ngc_green_skip_rescue,nan,nan,2,,nan,nan,nan,False,nan,,candidate_unavailable,ngc_green_skip_rescue,False,9.21034037197618,13.815510557964274,ngc_certified_ris_only,nan,nan,,decoupled_robust,legacy_multistart,0.0
fig5,force_rescue,3,3422926171,-10.0,snr_db,-10.0,3,3,3,3,full_6d,3422926171,,,nan,,False,,132.11500875186175,0.0016216954508769465,0.0016216954508769465,0.00011416925827453885,0.0007557274595990822,4.003563873405477e-12,2.7814473116160228,False,direct_vp_rollback,global_exact_spherical_vp,main_single_proposed,True,05182bed4d9f0bc8,adaptive_jones,cpu,False,,legacy_least_squares,cpu,explicit,,legacy_least_squares_numerical,False,,,0,0,,,,,,,,fixed_pol_anchor,True,fixed_anchor_then_adaptive_jones_score_selection,fixed_pol_anchor,20.99951531950481,88.35771911034011,44.55248141779389,0.0,True,3,4,3097639.5440525394,nan,"[88.35771911034011,24.30020982353674,20.99951531950481]","[0.011317630309841448,0.04115190803855192,0.0476201466921562]",,jnpp_then_vp,"[""poor_clock_consistency""]",3097490.0859771105,3096560,True,858433.2131158204,79.12498405344836,4.328387156788132,0.24464358304165423,"[4.720806514098859,4.774120935080638,5.264373147643824]",26.85644242912531,52.7855948661454,80.3656497632619,nan,nan,nan,nan,nan,nan,nan,,,nan,nan,nan,nan,nan,nan,nan,nan,nan,,,,nan,nan,nan,nan,nan,,False,,nan,,,nan,nan,nan,,,,,,,,0.0016216954508769465,0.00011416925827453885,2.7814473116160228,0.0016218849372756463,0.0001141708639805035,2.781447311615967,True,rollback,existing_selector_rollback,"[88.35771911034011,24.30020982353674,20.99951531950481]","[0.011317630309841448,0.04115190803855192,0.0476201466921562]",,"[88.35771997538423,24.30020978636695,20.999515376918595]","[0.011317630199039025,0.0411519081014982,0.04762014656196021]",,858433.2131158204,79.12498405344836,858433.542329388,79.1249517887294,ris_only_stage2_then_vp,direct_vp,True,"[""poor_clock_consistency""]",False,1.0,nan,nan,,,nan,nan,nan,False,nan,,,False,,nan,nan,,,nan,nan,nan,False,nan,,,,False,nan,nan,force_ris_only,0.0025491936264912377,0.17346907798891575,3,decoupled_robust,legacy_multistart,0.0
fig5,oracle_init_vp,3,3422926171,-10.0,snr_db,-10.0,3,3,3,3,full_6d,3422926171,,,nan,,False,,24.261622418882325,0.001621762978826133,0.001621762978826133,0.00011416304742238636,0.0007556527858619161,4.00342298001299e-12,2.7814473116160903,False,oracle_init_vp,global_exact_spherical_vp,,False,,adaptive_jones,cupy,True,0,cupy,cupy.linalg.solve,explicit,matrix_free,analytic_reduced_vp_explicit_gradient,False,matrix_free_cpu_only_gpu_backend,,0,0,0,0,,,,,,fixed_pol_anchor,False,,fixed_pol_anchor,nan,nan,nan,nan,False,3,4,3096725.458075429,3096753.182998368,"[88.38380033004073,24.30738303218509,21.005714164599283]","[0.011314290584670941,0.04113976394133444,0.047606093853466036]","[4.4790121470098986e-08,8.868483239446579e-08,2.4915011508564774e-08]",oracle_init_vp,"[""oracle_truth_initialization""]",nan,,,nan,nan,nan,nan,,0.0,24.260027796961367,24.260027796961367,nan,nan,nan,nan,nan,nan,nan,,,nan,nan,nan,nan,nan,nan,nan,nan,nan,,,,nan,nan,nan,nan,nan,,False,,nan,,,nan,nan,nan,,,,,,,,nan,nan,nan,nan,nan,nan,False,,,,,,,,,nan,nan,nan,nan,,,,[],False,nan,nan,nan,,,nan,nan,nan,False,nan,,,False,,nan,nan,,,nan,nan,nan,False,nan,,,,False,nan,nan,,nan,nan,,,legacy_multistart,
fig5,direct_vp,5,2290547997,-10.0,snr_db,-10.0,3,3,3,3,full_6d,2290547997,,,nan,,False,,58.606174579123035,0.0017092744294566627,0.0017092744294566627,4.4995609389652975e-05,0.00017890852463388666,2.656343005246946e-12,2.72769767622601,False,direct_vp,global_exact_spherical_vp,proposed_post_stage1,False,967fc0b52f06b29a,adaptive_jones,cpu,False,,legacy_least_squares,cpu,explicit,,legacy_least_squares_numerical,False,,,0,0,,,,,,,,fixed_pol_anchor,True,fixed_anchor_then_adaptive_jones_score_selection,fixed_pol_anchor,17.072766512859637,57.924116620308496,38.470284237365625,0.0,True,3,4,3094111.6182962176,nan,"[57.924116620308496,17.072766512859637,40.41396957892875]","[0.01726396634578059,0.05857281532138931,0.02474391925313299]",,direct_vp,"[""poor_clock_consistency""]",3093962.160220789,3096560,True,723093.6043431994,74.46662863878768,5.458433497827361,0.10920526720921822,"[4.857471083432295,5.103144791756096,5.071956060962268]",31.1944422328379,53.38673826097511,85.612741376739,nan,nan,nan,nan,nan,nan,nan,,,nan,nan,nan,nan,nan,nan,nan,nan,nan,,,,nan,nan,nan,nan,nan,,False,,nan,,,nan,nan,nan,,,,,,,,0.0017092744294566627,4.4995609389652975e-05,2.72769767622601,nan,nan,nan,False,not_run,not_requested,"[57.924116620308496,17.072766512859637,40.41396957892875]","[0.01726396634578059,0.05857281532138931,0.02474391925313299]",,,,,723093.6043431994,74.46662863878768,nan,nan,ris_only_stage2_then_vp,direct_vp,True,"[""poor_clock_consistency""]",False,1.0,nan,nan,,,nan,nan,nan,False,nan,,,False,,nan,nan,,,nan,nan,nan,False,nan,,,,False,nan,nan,reliability_gated,nan,nan,,decoupled_robust,legacy_multistart,0.0
fig5,old_gated,5,2290547997,-10.0,snr_db,-10.0,3,3,3,3,full_6d,2290547997,,,nan,,False,,54.04261643998325,0.0017092744294566627,0.0017092744294566627,4.4995609389652975e-05,0.00017890852463388666,2.656343005246946e-12,2.72769767622601,False,direct_vp,global_exact_spherical_vp,main_single_proposed,True,788bc0f4b1008d04,adaptive_jones,cpu,False,,legacy_least_squares,cpu,explicit,,legacy_least_squares_numerical,False,,,0,0,,,,,,,,fixed_pol_anchor,True,fixed_anchor_then_adaptive_jones_score_selection,fixed_pol_anchor,17.072766512859637,57.924116620308496,38.470284237365625,0.0,True,3,4,3094111.6182962176,nan,"[57.924116620308496,17.072766512859637,40.41396957892875]","[0.01726396634578059,0.05857281532138931,0.02474391925313299]",,direct_vp,"[""poor_clock_consistency""]",3093962.160220789,3096560,True,723093.6043431994,74.46662863878768,5.458433497827361,0.10920526720921822,"[4.857471083432295,5.103144791756096,5.071956060962268]",31.1944422328379,49.81850560195744,82.04450871772133,nan,nan,nan,nan,nan,nan,nan,,,nan,nan,nan,nan,nan,nan,nan,nan,nan,,,,nan,nan,nan,nan,nan,,False,,nan,,,nan,nan,nan,,,,,,,,0.0017092744294566627,4.4995609389652975e-05,2.72769767622601,nan,nan,nan,False,not_run,not_requested,"[57.924116620308496,17.072766512859637,40.41396957892875]","[0.01726396634578059,0.05857281532138931,0.02474391925313299]",,,,,723093.6043431994,74.46662863878768,nan,nan,ris_only_stage2_then_vp,direct_vp,True,"[""poor_clock_consistency""]",False,1.0,nan,nan,,,nan,nan,nan,False,nan,,,False,,nan,nan,,,nan,nan,nan,False,nan,,,,False,nan,nan,reliability_gated_ris_only,nan,nan,,decoupled_robust,legacy_multistart,0.0
fig5,adaptive_jones_vp_proposed,5,2290547997,-10.0,snr_db,-10.0,3,3,3,3,full_6d,2290547997,,,nan,,False,,56.36441911617294,0.0017092744294566627,0.0017092744294566627,4.4995609389652975e-05,0.00017890852463388666,2.656343005246946e-12,2.72769767622601,False,direct_vp,global_exact_spherical_vp,main_single_proposed,True,bb0c5b5eb8ee4b4e,adaptive_jones,cpu,False,,legacy_least_squares,cpu,explicit,,legacy_least_squares_numerical,False,,,0,0,,,,,,,,fixed_pol_anchor,True,fixed_anchor_then_adaptive_jones_score_selection,fixed_pol_anchor,17.072766512859637,57.924116620308496,38.470284237365625,0.0,True,3,4,3094111.6182962176,nan,"[57.924116620308496,17.072766512859637,40.41396957892875]","[0.01726396634578059,0.05857281532138931,0.02474391925313299]",,direct_vp,"[""poor_clock_consistency""]",3093962.160220789,3096560,True,723093.6043431994,74.46662863878768,5.458433497827361,0.10920526720921822,"[4.857471083432295,5.103144791756096,5.071956060962268]",31.1944422328379,51.33870092011057,83.56470403587446,nan,nan,nan,nan,nan,nan,nan,,,nan,nan,nan,nan,nan,nan,nan,nan,nan,,,,nan,nan,nan,nan,nan,,False,,nan,,,nan,nan,nan,,,,,,,,0.0017092744294566627,4.4995609389652975e-05,2.72769767622601,nan,nan,nan,False,not_run,not_requested,"[57.924116620308496,17.072766512859637,40.41396957892875]","[0.01726396634578059,0.05857281532138931,0.02474391925313299]",,,,,723093.6043431994,74.46662863878768,nan,nan,ris_only_stage2_then_vp,direct_vp,True,"[""poor_clock_consistency""]",True,1.0,0.13466115389233269,0.13466115389233269,2,data_only_efim_tau_crb,0.10593282222409191,0.00017384024563876855,0.00017384024563876855,True,0.13483499413797145,green,clock_green,False,ngc_green_skip_rescue,nan,nan,2,,nan,nan,nan,False,nan,,candidate_unavailable,ngc_green_skip_rescue,False,9.21034037197618,13.815510557964274,ngc_certified_ris_only,nan,nan,,decoupled_robust,legacy_multistart,0.0
fig5,force_rescue,5,2290547997,-10.0,snr_db,-10.0,3,3,3,3,full_6d,2290547997,,,nan,,False,,129.8222186260391,0.0017092744294566627,0.0017092744294566627,4.4995609389652975e-05,0.00017890852463388666,2.656343005246946e-12,2.72769767622601,False,direct_vp_rollback,global_exact_spherical_vp,main_single_proposed,True,aae4ad09fc9cd557,adaptive_jones,cpu,False,,legacy_least_squares,cpu,explicit,,legacy_least_squares_numerical,False,,,0,0,,,,,,,,fixed_pol_anchor,True,fixed_anchor_then_adaptive_jones_score_selection,fixed_pol_anchor,17.072766512859637,57.924116620308496,38.470284237365625,0.0,True,3,4,3094111.6182962176,nan,"[57.924116620308496,17.072766512859637,40.41396957892875]","[0.01726396634578059,0.05857281532138931,0.02474391925313299]",,jnpp_then_vp,"[""poor_clock_consistency""]",3093962.160220789,3096560,True,723093.6043431994,74.46662863878768,5.458433497827361,0.10920526720921822,"[4.857471083432295,5.103144791756096,5.071956060962268]",31.1944422328379,53.10048059816472,85.32648371392861,nan,nan,nan,nan,nan,nan,nan,,,nan,nan,nan,nan,nan,nan,nan,nan,nan,,,,nan,nan,nan,nan,nan,,False,,nan,,,nan,nan,nan,,,,,,,,0.0017092744294566627,4.4995609389652975e-05,2.72769767622601,0.0017096139453348438,4.49950030609174e-05,2.727697676226959,True,rollback,existing_selector_rollback,"[57.924116620308496,17.072766512859637,40.41396957892875]","[0.01726396634578059,0.05857281532138931,0.02474391925313299]",,"[57.9241114994365,17.07276707868153,40.41397025275433]","[0.01726396787202863,0.05857281338018194,0.02474391884057551]",,723093.6043431994,74.46662863878768,723094.6299189614,74.46651395350861,ris_only_stage2_then_vp,direct_vp,True,"[""poor_clock_consistency""]",False,1.0,nan,nan,,,nan,nan,nan,False,nan,,,False,,nan,nan,,,nan,nan,nan,False,nan,,,,False,nan,nan,force_ris_only,0.00023462119331936127,0.026360439476963562,3,decoupled_robust,legacy_multistart,0.0
fig5,oracle_init_vp,5,2290547997,-10.0,snr_db,-10.0,3,3,3,3,full_6d,2290547997,,,nan,,False,,34.26752301608212,0.0017092065784323008,0.0017092065784323008,4.49945442111052e-05,0.00017890702379652003,2.6562812947125933e-12,2.727697676226015,False,oracle_init_vp,global_exact_spherical_vp,,False,,adaptive_jones,cupy,True,0,cupy,cupy.linalg.solve,explicit,matrix_free,analytic_reduced_vp_explicit_gradient,False,matrix_free_cpu_only_gpu_backend,,0,0,0,0,,,,,,fixed_pol_anchor,False,,fixed_pol_anchor,nan,nan,nan,nan,False,3,4,3096725.458075429,3096736.039180967,"[57.87522252445844,17.05835528078203,40.37985586996453]","[0.017278551275021335,0.05862229878102863,0.02476482341046302]","[1.7857497608543524e-08,3.859068038174922e-08,2.596946366662461e-09]",oracle_init_vp,"[""oracle_truth_initialization""]",nan,,,nan,nan,nan,nan,,0.0,34.26594053208828,34.26594053208828,nan,nan,nan,nan,nan,nan,nan,,,nan,nan,nan,nan,nan,nan,nan,nan,nan,,,,nan,nan,nan,nan,nan,,False,,nan,,,nan,nan,nan,,,,,,,,nan,nan,nan,nan,nan,nan,False,,,,,,,,,nan,nan,nan,nan,,,,[],False,nan,nan,nan,,,nan,nan,nan,False,nan,,,False,,nan,nan,,,nan,nan,nan,False,nan,,,,False,nan,nan,,nan,nan,,,legacy_multistart,
fig5,direct_vp,2,3251202663,-10.0,snr_db,-10.0,3,3,3,3,full_6d,3251202663,,,nan,,False,,58.64979716879316,0.00047214479726695317,0.00047214479726695317,8.112448920932561e-05,0.0003619727979359307,6.643604218675124e-13,2.2850568427675833,False,direct_vp,global_exact_spherical_vp,proposed_post_stage1,False,cdee0133fdd313ca,adaptive_jones,cpu,False,,legacy_least_squares,cpu,explicit,,legacy_least_squares_numerical,False,,,0,0,,,,,,,,fixed_pol_anchor,True,fixed_anchor_then_adaptive_jones_score_selection,fixed_pol_anchor,21.600939876031745,60.402316954059444,36.21670959786905,0.0,True,3,4,3094017.0718216985,nan,"[60.402316954059444,21.600939876031745,26.646871963515956]","[0.016555656311995015,0.04629428190242742,0.03752785697857974]",,direct_vp,"[""poor_clock_consistency""]",3093867.6137462696,3096560,True,845274.8921182699,73.89596290812011,7.4742425680494735,0.12318082329996717,"[4.7743257856286485,5.033154820557237,5.038040215744855]",27.442660170141608,53.121297887992114,81.30482893390581,nan,nan,nan,nan,nan,nan,nan,,,nan,nan,nan,nan,nan,nan,nan,nan,nan,,,,nan,nan,nan,nan,nan,,False,,nan,,,nan,nan,nan,,,,,,,,0.00047214479726695317,8.112448920932561e-05,2.2850568427675833,nan,nan,nan,False,not_run,not_requested,"[60.402316954059444,21.600939876031745,26.646871963515956]","[0.016555656311995015,0.04629428190242742,0.03752785697857974]",,,,,845274.8921182699,73.89596290812011,nan,nan,ris_only_stage2_then_vp,direct_vp,True,"[""poor_clock_consistency""]",False,1.0,nan,nan,,,nan,nan,nan,False,nan,,,False,,nan,nan,,,nan,nan,nan,False,nan,,,,False,nan,nan,reliability_gated,nan,nan,,decoupled_robust,legacy_multistart,0.0
fig5,old_gated,2,3251202663,-10.0,snr_db,-10.0,3,3,3,3,full_6d,3251202663,,,nan,,False,,58.901173344114795,0.00047214479726695317,0.00047214479726695317,8.112448920932561e-05,0.0003619727979359307,6.643604218675124e-13,2.2850568427675833,False,direct_vp,global_exact_spherical_vp,main_single_proposed,True,814b77bb43217d74,adaptive_jones,cpu,False,,legacy_least_squares,cpu,explicit,,legacy_least_squares_numerical,False,,,0,0,,,,,,,,fixed_pol_anchor,True,fixed_anchor_then_adaptive_jones_score_selection,fixed_pol_anchor,21.600939876031745,60.402316954059444,36.21670959786905,0.0,True,3,4,3094017.0718216985,nan,"[60.402316954059444,21.600939876031745,26.646871963515956]","[0.016555656311995015,0.04629428190242742,0.03752785697857974]",,direct_vp,"[""poor_clock_consistency""]",3093867.6137462696,3096560,True,845274.8921182699,73.89596290812011,7.4742425680494735,0.12318082329996717,"[4.7743257856286485,5.033154820557237,5.038040215744855]",27.442660170141608,53.69099701498635,81.87452806090005,nan,nan,nan,nan,nan,nan,nan,,,nan,nan,nan,nan,nan,nan,nan,nan,nan,,,,nan,nan,nan,nan,nan,,False,,nan,,,nan,nan,nan,,,,,,,,0.00047214479726695317,8.112448920932561e-05,2.2850568427675833,nan,nan,nan,False,not_run,not_requested,"[60.402316954059444,21.600939876031745,26.646871963515956]","[0.016555656311995015,0.04629428190242742,0.03752785697857974]",,,,,845274.8921182699,73.89596290812011,nan,nan,ris_only_stage2_then_vp,direct_vp,True,"[""poor_clock_consistency""]",False,1.0,nan,nan,,,nan,nan,nan,False,nan,,,False,,nan,nan,,,nan,nan,nan,False,nan,,,,False,nan,nan,reliability_gated_ris_only,nan,nan,,decoupled_robust,legacy_multistart,0.0
fig5,adaptive_jones_vp_proposed,2,3251202663,-10.0,snr_db,-10.0,3,3,3,3,full_6d,3251202663,,,nan,,False,,58.25626613595523,0.00047214479726695317,0.00047214479726695317,8.112448920932561e-05,0.0003619727979359307,6.643604218675124e-13,2.2850568427675833,False,direct_vp,global_exact_spherical_vp,main_single_proposed,True,d971e1ca67ee80fd,adaptive_jones,cpu,False,,legacy_least_squares,cpu,explicit,,legacy_least_squares_numerical,False,,,0,0,,,,,,,,fixed_pol_anchor,True,fixed_anchor_then_adaptive_jones_score_selection,fixed_pol_anchor,21.600939876031745,60.402316954059444,36.21670959786905,0.0,True,3,4,3094017.0718216985,nan,"[60.402316954059444,21.600939876031745,26.646871963515956]","[0.016555656311995015,0.04629428190242742,0.03752785697857974]",,direct_vp,"[""poor_clock_consistency""]",3093867.6137462696,3096560,True,845274.8921182699,73.89596290812011,7.4742425680494735,0.12318082329996717,"[4.7743257856286485,5.033154820557237,5.038040215744855]",27.442660170141608,53.261971415020525,81.44550246093422,nan,nan,nan,nan,nan,nan,nan,,,nan,nan,nan,nan,nan,nan,nan,nan,nan,,,,nan,nan,nan,nan,nan,,False,,nan,,,nan,nan,nan,,,,,,,,0.00047214479726695317,8.112448920932561e-05,2.2850568427675833,nan,nan,nan,False,not_run,not_requested,"[60.402316954059444,21.600939876031745,26.646871963515956]","[0.016555656311995015,0.04629428190242742,0.03752785697857974]",,,,,845274.8921182699,73.89596290812011,nan,nan,ris_only_stage2_then_vp,direct_vp,True,"[""poor_clock_consistency""]",True,1.0,0.03985564912244746,0.03985564912244746,2,data_only_efim_tau_crb,0.05763075648937197,0.00038000042822565716,0.00038000042822565716,True,0.04023564955067312,green,clock_green,False,ngc_green_skip_rescue,nan,nan,2,,nan,nan,nan,False,nan,,candidate_unavailable,ngc_green_skip_rescue,False,9.21034037197618,13.815510557964274,ngc_certified_ris_only,nan,nan,,decoupled_robust,legacy_multistart,0.0
fig5,force_rescue,2,3251202663,-10.0,snr_db,-10.0,3,3,3,3,full_6d,3251202663,,,nan,,False,,130.11124122305773,0.00047214479726695317,0.00047214479726695317,8.112448920932561e-05,0.0003619727979359307,6.643604218675124e-13,2.2850568427675833,False,direct_vp_rollback,global_exact_spherical_vp,main_single_proposed,True,1f9fe9671df9c597,adaptive_jones,cpu,False,,legacy_least_squares,cpu,explicit,,legacy_least_squares_numerical,False,,,0,0,,,,,,,,fixed_pol_anchor,True,fixed_anchor_then_adaptive_jones_score_selection,fixed_pol_anchor,21.600939876031745,60.402316954059444,36.21670959786905,0.0,True,3,4,3094017.0718216985,nan,"[60.402316954059444,21.600939876031745,26.646871963515956]","[0.016555656311995015,0.04629428190242742,0.03752785697857974]",,jnpp_then_vp,"[""poor_clock_consistency""]",3093867.6137462696,3096560,True,845274.8921182699,73.89596290812011,7.4742425680494735,0.12318082329996717,"[4.7743257856286485,5.033154820557237,5.038040215744855]",27.442660170141608,53.062634136062115,81.24616518197581,nan,nan,nan,nan,nan,nan,nan,,,nan,nan,nan,nan,nan,nan,nan,nan,nan,,,,nan,nan,nan,nan,nan,,False,,nan,,,nan,nan,nan,,,,,,,,0.00047214479726695317,8.112448920932561e-05,2.2850568427675833,0.000472287552418794,8.111679046386571e-05,2.285056842768556,True,rollback,existing_selector_rollback,"[60.402316954059444,21.600939876031745,26.646871963515956]","[0.016555656311995015,0.04629428190242742,0.03752785697857974]",,"[60.40231830192831,21.60093995727201,26.646871599111027]","[0.016555655942557975,0.04629428172831648,0.037527857491785804]",,845274.8921182699,73.89596290812011,845274.127139238,73.89603332925121,ris_only_stage2_then_vp,direct_vp,True,"[""poor_clock_consistency""]",False,1.0,nan,nan,,,nan,nan,nan,False,nan,,,False,,nan,nan,,,nan,nan,nan,False,nan,,,,False,nan,nan,force_ris_only,0.00036603545327764834,0.03476063674738102,3,decoupled_robust,legacy_multistart,0.0
fig5,oracle_init_vp,2,3251202663,-10.0,snr_db,-10.0,3,3,3,3,full_6d,3251202663,,,nan,,False,,33.69851588085294,0.00047209698000500724,0.00047209698000500724,8.111709117604455e-05,0.00036191237355229206,6.638344178503843e-13,2.2850568427679274,False,oracle_init_vp,global_exact_spherical_vp,,False,,adaptive_jones,cupy,True,0,cupy,cupy.linalg.solve,explicit,matrix_free,analytic_reduced_vp_explicit_gradient,False,matrix_free_cpu_only_gpu_backend,,0,0,0,0,,,,,,fixed_pol_anchor,False,,fixed_pol_anchor,nan,nan,nan,nan,False,3,4,3096725.458075429,3096742.616889522,"[60.349487351505985,21.58204688847674,26.623565745921358]","[0.016570149040623063,0.046334808053463454,0.03756070879148009]","[6.545034848579129e-08,2.0766843035401652e-08,2.777856652050738e-09]",oracle_init_vp,"[""oracle_truth_initialization""]",nan,,,nan,nan,nan,nan,,0.0,33.69681986793876,33.69681986793876,nan,nan,nan,nan,nan,nan,nan,,,nan,nan,nan,nan,nan,nan,nan,nan,nan,,,,nan,nan,nan,nan,nan,,False,,nan,,,nan,nan,nan,,,,,,,,nan,nan,nan,nan,nan,nan,False,,,,,,,,,nan,nan,nan,nan,,,,[],False,nan,nan,nan,,,nan,nan,nan,False,nan,,,False,,nan,nan,,,nan,nan,nan,False,nan,,,,False,nan,nan,,nan,nan,,,legacy_multistart,
fig5,direct_vp,6,1919806993,-10.0,snr_db,-10.0,3,3,3,3,full_6d,1919806993,,,nan,,False,,58.42904993798584,0.00034926579066108356,0.00034926579066108356,2.295246025928244e-05,9.314694227767993e-05,1.0344012691715932e-12,4.198014961110691,False,direct_vp,global_exact_spherical_vp,proposed_post_stage1,False,c1c7162f06c1d3ab,adaptive_jones,cpu,False,,legacy_least_squares,cpu,explicit,,legacy_least_squares_numerical,False,,,0,0,,,,,,,,fixed_pol_anchor,True,fixed_anchor_then_adaptive_jones_score_selection,fixed_pol_anchor,17.965241106348884,237.4274450907132,93.4147354346909,0.0,True,3,4,3095503.9309700117,nan,"[24.85152010701062,237.4274450907132,17.965241106348884]","[0.04023898721966099,0.004211812999885103,0.055663043655374965]",,direct_vp,"[""poor_clock_consistency""]",3095354.472894583,3096560,True,824738.2973608536,72.27160840020822,7.802357385012215,0.1998496405568166,"[5.350346316931471,5.042960140975473,4.866706628938469]",25.904292779043317,52.98782198992558,79.78622875106521,nan,nan,nan,nan,nan,nan,nan,,,nan,nan,nan,nan,nan,nan,nan,nan,nan,,,,nan,nan,nan,nan,nan,,False,,nan,,,nan,nan,nan,,,,,,,,0.00034926579066108356,2.295246025928244e-05,4.198014961110691,nan,nan,nan,False,not_run,not_requested,"[24.85152010701062,237.4274450907132,17.965241106348884]","[0.04023898721966099,0.004211812999885103,0.055663043655374965]",,,,,824738.2973608536,72.27160840020822,nan,nan,ris_only_stage2_then_vp,direct_vp,True,"[""poor_clock_consistency""]",False,1.0,nan,nan,,,nan,nan,nan,False,nan,,,False,,nan,nan,,,nan,nan,nan,False,nan,,,,False,nan,nan,reliability_gated,nan,nan,,decoupled_robust,legacy_multistart,0.0
fig5,old_gated,6,1919806993,-10.0,snr_db,-10.0,3,3,3,3,full_6d,1919806993,,,nan,,False,,58.116275200853124,0.00034926579066108356,0.00034926579066108356,2.295246025928244e-05,9.314694227767993e-05,1.0344012691715932e-12,4.198014961110691,False,direct_vp,global_exact_spherical_vp,main_single_proposed,True,9043ec88f29acb30,adaptive_jones,cpu,False,,legacy_least_squares,cpu,explicit,,legacy_least_squares_numerical,False,,,0,0,,,,,,,,fixed_pol_anchor,True,fixed_anchor_then_adaptive_jones_score_selection,fixed_pol_anchor,17.965241106348884,237.4274450907132,93.4147354346909,0.0,True,3,4,3095503.9309700117,nan,"[24.85152010701062,237.4274450907132,17.965241106348884]","[0.04023898721966099,0.004211812999885103,0.055663043655374965]",,direct_vp,"[""poor_clock_consistency""]",3095354.472894583,3096560,True,824738.2973608536,72.27160840020822,7.802357385012215,0.1998496405568166,"[5.350346316931471,5.042960140975473,4.866706628938469]",25.904292779043317,52.867691492894664,79.6660982540343,nan,nan,nan,nan,nan,nan,nan,,,nan,nan,nan,nan,nan,nan,nan,nan,nan,,,,nan,nan,nan,nan,nan,,False,,nan,,,nan,nan,nan,,,,,,,,0.00034926579066108356,2.295246025928244e-05,4.198014961110691,nan,nan,nan,False,not_run,not_requested,"[24.85152010701062,237.4274450907132,17.965241106348884]","[0.04023898721966099,0.004211812999885103,0.055663043655374965]",,,,,824738.2973608536,72.27160840020822,nan,nan,ris_only_stage2_then_vp,direct_vp,True,"[""poor_clock_consistency""]",False,1.0,nan,nan,,,nan,nan,nan,False,nan,,,False,,nan,nan,,,nan,nan,nan,False,nan,,,,False,nan,nan,reliability_gated_ris_only,nan,nan,,decoupled_robust,legacy_multistart,0.0
fig5,adaptive_jones_vp_proposed,6,1919806993,-10.0,snr_db,-10.0,3,3,3,3,full_6d,1919806993,,,nan,,False,,58.105541947996244,0.00034926579066108356,0.00034926579066108356,2.295246025928244e-05,9.314694227767993e-05,1.0344012691715932e-12,4.198014961110691,False,direct_vp,global_exact_spherical_vp,main_single_proposed,True,e61f7385f8cd2928,adaptive_jones,cpu,False,,legacy_least_squares,cpu,explicit,,legacy_least_squares_numerical,False,,,0,0,,,,,,,,fixed_pol_anchor,True,fixed_anchor_then_adaptive_jones_score_selection,fixed_pol_anchor,17.965241106348884,237.4274450907132,93.4147354346909,0.0,True,3,4,3095503.9309700117,nan,"[24.85152010701062,237.4274450907132,17.965241106348884]","[0.04023898721966099,0.004211812999885103,0.055663043655374965]",,direct_vp,"[""poor_clock_consistency""]",3095354.472894583,3096560,True,824738.2973608536,72.27160840020822,7.802357385012215,0.1998496405568166,"[5.350346316931471,5.042960140975473,4.866706628938469]",25.904292779043317,52.743751507019624,79.54215826815926,nan,nan,nan,nan,nan,nan,nan,,,nan,nan,nan,nan,nan,nan,nan,nan,nan,,,,nan,nan,nan,nan,nan,,False,,nan,,,nan,nan,nan,,,,,,,,0.00034926579066108356,2.295246025928244e-05,4.198014961110691,nan,nan,nan,False,not_run,not_requested,"[24.85152010701062,237.4274450907132,17.965241106348884]","[0.04023898721966099,0.004211812999885103,0.055663043655374965]",,,,,824738.2973608536,72.27160840020822,nan,nan,ris_only_stage2_then_vp,direct_vp,True,"[""poor_clock_consistency""]",True,1.0,0.48170130537059597,0.48170130537059597,2,data_only_efim_tau_crb,0.20035412510739495,0.0002584054791028332,0.0002584054791028332,True,0.4819597108496988,green,clock_green,False,ngc_green_skip_rescue,nan,nan,2,,nan,nan,nan,False,nan,,candidate_unavailable,ngc_green_skip_rescue,False,9.21034037197618,13.815510557964274,ngc_certified_ris_only,nan,nan,,decoupled_robust,legacy_multistart,0.0
fig5,force_rescue,6,1919806993,-10.0,snr_db,-10.0,3,3,3,3,full_6d,1919806993,,,nan,,False,,135.2861863160506,0.00034926579066108356,0.00034926579066108356,2.295246025928244e-05,9.314694227767993e-05,1.0344012691715932e-12,4.198014961110691,False,direct_vp_rollback,global_exact_spherical_vp,main_single_proposed,True,57af97c137c31640,adaptive_jones,cpu,False,,legacy_least_squares,cpu,explicit,,legacy_least_squares_numerical,False,,,0,0,,,,,,,,fixed_pol_anchor,True,fixed_anchor_then_adaptive_jones_score_selection,fixed_pol_anchor,17.965241106348884,237.4274450907132,93.4147354346909,0.0,True,3,4,3095503.9309700117,nan,"[24.85152010701062,237.4274450907132,17.965241106348884]","[0.04023898721966099,0.004211812999885103,0.055663043655374965]",,jnpp_then_vp,"[""poor_clock_consistency""]",3095354.472894583,3096560,True,824738.2973608536,72.27160840020822,7.802357385012215,0.1998496405568166,"[5.350346316931471,5.042960140975473,4.866706628938469]",25.904292779043317,52.52858610707335,79.32699286821298,nan,nan,nan,nan,nan,nan,nan,,,nan,nan,nan,nan,nan,nan,nan,nan,nan,,,,nan,nan,nan,nan,nan,,False,,nan,,,nan,nan,nan,,,,,,,,0.00034926579066108356,2.295246025928244e-05,4.198014961110691,0.0003492548358099969,2.295216060491492e-05,4.198014961110678,True,rollback,existing_selector_rollback,"[24.85152010701062,237.4274450907132,17.965241106348884]","[0.04023898721966099,0.004211812999885103,0.055663043655374965]",,"[24.85152009430808,237.427446573452,17.96524109380868]","[0.040238987240228646,0.0042118129735822536,0.05566304369422922]",,824738.2973608536,72.27160840020822,824738.3494866592,72.27160512019398,ris_only_stage2_then_vp,direct_vp,True,"[""poor_clock_consistency""]",False,1.0,nan,nan,,,nan,nan,nan,False,nan,,,False,,nan,nan,,,nan,nan,nan,False,nan,,,,False,nan,nan,force_ris_only,0.00038398236351837306,0.08009513773444456,3,decoupled_robust,legacy_multistart,0.0
fig5,oracle_init_vp,6,1919806993,-10.0,snr_db,-10.0,3,3,3,3,full_6d,1919806993,,,nan,,False,,32.85893548303284,0.00034922900005346434,0.00034922900005346434,2.294971088805652e-05,9.31685738861459e-05,1.0343467851097646e-12,4.198014961110712,False,oracle_init_vp,global_exact_spherical_vp,,False,,adaptive_jones,cupy,True,0,cupy,cupy.linalg.solve,explicit,matrix_free,analytic_reduced_vp_explicit_gradient,False,matrix_free_cpu_only_gpu_backend,,0,0,0,0,,,,,,fixed_pol_anchor,False,,fixed_pol_anchor,nan,nan,nan,nan,False,3,4,3096725.458075429,3096733.2449063594,"[24.841716793774975,237.3337850466406,17.958154225732244]","[0.04025486677417343,0.00421347512561748,0.05568501013033631]","[4.1279667519885934e-09,5.144897284837613e-09,1.1463518876864938e-08]",oracle_init_vp,"[""oracle_truth_initialization""]",nan,,,nan,nan,nan,nan,,0.0,32.85738699603826,32.85738699603826,nan,nan,nan,nan,nan,nan,nan,,,nan,nan,nan,nan,nan,nan,nan,nan,nan,,,,nan,nan,nan,nan,nan,,False,,nan,,,nan,nan,nan,,,,,,,,nan,nan,nan,nan,nan,nan,False,,,,,,,,,nan,nan,nan,nan,,,,[],False,nan,nan,nan,,,nan,nan,nan,False,nan,,,False,,nan,nan,,,nan,nan,nan,False,nan,,,,False,nan,nan,,nan,nan,,,legacy_multistart,
fig5,direct_vp,15,2734808712,-10.0,snr_db,-10.0,3,3,3,3,full_6d,2734808712,,,nan,,False,,58.422329001128674,0.0012986997001384868,0.0012986997001384868,4.7718702031599153e-05,0.0005532199918859646,5.132178007959666e-12,1.1545138876721461,False,direct_vp,global_exact_spherical_vp,proposed_post_stage1,False,98def6c21c7224fe,adaptive_jones,cpu,False,,legacy_least_squares,cpu,explicit,,legacy_least_squares_numerical,False,,,0,0,,,,,,,,fixed_pol_anchor,True,fixed_anchor_then_adaptive_jones_score_selection,fixed_pol_anchor,20.285755879909768,110.37952815135718,51.68471880208357,0.0,True,3,4,3099516.921676705,nan,"[110.37952815135718,20.285755879909768,24.38887237498378]","[0.009059650975481406,0.049295673570146616,0.04100230566630599]",,direct_vp,"[""poor_clock_consistency""]",3099367.4636012763,3096560,True,865620.9924370144,70.13212940216357,3.233104322509101,0.48496247465399295,"[4.115257028666711,5.173604861813497,5.111628554669444]",29.20322849485092,53.0386084059719,82.99494987586513,nan,nan,nan,nan,nan,nan,nan,,,nan,nan,nan,nan,nan,nan,nan,nan,nan,,,,nan,nan,nan,nan,nan,,False,,nan,,,nan,nan,nan,,,,,,,,0.0012986997001384868,4.7718702031599153e-05,1.1545138876721461,nan,nan,nan,False,not_run,not_requested,"[110.37952815135718,20.285755879909768,24.38887237498378]","[0.009059650975481406,0.049295673570146616,0.04100230566630599]",,,,,865620.9924370144,70.13212940216357,nan,nan,ris_only_stage2_then_vp,direct_vp,True,"[""poor_clock_consistency""]",False,1.0,nan,nan,,,nan,nan,nan,False,nan,,,False,,nan,nan,,,nan,nan,nan,False,nan,,,,False,nan,nan,reliability_gated,nan,nan,,decoupled_robust,legacy_multistart,0.0
fig5,old_gated,15,2734808712,-10.0,snr_db,-10.0,3,3,3,3,full_6d,2734808712,,,nan,,False,,58.58294747909531,0.0012986997001384868,0.0012986997001384868,4.7718702031599153e-05,0.0005532199918859646,5.132178007959666e-12,1.1545138876721461,False,direct_vp,global_exact_spherical_vp,main_single_proposed,True,ed81e3988e3ebfef,adaptive_jones,cpu,False,,legacy_least_squares,cpu,explicit,,legacy_least_squares_numerical,False,,,0,0,,,,,,,,fixed_pol_anchor,True,fixed_anchor_then_adaptive_jones_score_selection,fixed_pol_anchor,20.285755879909768,110.37952815135718,51.68471880208357,0.0,True,3,4,3099516.921676705,nan,"[110.37952815135718,20.285755879909768,24.38887237498378]","[0.009059650975481406,0.049295673570146616,0.04100230566630599]",,direct_vp,"[""poor_clock_consistency""]",3099367.4636012763,3096560,True,865620.9924370144,70.13212940216357,3.233104322509101,0.48496247465399295,"[4.115257028666711,5.173604861813497,5.111628554669444]",29.20322849485092,53.62104542599991,83.57738689589314,nan,nan,nan,nan,nan,nan,nan,,,nan,nan,nan,nan,nan,nan,nan,nan,nan,,,,nan,nan,nan,nan,nan,,False,,nan,,,nan,nan,nan,,,,,,,,0.0012986997001384868,4.7718702031599153e-05,1.1545138876721461,nan,nan,nan,False,not_run,not_requested,"[110.37952815135718,20.285755879909768,24.38887237498378]","[0.009059650975481406,0.049295673570146616,0.04100230566630599]",,,,,865620.9924370144,70.13212940216357,nan,nan,ris_only_stage2_then_vp,direct_vp,True,"[""poor_clock_consistency""]",False,1.0,nan,nan,,,nan,nan,nan,False,nan,,,False,,nan,nan,,,nan,nan,nan,False,nan,,,,False,nan,nan,reliability_gated_ris_only,nan,nan,,decoupled_robust,legacy_multistart,0.0
fig5,adaptive_jones_vp_proposed,15,2734808712,-10.0,snr_db,-10.0,3,3,3,3,full_6d,2734808712,,,nan,,False,,58.33486619987525,0.0012986997001384868,0.0012986997001384868,4.7718702031599153e-05,0.0005532199918859646,5.132178007959666e-12,1.1545138876721461,False,direct_vp,global_exact_spherical_vp,main_single_proposed,True,36b75277b5b21d19,adaptive_jones,cpu,False,,legacy_least_squares,cpu,explicit,,legacy_least_squares_numerical,False,,,0,0,,,,,,,,fixed_pol_anchor,True,fixed_anchor_then_adaptive_jones_score_selection,fixed_pol_anchor,20.285755879909768,110.37952815135718,51.68471880208357,0.0,True,3,4,3099516.921676705,nan,"[110.37952815135718,20.285755879909768,24.38887237498378]","[0.009059650975481406,0.049295673570146616,0.04100230566630599]",,direct_vp,"[""poor_clock_consistency""]",3099367.4636012763,3096560,True,865620.9924370144,70.13212940216357,3.233104322509101,0.48496247465399295,"[4.115257028666711,5.173604861813497,5.111628554669444]",29.20322849485092,53.290652862982824,83.24699433287606,nan,nan,nan,nan,nan,nan,nan,,,nan,nan,nan,nan,nan,nan,nan,nan,nan,,,,nan,nan,nan,nan,nan,,False,,nan,,,nan,nan,nan,,,,,,,,0.0012986997001384868,4.7718702031599153e-05,1.1545138876721461,nan,nan,nan,False,not_run,not_requested,"[110.37952815135718,20.285755879909768,24.38887237498378]","[0.009059650975481406,0.049295673570146616,0.04100230566630599]",,,,,865620.9924370144,70.13212940216357,nan,nan,ris_only_stage2_then_vp,direct_vp,True,"[""poor_clock_consistency""]",True,1.0,0.22029490634475765,0.22029490634475765,2,data_only_efim_tau_crb,0.13549136083921787,0.00041852886559504794,0.00041852886559504794,True,0.2207134352103527,green,clock_green,False,ngc_green_skip_rescue,nan,nan,2,,nan,nan,nan,False,nan,,candidate_unavailable,ngc_green_skip_rescue,False,9.21034037197618,13.815510557964274,ngc_certified_ris_only,nan,nan,,decoupled_robust,legacy_multistart,0.0
fig5,force_rescue,15,2734808712,-10.0,snr_db,-10.0,3,3,3,3,full_6d,2734808712,,,nan,,False,,136.13056263909675,0.0012986997001384868,0.0012986997001384868,4.7718702031599153e-05,0.0005532199918859646,5.132178007959666e-12,1.1545138876721461,False,direct_vp_rollback,global_exact_spherical_vp,main_single_proposed,True,7e0d4150f1120fc6,adaptive_jones,cpu,False,,legacy_least_squares,cpu,explicit,,legacy_least_squares_numerical,False,,,0,0,,,,,,,,fixed_pol_anchor,True,fixed_anchor_then_adaptive_jones_score_selection,fixed_pol_anchor,20.285755879909768,110.37952815135718,51.68471880208357,0.0,True,3,4,3099516.921676705,nan,"[110.37952815135718,20.285755879909768,24.38887237498378]","[0.009059650975481406,0.049295673570146616,0.04100230566630599]",,jnpp_then_vp,"[""poor_clock_consistency""]",3099367.4636012763,3096560,True,865620.9924370144,70.13212940216357,3.233104322509101,0.48496247465399295,"[4.115257028666711,5.173604861813497,5.111628554669444]",29.20322849485092,52.903552180854604,82.85989365074784,nan,nan,nan,nan,nan,nan,nan,,,nan,nan,nan,nan,nan,nan,nan,nan,nan,,,,nan,nan,nan,nan,nan,,False,,nan,,,nan,nan,nan,,,,,,,,0.0012986997001384868,4.7718702031599153e-05,1.1545138876721461,0.0012982230491836804,4.7714639445906054e-05,1.1545138876718695,True,rollback,existing_selector_rollback,"[110.37952815135718,20.285755879909768,24.38887237498378]","[0.009059650975481406,0.049295673570146616,0.04100230566630599]",,"[110.37951809450814,20.285755812827215,24.388872906497898]","[0.009059651800920254,0.049295673733161474,0.041002304772730286]",,865620.9924370144,70.13212940216357,865622.1987718272,70.13202253971573,ris_only_stage2_then_vp,direct_vp,True,"[""poor_clock_consistency""]",False,1.0,nan,nan,,,nan,nan,nan,False,nan,,,False,,nan,nan,,,nan,nan,nan,False,nan,,,,False,nan,nan,force_ris_only,0.0022378805313492994,0.1897709590231237,3,decoupled_robust,legacy_multistart,0.0
fig5,oracle_init_vp,15,2734808712,-10.0,snr_db,-10.0,3,3,3,3,full_6d,2734808712,,,nan,,False,,32.58251673984341,0.0012981710209179695,0.0012981710209179695,4.771298066841253e-05,0.0005532812805279695,5.13129198652929e-12,1.1545138876718788,False,oracle_init_vp,global_exact_spherical_vp,,False,,adaptive_jones,cupy,True,0,cupy,cupy.linalg.solve,explicit,matrix_free,analytic_reduced_vp_explicit_gradient,False,matrix_free_cpu_only_gpu_backend,,0,0,0,0,,,,,,fixed_pol_anchor,False,,fixed_pol_anchor,nan,nan,nan,nan,False,3,4,3096725.458075429,3096733.934702295,"[110.47902293389609,20.304042718224185,24.410858695897847]","[0.009051492069113065,0.04925127541630572,0.040965375795798425]","[3.6988831334903155e-10,2.792879233244995e-09,5.6328199822854644e-08]",oracle_init_vp,"[""oracle_truth_initialization""]",nan,,,nan,nan,nan,nan,,0.0,32.58100522402674,32.58100522402674,nan,nan,nan,nan,nan,nan,nan,,,nan,nan,nan,nan,nan,nan,nan,nan,nan,,,,nan,nan,nan,nan,nan,,False,,nan,,,nan,nan,nan,,,,,,,,nan,nan,nan,nan,nan,nan,False,,,,,,,,,nan,nan,nan,nan,,,,[],False,nan,nan,nan,,,nan,nan,nan,False,nan,,,False,,nan,nan,,,nan,nan,nan,False,nan,,,,False,nan,nan,,nan,nan,,,legacy_multistart,
fig5,direct_vp,17,2127997378,-10.0,snr_db,-10.0,3,3,3,3,full_6d,2127997378,,,nan,,False,,74.5855996068567,0.0009427023278767436,0.0009427023278767436,5.5012478158268013e-05,8.45185946594928e-05,7.420154163131427e-13,4.004865708710854,False,direct_vp,global_exact_spherical_vp,proposed_post_stage1,False,e83e5924c1caa122,adaptive_jones,cpu,False,,legacy_least_squares,cpu,explicit,,legacy_least_squares_numerical,False,,,0,0,,,,,,,,fixed_pol_anchor,True,fixed_anchor_then_adaptive_jones_score_selection,fixed_pol_anchor,16.535699373912834,58.03131193736063,39.675158343170494,0.0,True,3,4,3100097.338202358,nan,"[44.45846371823803,16.535699373912834,58.03131193736063]","[0.022492904979649925,0.06047521652220476,0.017232076383545753]",,direct_vp,"[""poor_clock_consistency""]",3099947.8801269294,3096560,True,655563.3451695348,82.91167521691705,4.314554173197007,0.38774979698109546,"[4.7894949632842945,4.804529261344672,5.619450590363958]",24.72313872887753,67.48708712309599,92.92143619386479,nan,nan,nan,nan,nan,nan,nan,,,nan,nan,nan,nan,nan,nan,nan,nan,nan,,,,nan,nan,nan,nan,nan,,False,,nan,,,nan,nan,nan,,,,,,,,0.0009427023278767436,5.5012478158268013e-05,4.004865708710854,nan,nan,nan,False,not_run,not_requested,"[44.45846371823803,16.535699373912834,58.03131193736063]","[0.022492904979649925,0.06047521652220476,0.017232076383545753]",,,,,655563.3451695348,82.91167521691705,nan,nan,ris_only_stage2_then_vp,direct_vp,True,"[""poor_clock_consistency""]",False,1.0,nan,nan,,,nan,nan,nan,False,nan,,,False,,nan,nan,,,nan,nan,nan,False,nan,,,,False,nan,nan,reliability_gated,nan,nan,,decoupled_robust,legacy_multistart,0.0
fig5,old_gated,17,2127997378,-10.0,snr_db,-10.0,3,3,3,3,full_6d,2127997378,,,nan,,False,,77.8967516371049,0.0009427023278767436,0.0009427023278767436,5.5012478158268013e-05,8.45185946594928e-05,7.420154163131427e-13,4.004865708710854,False,direct_vp,global_exact_spherical_vp,main_single_proposed,True,b56e881ddf8b85db,adaptive_jones,cpu,False,,legacy_least_squares,cpu,explicit,,legacy_least_squares_numerical,False,,,0,0,,,,,,,,fixed_pol_anchor,True,fixed_anchor_then_adaptive_jones_score_selection,fixed_pol_anchor,16.535699373912834,58.03131193736063,39.675158343170494,0.0,True,3,4,3100097.338202358,nan,"[44.45846371823803,16.535699373912834,58.03131193736063]","[0.022492904979649925,0.06047521652220476,0.017232076383545753]",,direct_vp,"[""poor_clock_consistency""]",3099947.8801269294,3096560,True,655563.3451695348,82.91167521691705,4.314554173197007,0.38774979698109546,"[4.7894949632842945,4.804529261344672,5.619450590363958]",24.72313872887753,71.11163746495731,96.54598653572612,nan,nan,nan,nan,nan,nan,nan,,,nan,nan,nan,nan,nan,nan,nan,nan,nan,,,,nan,nan,nan,nan,nan,,False,,nan,,,nan,nan,nan,,,,,,,,0.0009427023278767436,5.5012478158268013e-05,4.004865708710854,nan,nan,nan,False,not_run,not_requested,"[44.45846371823803,16.535699373912834,58.03131193736063]","[0.022492904979649925,0.06047521652220476,0.017232076383545753]",,,,,655563.3451695348,82.91167521691705,nan,nan,ris_only_stage2_then_vp,direct_vp,True,"[""poor_clock_consistency""]",False,1.0,nan,nan,,,nan,nan,nan,False,nan,,,False,,nan,nan,,,nan,nan,nan,False,nan,,,,False,nan,nan,reliability_gated_ris_only,nan,nan,,decoupled_robust,legacy_multistart,0.0
fig5,adaptive_jones_vp_proposed,17,2127997378,-10.0,snr_db,-10.0,3,3,3,3,full_6d,2127997378,,,nan,,False,,67.86668382491916,0.0009427023278767436,0.0009427023278767436,5.5012478158268013e-05,8.45185946594928e-05,7.420154163131427e-13,4.004865708710854,False,direct_vp,global_exact_spherical_vp,main_single_proposed,True,257fd57e4beb1104,adaptive_jones,cpu,False,,legacy_least_squares,cpu,explicit,,legacy_least_squares_numerical,False,,,0,0,,,,,,,,fixed_pol_anchor,True,fixed_anchor_then_adaptive_jones_score_selection,fixed_pol_anchor,16.535699373912834,58.03131193736063,39.675158343170494,0.0,True,3,4,3100097.338202358,nan,"[44.45846371823803,16.535699373912834,58.03131193736063]","[0.022492904979649925,0.06047521652220476,0.017232076383545753]",,direct_vp,"[""poor_clock_consistency""]",3099947.8801269294,3096560,True,655563.3451695348,82.91167521691705,4.314554173197007,0.38774979698109546,"[4.7894949632842945,4.804529261344672,5.619450590363958]",24.72313872887753,62.61516267596744,88.04951174673624,nan,nan,nan,nan,nan,nan,nan,,,nan,nan,nan,nan,nan,nan,nan,nan,nan,,,,nan,nan,nan,nan,nan,,False,,nan,,,nan,nan,nan,,,,,,,,0.0009427023278767436,5.5012478158268013e-05,4.004865708710854,nan,nan,nan,False,not_run,not_requested,"[44.45846371823803,16.535699373912834,58.03131193736063]","[0.022492904979649925,0.06047521652220476,0.017232076383545753]",,,,,655563.3451695348,82.91167521691705,nan,nan,ris_only_stage2_then_vp,direct_vp,True,"[""poor_clock_consistency""]",True,1.0,0.03770619158090622,0.03770619158090622,2,data_only_efim_tau_crb,0.056055174888159844,0.0004245778292059592,0.0004245778292059592,True,0.038130769410112175,green,clock_green,False,ngc_green_skip_rescue,nan,nan,2,,nan,nan,nan,False,nan,,candidate_unavailable,ngc_green_skip_rescue,False,9.21034037197618,13.815510557964274,ngc_certified_ris_only,nan,nan,,decoupled_robust,legacy_multistart,0.0
fig5,force_rescue,17,2127997378,-10.0,snr_db,-10.0,3,3,3,3,full_6d,2127997378,,,nan,,False,,128.8095875349827,0.0009427023278767436,0.0009427023278767436,5.5012478158268013e-05,8.45185946594928e-05,7.420154163131427e-13,4.004865708710854,False,direct_vp_rollback,global_exact_spherical_vp,main_single_proposed,True,aaadd9cb531a92df,adaptive_jones,cpu,False,,legacy_least_squares,cpu,explicit,,legacy_least_squares_numerical,False,,,0,0,,,,,,,,fixed_pol_anchor,True,fixed_anchor_then_adaptive_jones_score_selection,fixed_pol_anchor,16.535699373912834,58.03131193736063,39.675158343170494,0.0,True,3,4,3100097.338202358,nan,"[44.45846371823803,16.535699373912834,58.03131193736063]","[0.022492904979649925,0.06047521652220476,0.017232076383545753]",,jnpp_then_vp,"[""poor_clock_consistency""]",3099947.8801269294,3096560,True,655563.3451695348,82.91167521691705,4.314554173197007,0.38774979698109546,"[4.7894949632842945,4.804529261344672,5.619450590363958]",24.72313872887753,52.89424998220056,78.32859905296937,nan,nan,nan,nan,nan,nan,nan,,,nan,nan,nan,nan,nan,nan,nan,nan,nan,,,,nan,nan,nan,nan,nan,,False,,nan,,,nan,nan,nan,,,,,,,,0.0009427023278767436,5.5012478158268013e-05,4.004865708710854,0.000942479341253643,5.501271387639689e-05,4.004865708711231,True,rollback,existing_selector_rollback,"[44.45846371823803,16.535699373912834,58.03131193736063]","[0.022492904979649925,0.06047521652220476,0.017232076383545753]",,"[44.45846354699125,16.53569941740821,58.03131212523128]","[0.02249290506628894,0.06047521636313121,0.017232076327758604]",,655563.3451695348,82.91167521691705,655562.6848481788,82.91176169423403,ris_only_stage2_then_vp,direct_vp,True,"[""poor_clock_consistency""]",False,1.0,nan,nan,,,nan,nan,nan,False,nan,,,False,,nan,nan,,,nan,nan,nan,False,nan,,,,False,nan,nan,force_ris_only,0.00039775457267032213,0.03320657677360373,3,decoupled_robust,legacy_multistart,0.0
fig5,oracle_init_vp,17,2127997378,-10.0,snr_db,-10.0,3,3,3,3,full_6d,2127997378,,,nan,,False,,33.04753528395668,0.0009426847700240937,0.0009426847700240937,5.501230202572516e-05,8.452013083754254e-05,7.420950660482811e-13,4.004865708710834,False,oracle_init_vp,global_exact_spherical_vp,,False,,adaptive_jones,cupy,True,0,cupy,cupy.linalg.solve,explicit,matrix_free,analytic_reduced_vp_explicit_gradient,False,matrix_free_cpu_only_gpu_backend,,0,0,0,0,,,,,,fixed_pol_anchor,False,,fixed_pol_anchor,nan,nan,nan,nan,False,3,4,3096725.458075429,3096734.840621004,"[44.50687480660766,16.553705186913398,58.09450258694904]","[0.022468438961412526,0.06040943635833267,0.017213332680578904]","[5.4673001985199e-09,1.8777598156115685e-08,2.3383547128999092e-08]",oracle_init_vp,"[""oracle_truth_initialization""]",nan,,,nan,nan,nan,nan,,0.0,33.045915469992906,33.045915469992906,nan,nan,nan,nan,nan,nan,nan,,,nan,nan,nan,nan,nan,nan,nan,nan,nan,,,,nan,nan,nan,nan,nan,,False,,nan,,,nan,nan,nan,,,,,,,,nan,nan,nan,nan,nan,nan,False,,,,,,,,,nan,nan,nan,nan,,,,[],False,nan,nan,nan,,,nan,nan,nan,False,nan,,,False,,nan,nan,,,nan,nan,nan,False,nan,,,,False,nan,nan,,nan,nan,,,legacy_multistart,
fig5,direct_vp,10,781873798,-10.0,snr_db,-10.0,3,3,3,3,full_6d,781873798,,,nan,,False,,69.17299422202632,0.0007185187954304828,0.0007185187954304828,4.17319379493396e-05,0.0006402256228789552,6.395940413908947e-13,2.203603108699963,False,direct_vp,global_exact_spherical_vp,proposed_post_stage1,False,5fd0807254cee858,adaptive_jones,cpu,False,,legacy_least_squares,cpu,explicit,,legacy_least_squares_numerical,False,,,0,0,,,,,,,,fixed_pol_anchor,True,fixed_anchor_then_adaptive_jones_score_selection,fixed_pol_anchor,13.94699892439051,362.7264366162236,138.58729489823835,0.0,True,3,4,3094418.6570632136,nan,"[39.08844915410092,362.7264366162236,13.94699892439051]","[0.025583005250951425,0.0027568985844153016,0.07170001269859232]",,direct_vp,"[""poor_clock_consistency""]",3094269.198987785,3096560,True,816636.8103609695,81.25372024926794,2.091439577709131,0.7332960202340336,"[5.082662515455625,6.682903306974435,5.176259170156554]",27.702811764087528,63.81026078411378,92.28464083420113,nan,nan,nan,nan,nan,nan,nan,,,nan,nan,nan,nan,nan,nan,nan,nan,nan,,,,nan,nan,nan,nan,nan,,False,,nan,,,nan,nan,nan,,,,,,,,0.0007185187954304828,4.17319379493396e-05,2.203603108699963,nan,nan,nan,False,not_run,not_requested,"[39.08844915410092,362.7264366162236,13.94699892439051]","[0.025583005250951425,0.0027568985844153016,0.07170001269859232]",,,,,816636.8103609695,81.25372024926794,nan,nan,ris_only_stage2_then_vp,direct_vp,True,"[""poor_clock_consistency""]",False,1.0,nan,nan,,,nan,nan,nan,False,nan,,,False,,nan,nan,,,nan,nan,nan,False,nan,,,,False,nan,nan,reliability_gated,nan,nan,,decoupled_robust,legacy_multistart,0.0
fig5,old_gated,10,781873798,-10.0,snr_db,-10.0,3,3,3,3,full_6d,781873798,,,nan,,False,,68.87007120484486,0.0007185187954304828,0.0007185187954304828,4.17319379493396e-05,0.0006402256228789552,6.395940413908947e-13,2.203603108699963,False,direct_vp,global_exact_spherical_vp,main_single_proposed,True,461dbc723a9f7715,adaptive_jones,cpu,False,,legacy_least_squares,cpu,explicit,,legacy_least_squares_numerical,False,,,0,0,,,,,,,,fixed_pol_anchor,True,fixed_anchor_then_adaptive_jones_score_selection,fixed_pol_anchor,13.94699892439051,362.7264366162236,138.58729489823835,0.0,True,3,4,3094418.6570632136,nan,"[39.08844915410092,362.7264366162236,13.94699892439051]","[0.025583005250951425,0.0027568985844153016,0.07170001269859232]",,direct_vp,"[""poor_clock_consistency""]",3094269.198987785,3096560,True,816636.8103609695,81.25372024926794,2.091439577709131,0.7332960202340336,"[5.082662515455625,6.682903306974435,5.176259170156554]",27.702811764087528,63.77911041304469,92.25349046313204,nan,nan,nan,nan,nan,nan,nan,,,nan,nan,nan,nan,nan,nan,nan,nan,nan,,,,nan,nan,nan,nan,nan,,False,,nan,,,nan,nan,nan,,,,,,,,0.0007185187954304828,4.17319379493396e-05,2.203603108699963,nan,nan,nan,False,not_run,not_requested,"[39.08844915410092,362.7264366162236,13.94699892439051]","[0.025583005250951425,0.0027568985844153016,0.07170001269859232]",,,,,816636.8103609695,81.25372024926794,nan,nan,ris_only_stage2_then_vp,direct_vp,True,"[""poor_clock_consistency""]",False,1.0,nan,nan,,,nan,nan,nan,False,nan,,,False,,nan,nan,,,nan,nan,nan,False,nan,,,,False,nan,nan,reliability_gated_ris_only,nan,nan,,decoupled_robust,legacy_multistart,0.0
fig5,adaptive_jones_vp_proposed,10,781873798,-10.0,snr_db,-10.0,3,3,3,3,full_6d,781873798,,,nan,,False,,69.0151386980433,0.0007185187954304828,0.0007185187954304828,4.17319379493396e-05,0.0006402256228789552,6.395940413908947e-13,2.203603108699963,False,direct_vp,global_exact_spherical_vp,main_single_proposed,True,a38a871e77d31386,adaptive_jones,cpu,False,,legacy_least_squares,cpu,explicit,,legacy_least_squares_numerical,False,,,0,0,,,,,,,,fixed_pol_anchor,True,fixed_anchor_then_adaptive_jones_score_selection,fixed_pol_anchor,13.94699892439051,362.7264366162236,138.58729489823835,0.0,True,3,4,3094418.6570632136,nan,"[39.08844915410092,362.7264366162236,13.94699892439051]","[0.025583005250951425,0.0027568985844153016,0.07170001269859232]",,direct_vp,"[""poor_clock_consistency""]",3094269.198987785,3096560,True,816636.8103609695,81.25372024926794,2.091439577709131,0.7332960202340336,"[5.082662515455625,6.682903306974435,5.176259170156554]",27.702811764087528,64.03741376008838,92.51179381017573,nan,nan,nan,nan,nan,nan,nan,,,nan,nan,nan,nan,nan,nan,nan,nan,nan,,,,nan,nan,nan,nan,nan,,False,,nan,,,nan,nan,nan,,,,,,,,0.0007185187954304828,4.17319379493396e-05,2.203603108699963,nan,nan,nan,False,not_run,not_requested,"[39.08844915410092,362.7264366162236,13.94699892439051]","[0.025583005250951425,0.0027568985844153016,0.07170001269859232]",,,,,816636.8103609695,81.25372024926794,nan,nan,ris_only_stage2_then_vp,direct_vp,True,"[""poor_clock_consistency""]",True,1.0,3.018544715235493,3.018544715235493,2,data_only_efim_tau_crb,0.5015430120501043,0.00037457918532386134,0.00037457918532386134,True,3.018919294420817,green,clock_green,False,ngc_green_skip_rescue,nan,nan,2,,nan,nan,nan,False,nan,,candidate_unavailable,ngc_green_skip_rescue,False,9.21034037197618,13.815510557964274,ngc_certified_ris_only,nan,nan,,decoupled_robust,legacy_multistart,0.0
fig5,force_rescue,10,781873798,-10.0,snr_db,-10.0,3,3,3,3,full_6d,781873798,,,nan,,False,,149.20312702399679,0.0007185187954304828,0.0007185187954304828,4.17319379493396e-05,0.0006402256228789552,6.395940413908947e-13,2.203603108699963,False,direct_vp_rollback,global_exact_spherical_vp,main_single_proposed,True,da418a8bc2f8c5ce,adaptive_jones,cpu,False,,legacy_least_squares,cpu,explicit,,legacy_least_squares_numerical,False,,,0,0,,,,,,,,fixed_pol_anchor,True,fixed_anchor_then_adaptive_jones_score_selection,fixed_pol_anchor,13.94699892439051,362.7264366162236,138.58729489823835,0.0,True,3,4,3094418.6570632136,nan,"[39.08844915410092,362.7264366162236,13.94699892439051]","[0.025583005250951425,0.0027568985844153016,0.07170001269859232]",,jnpp_then_vp,"[""poor_clock_consistency""]",3094269.198987785,3096560,True,816636.8103609695,81.25372024926794,2.091439577709131,0.7332960202340336,"[5.082662515455625,6.682903306974435,5.176259170156554]",27.702811764087528,62.62525838497095,91.0996384350583,nan,nan,nan,nan,nan,nan,nan,,,nan,nan,nan,nan,nan,nan,nan,nan,nan,,,,nan,nan,nan,nan,nan,,False,,nan,,,nan,nan,nan,,,,,,,,0.0007185187954304828,4.17319379493396e-05,2.203603108699963,0.0007185165220523743,4.1731889334300664e-05,2.203603108699962,True,rollback,existing_selector_rollback,"[39.08844915410092,362.7264366162236,13.94699892439051]","[0.025583005250951425,0.0027568985844153016,0.07170001269859232]",,"[39.088449154619724,362.7264364194698,13.946998923946378]","[0.025583005250611874,0.0027568985859107273,0.07170001270087555]",,816636.8103609695,81.25372024926794,816636.8050261313,81.25372084986836,ris_only_stage2_then_vp,direct_vp,True,"[""poor_clock_consistency""]",False,1.0,nan,nan,,,nan,nan,nan,False,nan,,,False,,nan,nan,,,nan,nan,nan,False,nan,,,,False,nan,nan,force_ris_only,0.0018254956241673737,0.4776326475505302,3,decoupled_robust,legacy_multistart,0.0
fig5,oracle_init_vp,10,781873798,-10.0,snr_db,-10.0,3,3,3,3,full_6d,781873798,,,nan,,False,,33.86801027995534,0.0007185808967976445,0.0007185808967976445,4.173121897138691e-05,0.0006402689583155875,6.394518026098634e-13,2.203603108700019,False,oracle_init_vp,global_exact_spherical_vp,,False,,adaptive_jones,cupy,True,0,cupy,cupy.linalg.solve,explicit,matrix_free,analytic_reduced_vp_explicit_gradient,False,matrix_free_cpu_only_gpu_backend,,0,0,0,0,,,,,,fixed_pol_anchor,False,,fixed_pol_anchor,nan,nan,nan,nan,False,3,4,3096725.458075429,3096737.620821764,"[39.059330163016256,362.45621803934466,13.936609078171816]","[0.025602077551954573,0.0027589539091008052,0.07175346559388762]","[2.914985232306466e-09,3.6515691057605025e-09,8.427709295077279e-08]",oracle_init_vp,"[""oracle_truth_initialization""]",nan,,,nan,nan,nan,nan,,0.0,33.86645116796717,33.86645116796717,nan,nan,nan,nan,nan,nan,nan,,,nan,nan,nan,nan,nan,nan,nan,nan,nan,,,,nan,nan,nan,nan,nan,,False,,nan,,,nan,nan,nan,,,,,,,,nan,nan,nan,nan,nan,nan,False,,,,,,,,,nan,nan,nan,nan,,,,[],False,nan,nan,nan,,,nan,nan,nan,False,nan,,,False,,nan,nan,,,nan,nan,nan,False,nan,,,,False,nan,nan,,nan,nan,,,legacy_multistart,
fig5,direct_vp,20,3607282624,-10.0,snr_db,-10.0,3,3,3,3,full_6d,3607282624,,,nan,,False,,77.91934369294904,0.00042725228134830667,0.00042725228134830667,6.764496736781132e-05,0.00037576706515426994,7.319951437897828e-13,5.7181199546044335,False,direct_vp,global_exact_spherical_vp,proposed_post_stage1,False,68580e3ccbf888f9,adaptive_jones,cpu,False,,legacy_least_squares,cpu,explicit,,legacy_least_squares_numerical,False,,,0,0,,,,,,,,fixed_pol_anchor,True,fixed_anchor_then_adaptive_jones_score_selection,fixed_pol_anchor,15.8374635561422,79.36973085870416,46.02414531327448,0.0,True,3,4,3095406.305933915,nan,"[42.86524152497708,79.36973085870416,15.8374635561422]","[0.023328924890682032,0.012599261571150511,0.06314142390536616]",,direct_vp,"[""poor_clock_consistency""]",3095256.847858486,3096560,True,856213.1266830233,65.48366915699327,4.77714608990871,0.1433981158527743,"[4.741996116018651,5.077253450413897,5.000374318400822]",34.19255506596528,70.79199323919602,106.01228690613061,nan,nan,nan,nan,nan,nan,nan,,,nan,nan,nan,nan,nan,nan,nan,nan,nan,,,,nan,nan,nan,nan,nan,,False,,nan,,,nan,nan,nan,,,,,,,,0.00042725228134830667,6.764496736781132e-05,5.7181199546044335,nan,nan,nan,False,not_run,not_requested,"[42.86524152497708,79.36973085870416,15.8374635561422]","[0.023328924890682032,0.012599261571150511,0.06314142390536616]",,,,,856213.1266830233,65.48366915699327,nan,nan,ris_only_stage2_then_vp,direct_vp,True,"[""poor_clock_consistency""]",False,1.0,nan,nan,,,nan,nan,nan,False,nan,,,False,,nan,nan,,,nan,nan,nan,False,nan,,,,False,nan,nan,reliability_gated,nan,nan,,decoupled_robust,legacy_multistart,0.0
fig5,old_gated,20,3607282624,-10.0,snr_db,-10.0,3,3,3,3,full_6d,3607282624,,,nan,,False,,78.35744350706227,0.00042725228134830667,0.00042725228134830667,6.764496736781132e-05,0.00037576706515426994,7.319951437897828e-13,5.7181199546044335,False,direct_vp,global_exact_spherical_vp,main_single_proposed,True,081bff1a08ff3fea,adaptive_jones,cpu,False,,legacy_least_squares,cpu,explicit,,legacy_least_squares_numerical,False,,,0,0,,,,,,,,fixed_pol_anchor,True,fixed_anchor_then_adaptive_jones_score_selection,fixed_pol_anchor,15.8374635561422,79.36973085870416,46.02414531327448,0.0,True,3,4,3095406.305933915,nan,"[42.86524152497708,79.36973085870416,15.8374635561422]","[0.023328924890682032,0.012599261571150511,0.06314142390536616]",,direct_vp,"[""poor_clock_consistency""]",3095256.847858486,3096560,True,856213.1266830233,65.48366915699327,4.77714608990871,0.1433981158527743,"[4.741996116018651,5.077253450413897,5.000374318400822]",34.19255506596528,71.39610782801174,106.61640149494633,nan,nan,nan,nan,nan,nan,nan,,,nan,nan,nan,nan,nan,nan,nan,nan,nan,,,,nan,nan,nan,nan,nan,,False,,nan,,,nan,nan,nan,,,,,,,,0.00042725228134830667,6.764496736781132e-05,5.7181199546044335,nan,nan,nan,False,not_run,not_requested,"[42.86524152497708,79.36973085870416,15.8374635561422]","[0.023328924890682032,0.012599261571150511,0.06314142390536616]",,,,,856213.1266830233,65.48366915699327,nan,nan,ris_only_stage2_then_vp,direct_vp,True,"[""poor_clock_consistency""]",False,1.0,nan,nan,,,nan,nan,nan,False,nan,,,False,,nan,nan,,,nan,nan,nan,False,nan,,,,False,nan,nan,reliability_gated_ris_only,nan,nan,,decoupled_robust,legacy_multistart,0.0
fig5,adaptive_jones_vp_proposed,20,3607282624,-10.0,snr_db,-10.0,3,3,3,3,full_6d,3607282624,,,nan,,False,,77.7737189619802,0.00042725228134830667,0.00042725228134830667,6.764496736781132e-05,0.00037576706515426994,7.319951437897828e-13,5.7181199546044335,False,direct_vp,global_exact_spherical_vp,main_single_proposed,True,edfced2180a0d537,adaptive_jones,cpu,False,,legacy_least_squares,cpu,explicit,,legacy_least_squares_numerical,False,,,0,0,,,,,,,,fixed_pol_anchor,True,fixed_anchor_then_adaptive_jones_score_selection,fixed_pol_anchor,15.8374635561422,79.36973085870416,46.02414531327448,0.0,True,3,4,3095406.305933915,nan,"[42.86524152497708,79.36973085870416,15.8374635561422]","[0.023328924890682032,0.012599261571150511,0.06314142390536616]",,direct_vp,"[""poor_clock_consistency""]",3095256.847858486,3096560,True,856213.1266830233,65.48366915699327,4.77714608990871,0.1433981158527743,"[4.741996116018651,5.077253450413897,5.000374318400822]",34.19255506596528,70.86884249211289,106.08913615904748,nan,nan,nan,nan,nan,nan,nan,,,nan,nan,nan,nan,nan,nan,nan,nan,nan,,,,nan,nan,nan,nan,nan,,False,,nan,,,nan,nan,nan,,,,,,,,0.00042725228134830667,6.764496736781132e-05,5.7181199546044335,nan,nan,nan,False,not_run,not_requested,"[42.86524152497708,79.36973085870416,15.8374635561422]","[0.023328924890682032,0.012599261571150511,0.06314142390536616]",,,,,856213.1266830233,65.48366915699327,nan,nan,ris_only_stage2_then_vp,direct_vp,True,"[""poor_clock_consistency""]",True,1.0,0.005361422142670659,0.005361422142670659,2,data_only_efim_tau_crb,0.021137293548510138,0.00016487095369752185,0.00016487095369752185,True,0.0055262930963681815,green,clock_green,False,ngc_green_skip_rescue,nan,nan,2,,nan,nan,nan,False,nan,,candidate_unavailable,ngc_green_skip_rescue,False,9.21034037197618,13.815510557964274,ngc_certified_ris_only,nan,nan,,decoupled_robust,legacy_multistart,0.0
fig5,force_rescue,20,3607282624,-10.0,snr_db,-10.0,3,3,3,3,full_6d,3607282624,,,nan,,False,,185.04672592505813,0.00042725228134830667,0.00042725228134830667,6.764496736781132e-05,0.00037576706515426994,7.319951437897828e-13,5.7181199546044335,False,direct_vp_rollback,global_exact_spherical_vp,main_single_proposed,True,e138de714ea46e8c,adaptive_jones,cpu,False,,legacy_least_squares,cpu,explicit,,legacy_least_squares_numerical,False,,,0,0,,,,,,,,fixed_pol_anchor,True,fixed_anchor_then_adaptive_jones_score_selection,fixed_pol_anchor,15.8374635561422,79.36973085870416,46.02414531327448,0.0,True,3,4,3095406.305933915,nan,"[42.86524152497708,79.36973085870416,15.8374635561422]","[0.023328924890682032,0.012599261571150511,0.06314142390536616]",,jnpp_then_vp,"[""poor_clock_consistency""]",3095256.847858486,3096560,True,856213.1266830233,65.48366915699327,4.77714608990871,0.1433981158527743,"[4.741996116018651,5.077253450413897,5.000374318400822]",34.19255506596528,70.9481944530271,106.1684881199617,nan,nan,nan,nan,nan,nan,nan,,,nan,nan,nan,nan,nan,nan,nan,nan,nan,,,,nan,nan,nan,nan,nan,,False,,nan,,,nan,nan,nan,,,,,,,,0.00042725228134830667,6.764496736781132e-05,5.7181199546044335,0.0004272911453263529,6.764429637405429e-05,5.71811995460441,True,rollback,existing_selector_rollback,"[42.86524152497708,79.36973085870416,15.8374635561422]","[0.023328924890682032,0.012599261571150511,0.06314142390536616]",,"[42.865241596505655,79.36973040687835,15.837463517671774]","[0.023328924851753412,0.01259926164287397,0.06314142405874157]",,856213.1266830233,65.48366915699327,856213.207057495,65.48366211854132,ris_only_stage2_then_vp,direct_vp,True,"[""poor_clock_consistency""]",False,1.0,nan,nan,,,nan,nan,nan,False,nan,,,False,,nan,nan,,,nan,nan,nan,False,nan,,,,False,nan,nan,force_ris_only,0.0005933477745826654,0.0709201514844075,3,decoupled_robust,legacy_multistart,0.0
fig5,oracle_init_vp,20,3607282624,-10.0,snr_db,-10.0,3,3,3,3,full_6d,3607282624,,,nan,,False,,44.31047075102106,0.0004272347670507227,0.0004272347670507227,6.763599549437263e-05,0.000375735739257914,7.320162094318619e-13,5.718119954604811,False,oracle_init_vp,global_exact_spherical_vp,,False,,adaptive_jones,cupy,True,0,cupy,cupy.linalg.solve,explicit,matrix_free,analytic_reduced_vp_explicit_gradient,False,matrix_free_cpu_only_gpu_backend,,0,0,0,0,,,,,,fixed_pol_anchor,False,,fixed_pol_anchor,nan,nan,nan,nan,False,3,4,3096725.458075429,3096738.8568767933,"[42.84698065221931,79.33591948794582,15.83071673498272]","[0.023338867400575097,0.012604631122635475,0.06316833386162289]","[3.660622705453075e-08,1.3554470772536234e-08,3.197593185632243e-08]",oracle_init_vp,"[""oracle_truth_initialization""]",nan,,,nan,nan,nan,nan,,0.0,44.309058733982965,44.309058733982965,nan,nan,nan,nan,nan,nan,nan,,,nan,nan,nan,nan,nan,nan,nan,nan,nan,,,,nan,nan,nan,nan,nan,,False,,nan,,,nan,nan,nan,,,,,,,,nan,nan,nan,nan,nan,nan,False,,,,,,,,,nan,nan,nan,nan,,,,[],False,nan,nan,nan,,,nan,nan,nan,False,nan,,,False,,nan,nan,,,nan,nan,nan,False,nan,,,,False,nan,nan,,nan,nan,,,legacy_multistart,
fig5,direct_vp,19,3846521747,-10.0,snr_db,-10.0,3,3,3,3,full_6d,3846521747,,,nan,,False,,78.83130472293124,0.002261670604510853,0.002261670604510853,6.801173458611066e-05,0.0006882586018479505,6.832364393310378e-13,1.1852845875166615,False,direct_vp,global_exact_spherical_vp,proposed_post_stage1,False,0134654dab2e4836,adaptive_jones,cpu,False,,legacy_least_squares,cpu,explicit,,legacy_least_squares_numerical,False,,,0,0,,,,,,,,fixed_pol_anchor,True,fixed_anchor_then_adaptive_jones_score_selection,fixed_pol_anchor,18.67818004434619,47.96676700473361,35.27132642525098,0.0,True,3,4,3095370.8150921017,nan,"[39.16903222667316,18.67818004434619,47.96676700473361]","[0.02553037292761743,0.053538406718807593,0.020847767368881626]",,direct_vp,"[""poor_clock_consistency""]",3095221.357016673,3096560,True,667050.6168587701,80.2625633182801,4.467567801531715,0.407935222124167,"[5.153539820405976,4.8163346776676725,5.799535108907479]",37.569207054097205,71.72368726017885,110.28105241735466,nan,nan,nan,nan,nan,nan,nan,,,nan,nan,nan,nan,nan,nan,nan,nan,nan,,,,nan,nan,nan,nan,nan,,False,,nan,,,nan,nan,nan,,,,,,,,0.002261670604510853,6.801173458611066e-05,1.1852845875166615,nan,nan,nan,False,not_run,not_requested,"[39.16903222667316,18.67818004434619,47.96676700473361]","[0.02553037292761743,0.053538406718807593,0.020847767368881626]",,,,,667050.6168587701,80.2625633182801,nan,nan,ris_only_stage2_then_vp,direct_vp,True,"[""poor_clock_consistency""]",False,1.0,nan,nan,,,nan,nan,nan,False,nan,,,False,,nan,nan,,,nan,nan,nan,False,nan,,,,False,nan,nan,reliability_gated,nan,nan,,decoupled_robust,legacy_multistart,0.0
fig5,old_gated,19,3846521747,-10.0,snr_db,-10.0,3,3,3,3,full_6d,3846521747,,,nan,,False,,78.56815012102015,0.002261670604510853,0.002261670604510853,6.801173458611066e-05,0.0006882586018479505,6.832364393310378e-13,1.1852845875166615,False,direct_vp,global_exact_spherical_vp,main_single_proposed,True,dc65731e55352e22,adaptive_jones,cpu,False,,legacy_least_squares,cpu,explicit,,legacy_least_squares_numerical,False,,,0,0,,,,,,,,fixed_pol_anchor,True,fixed_anchor_then_adaptive_jones_score_selection,fixed_pol_anchor,18.67818004434619,47.96676700473361,35.27132642525098,0.0,True,3,4,3095370.8150921017,nan,"[39.16903222667316,18.67818004434619,47.96676700473361]","[0.02553037292761743,0.053538406718807593,0.020847767368881626]",,direct_vp,"[""poor_clock_consistency""]",3095221.357016673,3096560,True,667050.6168587701,80.2625633182801,4.467567801531715,0.407935222124167,"[5.153539820405976,4.8163346776676725,5.799535108907479]",37.569207054097205,71.6649577440694,110.2223229012452,nan,nan,nan,nan,nan,nan,nan,,,nan,nan,nan,nan,nan,nan,nan,nan,nan,,,,nan,nan,nan,nan,nan,,False,,nan,,,nan,nan,nan,,,,,,,,0.002261670604510853,6.801173458611066e-05,1.1852845875166615,nan,nan,nan,False,not_run,not_requested,"[39.16903222667316,18.67818004434619,47.96676700473361]","[0.02553037292761743,0.053538406718807593,0.020847767368881626]",,,,,667050.6168587701,80.2625633182801,nan,nan,ris_only_stage2_then_vp,direct_vp,True,"[""poor_clock_consistency""]",False,1.0,nan,nan,,,nan,nan,nan,False,nan,,,False,,nan,nan,,,nan,nan,nan,False,nan,,,,False,nan,nan,reliability_gated_ris_only,nan,nan,,decoupled_robust,legacy_multistart,0.0
fig5,adaptive_jones_vp_proposed,19,3846521747,-10.0,snr_db,-10.0,3,3,3,3,full_6d,3846521747,,,nan,,False,,78.38221917790361,0.002261670604510853,0.002261670604510853,6.801173458611066e-05,0.0006882586018479505,6.832364393310378e-13,1.1852845875166615,False,direct_vp,global_exact_spherical_vp,main_single_proposed,True,dafa3c6fbf849ab3,adaptive_jones,cpu,False,,legacy_least_squares,cpu,explicit,,legacy_least_squares_numerical,False,,,0,0,,,,,,,,fixed_pol_anchor,True,fixed_anchor_then_adaptive_jones_score_selection,fixed_pol_anchor,18.67818004434619,47.96676700473361,35.27132642525098,0.0,True,3,4,3095370.8150921017,nan,"[39.16903222667316,18.67818004434619,47.96676700473361]","[0.02553037292761743,0.053538406718807593,0.020847767368881626]",,direct_vp,"[""poor_clock_consistency""]",3095221.357016673,3096560,True,667050.6168587701,80.2625633182801,4.467567801531715,0.407935222124167,"[5.153539820405976,4.8163346776676725,5.799535108907479]",37.569207054097205,71.54221135098487,110.09957650816068,nan,nan,nan,nan,nan,nan,nan,,,nan,nan,nan,nan,nan,nan,nan,nan,nan,,,,nan,nan,nan,nan,nan,,False,,nan,,,nan,nan,nan,,,,,,,,0.002261670604510853,6.801173458611066e-05,1.1852845875166615,nan,nan,nan,False,not_run,not_requested,"[39.16903222667316,18.67818004434619,47.96676700473361]","[0.02553037292761743,0.053538406718807593,0.020847767368881626]",,,,,667050.6168587701,80.2625633182801,nan,nan,ris_only_stage2_then_vp,direct_vp,True,"[""poor_clock_consistency""]",True,1.0,0.026189702288542484,0.026189702288542484,2,data_only_efim_tau_crb,0.04671696898035952,0.0006435274176159909,0.0006435274176159909,True,0.026833229706158476,green,clock_green,False,ngc_green_skip_rescue,nan,nan,2,,nan,nan,nan,False,nan,,candidate_unavailable,ngc_green_skip_rescue,False,9.21034037197618,13.815510557964274,ngc_certified_ris_only,nan,nan,,decoupled_robust,legacy_multistart,0.0
fig5,force_rescue,19,3846521747,-10.0,snr_db,-10.0,3,3,3,3,full_6d,3846521747,,,nan,,False,,189.24037290201522,0.002261670604510853,0.002261670604510853,6.801173458611066e-05,0.0006882586018479505,6.832364393310378e-13,1.1852845875166615,False,direct_vp_rollback,global_exact_spherical_vp,main_single_proposed,True,d59a8df522c0bdb6,adaptive_jones,cpu,False,,legacy_least_squares,cpu,explicit,,legacy_least_squares_numerical,False,,,0,0,,,,,,,,fixed_pol_anchor,True,fixed_anchor_then_adaptive_jones_score_selection,fixed_pol_anchor,18.67818004434619,47.96676700473361,35.27132642525098,0.0,True,3,4,3095370.8150921017,nan,"[39.16903222667316,18.67818004434619,47.96676700473361]","[0.02553037292761743,0.053538406718807593,0.020847767368881626]",,jnpp_then_vp,"[""poor_clock_consistency""]",3095221.357016673,3096560,True,667050.6168587701,80.2625633182801,4.467567801531715,0.407935222124167,"[5.153539820405976,4.8163346776676725,5.799535108907479]",37.569207054097205,71.30872717499733,109.86609233217314,nan,nan,nan,nan,nan,nan,nan,,,nan,nan,nan,nan,nan,nan,nan,nan,nan,,,,nan,nan,nan,nan,nan,,False,,nan,,,nan,nan,nan,,,,,,,,0.002261670604510853,6.801173458611066e-05,1.1852845875166615,0.0022617586303525657,6.801096721822474e-05,1.1852845875166556,True,rollback,existing_selector_rollback,"[39.16903222667316,18.67818004434619,47.96676700473361]","[0.02553037292761743,0.053538406718807593,0.020847767368881626]",,"[39.16903238671189,18.678180026582023,47.96676700065008]","[0.02553037282330419,0.0535384067697261,0.02084776737065645]",,667050.6168587701,80.2625633182801,667050.8952558774,80.26252814496982,ris_only_stage2_then_vp,direct_vp,True,"[""poor_clock_consistency""]",False,1.0,nan,nan,,,nan,nan,nan,False,nan,,,False,,nan,nan,,,nan,nan,nan,False,nan,,,,False,nan,nan,force_ris_only,0.002761024646934103,0.07151623171067954,3,decoupled_robust,legacy_multistart,0.0
fig5,oracle_init_vp,19,3846521747,-10.0,snr_db,-10.0,3,3,3,3,full_6d,3846521747,,,nan,,False,,45.32082903687842,0.0022619754639934737,0.0022619754639934737,6.800793427197169e-05,0.0006881624617228674,6.835244348051303e-13,1.185284587516714,False,oracle_init_vp,global_exact_spherical_vp,,False,,adaptive_jones,cupy,True,0,cupy,cupy.linalg.solve,explicit,matrix_free,analytic_reduced_vp_explicit_gradient,False,matrix_free_cpu_only_gpu_backend,,0,0,0,0,,,,,,fixed_pol_anchor,False,,fixed_pol_anchor,nan,nan,nan,nan,False,3,4,3096725.458075429,3096735.9567163964,"[39.151897705535255,18.670008920048204,47.945783274036515]","[0.025541546095209304,0.053561838361389925,0.02085689150673594]","[1.388360084658778e-09,5.154182232483217e-10,2.575379097138295e-08]",oracle_init_vp,"[""oracle_truth_initialization""]",nan,,,nan,nan,nan,nan,,0.0,45.31924562412314,45.31924562412314,nan,nan,nan,nan,nan,nan,nan,,,nan,nan,nan,nan,nan,nan,nan,nan,nan,,,,nan,nan,nan,nan,nan,,False,,nan,,,nan,nan,nan,,,,,,,,nan,nan,nan,nan,nan,nan,False,,,,,,,,,nan,nan,nan,nan,,,,[],False,nan,nan,nan,,,nan,nan,nan,False,nan,,,False,,nan,nan,,,nan,nan,nan,False,nan,,,,False,nan,nan,,nan,nan,,,legacy_multistart,
fig5,direct_vp,8,641399591,-10.0,snr_db,-10.0,3,3,3,3,full_6d,641399591,,,nan,,False,,78.52238652808592,0.0007085398515736038,0.0007085398515736038,3.732579852104693e-05,0.00014002275836537043,5.917214353329902e-13,2.255878698381621,False,direct_vp,global_exact_spherical_vp,proposed_post_stage1,False,f2393c3ad47137f0,adaptive_jones,cpu,False,,legacy_least_squares,cpu,explicit,,legacy_least_squares_numerical,False,,,0,0,,,,,,,,fixed_pol_anchor,True,fixed_anchor_then_adaptive_jones_score_selection,fixed_pol_anchor,21.807550480683616,103.81830053657212,49.404536086727525,0.0,True,3,4,3098034.114262597,nan,"[103.81830053657212,22.58775724292686,21.807550480683616]","[0.009632213152477016,0.04427177028788694,0.04585567741154415]",,direct_vp,"[""poor_clock_consistency""]",3097884.6561871683,3096560,True,854083.1243428957,78.23160677684892,3.3283440628933594,0.5846587190754987,"[3.964538640928997,5.045597093535213,5.318517709936622]",38.817940583918244,71.33776861801744,111.11769922100939,nan,nan,nan,nan,nan,nan,nan,,,nan,nan,nan,nan,nan,nan,nan,nan,nan,,,,nan,nan,nan,nan,nan,,False,,nan,,,nan,nan,nan,,,,,,,,0.0007085398515736038,3.732579852104693e-05,2.255878698381621,nan,nan,nan,False,not_run,not_requested,"[103.81830053657212,22.58775724292686,21.807550480683616]","[0.009632213152477016,0.04427177028788694,0.04585567741154415]",,,,,854083.1243428957,78.23160677684892,nan,nan,ris_only_stage2_then_vp,direct_vp,True,"[""poor_clock_consistency""]",False,1.0,nan,nan,,,nan,nan,nan,False,nan,,,False,,nan,nan,,,nan,nan,nan,False,nan,,,,False,nan,nan,reliability_gated,nan,nan,,decoupled_robust,legacy_multistart,0.0
fig5,old_gated,8,641399591,-10.0,snr_db,-10.0,3,3,3,3,full_6d,641399591,,,nan,,False,,78.47557906806469,0.0007085398515736038,0.0007085398515736038,3.732579852104693e-05,0.00014002275836537043,5.917214353329902e-13,2.255878698381621,False,direct_vp,global_exact_spherical_vp,main_single_proposed,True,60157ce1a07d1473,adaptive_jones,cpu,False,,legacy_least_squares,cpu,explicit,,legacy_least_squares_numerical,False,,,0,0,,,,,,,,fixed_pol_anchor,True,fixed_anchor_then_adaptive_jones_score_selection,fixed_pol_anchor,21.807550480683616,103.81830053657212,49.404536086727525,0.0,True,3,4,3098034.114262597,nan,"[103.81830053657212,22.58775724292686,21.807550480683616]","[0.009632213152477016,0.04427177028788694,0.04585567741154415]",,direct_vp,"[""poor_clock_consistency""]",3097884.6561871683,3096560,True,854083.1243428957,78.23160677684892,3.3283440628933594,0.5846587190754987,"[3.964538640928997,5.045597093535213,5.318517709936622]",38.817940583918244,71.67619763710536,111.45612824009731,nan,nan,nan,nan,nan,nan,nan,,,nan,nan,nan,nan,nan,nan,nan,nan,nan,,,,nan,nan,nan,nan,nan,,False,,nan,,,nan,nan,nan,,,,,,,,0.0007085398515736038,3.732579852104693e-05,2.255878698381621,nan,nan,nan,False,not_run,not_requested,"[103.81830053657212,22.58775724292686,21.807550480683616]","[0.009632213152477016,0.04427177028788694,0.04585567741154415]",,,,,854083.1243428957,78.23160677684892,nan,nan,ris_only_stage2_then_vp,direct_vp,True,"[""poor_clock_consistency""]",False,1.0,nan,nan,,,nan,nan,nan,False,nan,,,False,,nan,nan,,,nan,nan,nan,False,nan,,,,False,nan,nan,reliability_gated_ris_only,nan,nan,,decoupled_robust,legacy_multistart,0.0
fig5,adaptive_jones_vp_proposed,8,641399591,-10.0,snr_db,-10.0,3,3,3,3,full_6d,641399591,,,nan,,False,,78.0957548529841,0.0007085398515736038,0.0007085398515736038,3.732579852104693e-05,0.00014002275836537043,5.917214353329902e-13,2.255878698381621,False,direct_vp,global_exact_spherical_vp,main_single_proposed,True,311cf0679adb4049,adaptive_jones,cpu,False,,legacy_least_squares,cpu,explicit,,legacy_least_squares_numerical,False,,,0,0,,,,,,,,fixed_pol_anchor,True,fixed_anchor_then_adaptive_jones_score_selection,fixed_pol_anchor,21.807550480683616,103.81830053657212,49.404536086727525,0.0,True,3,4,3098034.114262597,nan,"[103.81830053657212,22.58775724292686,21.807550480683616]","[0.009632213152477016,0.04427177028788694,0.04585567741154415]",,direct_vp,"[""poor_clock_consistency""]",3097884.6561871683,3096560,True,854083.1243428957,78.23160677684892,3.3283440628933594,0.5846587190754987,"[3.964538640928997,5.045597093535213,5.318517709936622]",38.817940583918244,71.23657279089093,111.01650339388289,nan,nan,nan,nan,nan,nan,nan,,,nan,nan,nan,nan,nan,nan,nan,nan,nan,,,,nan,nan,nan,nan,nan,,False,,nan,,,nan,nan,nan,,,,,,,,0.0007085398515736038,3.732579852104693e-05,2.255878698381621,nan,nan,nan,False,not_run,not_requested,"[103.81830053657212,22.58775724292686,21.807550480683616]","[0.009632213152477016,0.04427177028788694,0.04585567741154415]",,,,,854083.1243428957,78.23160677684892,nan,nan,ris_only_stage2_then_vp,direct_vp,True,"[""poor_clock_consistency""]",True,1.0,1.1007492766447515,1.1007492766447515,2,data_only_efim_tau_crb,0.30286813366061255,0.00013176337631618028,0.00013176337631618028,True,1.1008810400210678,green,clock_green,False,ngc_green_skip_rescue,nan,nan,2,,nan,nan,nan,False,nan,,candidate_unavailable,ngc_green_skip_rescue,False,9.21034037197618,13.815510557964274,ngc_certified_ris_only,nan,nan,,decoupled_robust,legacy_multistart,0.0
fig5,force_rescue,8,641399591,-10.0,snr_db,-10.0,3,3,3,3,full_6d,641399591,,,nan,,False,,197.129591954872,0.0007085398515736038,0.0007085398515736038,3.732579852104693e-05,0.00014002275836537043,5.917214353329902e-13,2.255878698381621,False,direct_vp_rollback,global_exact_spherical_vp,main_single_proposed,True,ed9df56a7abfcb6a,adaptive_jones,cpu,False,,legacy_least_squares,cpu,explicit,,legacy_least_squares_numerical,False,,,0,0,,,,,,,,fixed_pol_anchor,True,fixed_anchor_then_adaptive_jones_score_selection,fixed_pol_anchor,21.807550480683616,103.81830053657212,49.404536086727525,0.0,True,3,4,3098034.114262597,nan,"[103.81830053657212,22.58775724292686,21.807550480683616]","[0.009632213152477016,0.04427177028788694,0.04585567741154415]",,jnpp_then_vp,"[""poor_clock_consistency""]",3097884.6561871683,3096560,True,854083.1243428957,78.23160677684892,3.3283440628933594,0.5846587190754987,"[3.964538640928997,5.045597093535213,5.318517709936622]",38.817940583918244,71.21082918113098,110.99075978412293,nan,nan,nan,nan,nan,nan,nan,,,nan,nan,nan,nan,nan,nan,nan,nan,nan,,,,nan,nan,nan,nan,nan,,False,,nan,,,nan,nan,nan,,,,,,,,0.0007085398515736038,3.732579852104693e-05,2.255878698381621,0.0007085265516688389,3.7325563403462073e-05,2.2558786983816264,True,rollback,existing_selector_rollback,"[103.81830053657212,22.58775724292686,21.807550480683616]","[0.009632213152477016,0.04427177028788694,0.04585567741154415]",,"[103.81830019994447,22.587757277675255,21.80755045077017]","[0.009632213183709172,0.04427177021978044,0.045855677474444446]",,854083.1243428957,78.23160677684892,854083.0760865661,78.23161130360324,ris_only_stage2_then_vp,direct_vp,True,"[""poor_clock_consistency""]",False,1.0,nan,nan,,,nan,nan,nan,False,nan,,,False,,nan,nan,,,nan,nan,nan,False,nan,,,,False,nan,nan,force_ris_only,0.002462304020053517,0.24736198703988893,3,decoupled_robust,legacy_multistart,0.0
fig5,oracle_init_vp,8,641399591,-10.0,snr_db,-10.0,3,3,3,3,full_6d,641399591,,,nan,,False,,43.878334898967296,0.0007085833466377822,0.0007085833466377822,3.732561621926788e-05,0.00014003596016104987,5.91691761306703e-13,2.2558786983816246,False,oracle_init_vp,global_exact_spherical_vp,,False,,adaptive_jones,cupy,True,0,cupy,cupy.linalg.solve,explicit,matrix_free,analytic_reduced_vp_explicit_gradient,False,matrix_free_cpu_only_gpu_backend,,0,0,0,0,,,,,,fixed_pol_anchor,False,,fixed_pol_anchor,nan,nan,nan,nan,False,3,4,3096725.458075429,3096734.8022803324,"[103.86217537646256,22.597303146307457,21.816766647545606]","[0.009628144185036583,0.04425306831982776,0.04583630636626366]","[1.082831794628847e-08,3.147388594312293e-08,4.810333960408237e-09]",oracle_init_vp,"[""oracle_truth_initialization""]",nan,,,nan,nan,nan,nan,,0.0,43.87676972011104,43.87676972011104,nan,nan,nan,nan,nan,nan,nan,,,nan,nan,nan,nan,nan,nan,nan,nan,nan,,,,nan,nan,nan,nan,nan,,False,,nan,,,nan,nan,nan,,,,,,,,nan,nan,nan,nan,nan,nan,False,,,,,,,,,nan,nan,nan,nan,,,,[],False,nan,nan,nan,,,nan,nan,nan,False,nan,,,False,,nan,nan,,,nan,nan,nan,False,nan,,,,False,nan,nan,,nan,nan,,,legacy_multistart,
fig5,direct_vp,7,1914929603,-10.0,snr_db,-10.0,3,3,3,3,full_6d,1914929603,,,nan,,False,,92.278568391921,0.0013217149054299648,0.0013217149054299648,5.383177656474558e-05,0.0007368921604727559,6.357186455218405e-13,7.354901825245612,False,direct_vp,global_exact_spherical_vp,proposed_post_stage1,False,4715a3fe96b2b464,adaptive_jones,cpu,False,,legacy_least_squares,cpu,explicit,,legacy_least_squares_numerical,False,,,0,0,,,,,,,,fixed_pol_anchor,True,fixed_anchor_then_adaptive_jones_score_selection,fixed_pol_anchor,13.715200978070445,147.08638351499533,69.8598603985915,0.0,True,3,4,3094102.43488848,nan,"[147.08638351499533,48.7779967027087,13.715200978070445]","[0.006798725864049573,0.020501046938151336,0.07291180067905735]",,direct_vp,"[""poor_clock_consistency""]",3093952.9768130514,3096560,True,811837.3112023558,85.0620734800673,3.5189030874182152,0.6663105237981457,"[3.5378242315362893,5.00681297323185,4.88828757168162]",31.3750362819992,85.45996566512622,117.68859044997953,nan,nan,nan,nan,nan,nan,nan,,,nan,nan,nan,nan,nan,nan,nan,nan,nan,,,,nan,nan,nan,nan,nan,,False,,nan,,,nan,nan,nan,,,,,,,,0.0013217149054299648,5.383177656474558e-05,7.354901825245612,nan,nan,nan,False,not_run,not_requested,"[147.08638351499533,48.7779967027087,13.715200978070445]","[0.006798725864049573,0.020501046938151336,0.07291180067905735]",,,,,811837.3112023558,85.0620734800673,nan,nan,ris_only_stage2_then_vp,direct_vp,True,"[""poor_clock_consistency""]",False,1.0,nan,nan,,,nan,nan,nan,False,nan,,,False,,nan,nan,,,nan,nan,nan,False,nan,,,,False,nan,nan,reliability_gated,nan,nan,,decoupled_robust,legacy_multistart,0.0
fig5,old_gated,7,1914929603,-10.0,snr_db,-10.0,3,3,3,3,full_6d,1914929603,,,nan,,False,,92.81672473088838,0.0013217149054299648,0.0013217149054299648,5.383177656474558e-05,0.0007368921604727559,6.357186455218405e-13,7.354901825245612,False,direct_vp,global_exact_spherical_vp,main_single_proposed,True,a3cac9186b797bcd,adaptive_jones,cpu,False,,legacy_least_squares,cpu,explicit,,legacy_least_squares_numerical,False,,,0,0,,,,,,,,fixed_pol_anchor,True,fixed_anchor_then_adaptive_jones_score_selection,fixed_pol_anchor,13.715200978070445,147.08638351499533,69.8598603985915,0.0,True,3,4,3094102.43488848,nan,"[147.08638351499533,48.7779967027087,13.715200978070445]","[0.006798725864049573,0.020501046938151336,0.07291180067905735]",,direct_vp,"[""poor_clock_consistency""]",3093952.9768130514,3096560,True,811837.3112023558,85.0620734800673,3.5189030874182152,0.6663105237981457,"[3.5378242315362893,5.00681297323185,4.88828757168162]",31.3750362819992,86.26611716998741,118.49474195484072,nan,nan,nan,nan,nan,nan,nan,,,nan,nan,nan,nan,nan,nan,nan,nan,nan,,,,nan,nan,nan,nan,nan,,False,,nan,,,nan,nan,nan,,,,,,,,0.0013217149054299648,5.383177656474558e-05,7.354901825245612,nan,nan,nan,False,not_run,not_requested,"[147.08638351499533,48.7779967027087,13.715200978070445]","[0.006798725864049573,0.020501046938151336,0.07291180067905735]",,,,,811837.3112023558,85.0620734800673,nan,nan,ris_only_stage2_then_vp,direct_vp,True,"[""poor_clock_consistency""]",False,1.0,nan,nan,,,nan,nan,nan,False,nan,,,False,,nan,nan,,,nan,nan,nan,False,nan,,,,False,nan,nan,reliability_gated_ris_only,nan,nan,,decoupled_robust,legacy_multistart,0.0
fig5,adaptive_jones_vp_proposed,7,1914929603,-10.0,snr_db,-10.0,3,3,3,3,full_6d,1914929603,,,nan,,False,,92.25495532387868,0.0013217149054299648,0.0013217149054299648,5.383177656474558e-05,0.0007368921604727559,6.357186455218405e-13,7.354901825245612,False,direct_vp,global_exact_spherical_vp,main_single_proposed,True,59ebb49132490735,adaptive_jones,cpu,False,,legacy_least_squares,cpu,explicit,,legacy_least_squares_numerical,False,,,0,0,,,,,,,,fixed_pol_anchor,True,fixed_anchor_then_adaptive_jones_score_selection,fixed_pol_anchor,13.715200978070445,147.08638351499533,69.8598603985915,0.0,True,3,4,3094102.43488848,nan,"[147.08638351499533,48.7779967027087,13.715200978070445]","[0.006798725864049573,0.020501046938151336,0.07291180067905735]",,direct_vp,"[""poor_clock_consistency""]",3093952.9768130514,3096560,True,811837.3112023558,85.0620734800673,3.5189030874182152,0.6663105237981457,"[3.5378242315362893,5.00681297323185,4.88828757168162]",31.3750362819992,85.40656118700281,117.63518597185612,nan,nan,nan,nan,nan,nan,nan,,,nan,nan,nan,nan,nan,nan,nan,nan,nan,,,,nan,nan,nan,nan,nan,,False,,nan,,,nan,nan,nan,,,,,,,,0.0013217149054299648,5.383177656474558e-05,7.354901825245612,nan,nan,nan,False,not_run,not_requested,"[147.08638351499533,48.7779967027087,13.715200978070445]","[0.006798725864049573,0.020501046938151336,0.07291180067905735]",,,,,811837.3112023558,85.0620734800673,nan,nan,ris_only_stage2_then_vp,direct_vp,True,"[""poor_clock_consistency""]",True,1.0,0.9481851920546563,0.9481851920546563,2,data_only_efim_tau_crb,0.2810968386005459,0.0001265226409549697,0.0001265226409549697,True,0.9483117146956113,green,clock_green,False,ngc_green_skip_rescue,nan,nan,2,,nan,nan,nan,False,nan,,candidate_unavailable,ngc_green_skip_rescue,False,9.21034037197618,13.815510557964274,ngc_certified_ris_only,nan,nan,,decoupled_robust,legacy_multistart,0.0
fig5,force_rescue,7,1914929603,-10.0,snr_db,-10.0,3,3,3,3,full_6d,1914929603,,,nan,,False,,201.10589879285544,0.0013217149054299648,0.0013217149054299648,5.383177656474558e-05,0.0007368921604727559,6.357186455218405e-13,7.354901825245612,False,direct_vp_rollback,global_exact_spherical_vp,main_single_proposed,True,1d14cb34f5135087,adaptive_jones,cpu,False,,legacy_least_squares,cpu,explicit,,legacy_least_squares_numerical,False,,,0,0,,,,,,,,fixed_pol_anchor,True,fixed_anchor_then_adaptive_jones_score_selection,fixed_pol_anchor,13.715200978070445,147.08638351499533,69.8598603985915,0.0,True,3,4,3094102.43488848,nan,"[147.08638351499533,48.7779967027087,13.715200978070445]","[0.006798725864049573,0.020501046938151336,0.07291180067905735]",,jnpp_then_vp,"[""poor_clock_consistency""]",3093952.9768130514,3096560,True,811837.3112023558,85.0620734800673,3.5189030874182152,0.6663105237981457,"[3.5378242315362893,5.00681297323185,4.88828757168162]",31.3750362819992,85.22270305710845,117.45132784196176,nan,nan,nan,nan,nan,nan,nan,,,nan,nan,nan,nan,nan,nan,nan,nan,nan,,,,nan,nan,nan,nan,nan,,False,,nan,,,nan,nan,nan,,,,,,,,0.0013217149054299648,5.383177656474558e-05,7.354901825245612,0.0013217582819355477,5.3832954562080986e-05,7.354901825245613,True,rollback,existing_selector_rollback,"[147.08638351499533,48.7779967027087,13.715200978070445]","[0.006798725864049573,0.020501046938151336,0.07291180067905735]",,"[147.08638298081976,48.77799663599157,13.715200998627653]","[0.006798725888740596,0.020501046966192073,0.07291180056977255]",,811837.3112023558,85.0620734800673,811837.3002682343,85.0620706740175,ris_only_stage2_then_vp,direct_vp,True,"[""poor_clock_consistency""]",False,1.0,nan,nan,,,nan,nan,nan,False,nan,,,False,,nan,nan,,,nan,nan,nan,False,nan,,,,False,nan,nan,force_ris_only,0.000594603739627274,0.1774758960034397,3,decoupled_robust,legacy_multistart,0.0
fig5,oracle_init_vp,7,1914929603,-10.0,snr_db,-10.0,3,3,3,3,full_6d,1914929603,,,nan,,False,,43.242880961159244,0.001321594059720631,0.001321594059720631,5.382643094244996e-05,0.0007367550773529533,6.35505865163975e-13,7.354901825245953,False,oracle_init_vp,global_exact_spherical_vp,,False,,adaptive_jones,cupy,True,0,cupy,cupy.linalg.solve,explicit,matrix_free,analytic_reduced_vp_explicit_gradient,False,matrix_free_cpu_only_gpu_backend,,0,0,0,0,,,,,,fixed_pol_anchor,False,,fixed_pol_anchor,nan,nan,nan,nan,False,3,4,3096725.458075429,3096738.233061164,"[146.96179132343127,48.73667817147765,13.703583184925135]","[0.006804489730614764,0.020518427547171182,0.07297361474671557]","[3.770735169651375e-09,2.291966227389585e-08,4.329731945029541e-08]",oracle_init_vp,"[""oracle_truth_initialization""]",nan,,,nan,nan,nan,nan,,0.0,43.24139590188861,43.24139590188861,nan,nan,nan,nan,nan,nan,nan,,,nan,nan,nan,nan,nan,nan,nan,nan,nan,,,,nan,nan,nan,nan,nan,,False,,nan,,,nan,nan,nan,,,,,,,,nan,nan,nan,nan,nan,nan,False,,,,,,,,,nan,nan,nan,nan,,,,[],False,nan,nan,nan,,,nan,nan,nan,False,nan,,,False,,nan,nan,,,nan,nan,nan,False,nan,,,,False,nan,nan,,nan,nan,,,legacy_multistart,
fig5,direct_vp,13,634888206,-10.0,snr_db,-10.0,3,3,3,3,full_6d,634888206,,,nan,,False,,108.1691493850667,0.001585648688725767,0.001585648688725767,4.1528175288043594e-05,0.0004159212530599242,2.217550468901308e-12,2.0446468079938662,False,direct_vp,global_exact_spherical_vp,proposed_post_stage1,False,a1d90447b67b6642,adaptive_jones,cpu,False,,legacy_least_squares,cpu,explicit,,legacy_least_squares_numerical,False,,,0,0,,,,,,,,fixed_pol_anchor,True,fixed_anchor_then_adaptive_jones_score_selection,fixed_pol_anchor,17.029494527856524,255.48205796270625,99.88262739324375,0.0,True,3,4,3095329.060099091,nan,"[17.029494527856524,255.48205796270625,27.13632968916848]","[0.058721648980666424,0.003914169189487631,0.03685096737205458]",,direct_vp,"[""poor_clock_consistency""]",3095179.602023662,3096560,True,754056.0677494456,80.41011696410011,5.665136460106364,0.2540320938816472,"[4.984984595393484,5.606592187941908,5.320250033336594]",38.85496629192494,100.843351730844,140.72820224496536,nan,nan,nan,nan,nan,nan,nan,,,nan,nan,nan,nan,nan,nan,nan,nan,nan,,,,nan,nan,nan,nan,nan,,False,,nan,,,nan,nan,nan,,,,,,,,0.001585648688725767,4.1528175288043594e-05,2.0446468079938662,nan,nan,nan,False,not_run,not_requested,"[17.029494527856524,255.48205796270625,27.13632968916848]","[0.058721648980666424,0.003914169189487631,0.03685096737205458]",,,,,754056.0677494456,80.41011696410011,nan,nan,ris_only_stage2_then_vp,direct_vp,True,"[""poor_clock_consistency""]",False,1.0,nan,nan,,,nan,nan,nan,False,nan,,,False,,nan,nan,,,nan,nan,nan,False,nan,,,,False,nan,nan,reliability_gated,nan,nan,,decoupled_robust,legacy_multistart,0.0
fig5,old_gated,13,634888206,-10.0,snr_db,-10.0,3,3,3,3,full_6d,634888206,,,nan,,False,,107.57434632489458,0.001585648688725767,0.001585648688725767,4.1528175288043594e-05,0.0004159212530599242,2.217550468901308e-12,2.0446468079938662,False,direct_vp,global_exact_spherical_vp,main_single_proposed,True,c60b610702a21a89,adaptive_jones,cpu,False,,legacy_least_squares,cpu,explicit,,legacy_least_squares_numerical,False,,,0,0,,,,,,,,fixed_pol_anchor,True,fixed_anchor_then_adaptive_jones_score_selection,fixed_pol_anchor,17.029494527856524,255.48205796270625,99.88262739324375,0.0,True,3,4,3095329.060099091,nan,"[17.029494527856524,255.48205796270625,27.13632968916848]","[0.058721648980666424,0.003914169189487631,0.03685096737205458]",,direct_vp,"[""poor_clock_consistency""]",3095179.602023662,3096560,True,754056.0677494456,80.41011696410011,5.665136460106364,0.2540320938816472,"[4.984984595393484,5.606592187941908,5.320250033336594]",38.85496629192494,100.76229779212736,140.6471483062487,nan,nan,nan,nan,nan,nan,nan,,,nan,nan,nan,nan,nan,nan,nan,nan,nan,,,,nan,nan,nan,nan,nan,,False,,nan,,,nan,nan,nan,,,,,,,,0.001585648688725767,4.1528175288043594e-05,2.0446468079938662,nan,nan,nan,False,not_run,not_requested,"[17.029494527856524,255.48205796270625,27.13632968916848]","[0.058721648980666424,0.003914169189487631,0.03685096737205458]",,,,,754056.0677494456,80.41011696410011,nan,nan,ris_only_stage2_then_vp,direct_vp,True,"[""poor_clock_consistency""]",False,1.0,nan,nan,,,nan,nan,nan,False,nan,,,False,,nan,nan,,,nan,nan,nan,False,nan,,,,False,nan,nan,reliability_gated_ris_only,nan,nan,,decoupled_robust,legacy_multistart,0.0
fig5,adaptive_jones_vp_proposed,13,634888206,-10.0,snr_db,-10.0,3,3,3,3,full_6d,634888206,,,nan,,False,,107.19967252016068,0.001585648688725767,0.001585648688725767,4.1528175288043594e-05,0.0004159212530599242,2.217550468901308e-12,2.0446468079938662,False,direct_vp,global_exact_spherical_vp,main_single_proposed,True,eb2591c778cb525b,adaptive_jones,cpu,False,,legacy_least_squares,cpu,explicit,,legacy_least_squares_numerical,False,,,0,0,,,,,,,,fixed_pol_anchor,True,fixed_anchor_then_adaptive_jones_score_selection,fixed_pol_anchor,17.029494527856524,255.48205796270625,99.88262739324375,0.0,True,3,4,3095329.060099091,nan,"[17.029494527856524,255.48205796270625,27.13632968916848]","[0.058721648980666424,0.003914169189487631,0.03685096737205458]",,direct_vp,"[""poor_clock_consistency""]",3095179.602023662,3096560,True,754056.0677494456,80.41011696410011,5.665136460106364,0.2540320938816472,"[4.984984595393484,5.606592187941908,5.320250033336594]",38.85496629192494,100.28146099485457,140.16631150897592,nan,nan,nan,nan,nan,nan,nan,,,nan,nan,nan,nan,nan,nan,nan,nan,nan,,,,nan,nan,nan,nan,nan,,False,,nan,,,nan,nan,nan,,,,,,,,0.001585648688725767,4.1528175288043594e-05,2.0446468079938662,nan,nan,nan,False,not_run,not_requested,"[17.029494527856524,255.48205796270625,27.13632968916848]","[0.058721648980666424,0.003914169189487631,0.03685096737205458]",,,,,754056.0677494456,80.41011696410011,nan,nan,ris_only_stage2_then_vp,direct_vp,True,"[""poor_clock_consistency""]",True,1.0,0.05134757067705851,0.05134757067705851,2,data_only_efim_tau_crb,0.065413792300158,0.00032273557164173,0.00032273557164173,True,0.05167030624870024,green,clock_green,False,ngc_green_skip_rescue,nan,nan,2,,nan,nan,nan,False,nan,,candidate_unavailable,ngc_green_skip_rescue,False,9.21034037197618,13.815510557964274,ngc_certified_ris_only,nan,nan,,decoupled_robust,legacy_multistart,0.0
fig5,force_rescue,13,634888206,-10.0,snr_db,-10.0,3,3,3,3,full_6d,634888206,,,nan,,False,,169.91743692895398,0.001585648688725767,0.001585648688725767,4.1528175288043594e-05,0.0004159212530599242,2.217550468901308e-12,2.0446468079938662,False,direct_vp_rollback,global_exact_spherical_vp,main_single_proposed,True,b1238b3793a9b61f,adaptive_jones,cpu,False,,legacy_least_squares,cpu,explicit,,legacy_least_squares_numerical,False,,,0,0,,,,,,,,fixed_pol_anchor,True,fixed_anchor_then_adaptive_jones_score_selection,fixed_pol_anchor,17.029494527856524,255.48205796270625,99.88262739324375,0.0,True,3,4,3095329.060099091,nan,"[17.029494527856524,255.48205796270625,27.13632968916848]","[0.058721648980666424,0.003914169189487631,0.03685096737205458]",,jnpp_then_vp,"[""poor_clock_consistency""]",3095179.602023662,3096560,True,754056.0677494456,80.41011696410011,5.665136460106364,0.2540320938816472,"[4.984984595393484,5.606592187941908,5.320250033336594]",38.85496629192494,83.39350056089461,123.27835107501596,nan,nan,nan,nan,nan,nan,nan,,,nan,nan,nan,nan,nan,nan,nan,nan,nan,,,,nan,nan,nan,nan,nan,,False,,nan,,,nan,nan,nan,,,,,,,,0.001585648688725767,4.1528175288043594e-05,2.0446468079938662,0.0015856396548192945,4.1528386883013066e-05,2.0446468079938662,True,rollback,existing_selector_rollback,"[17.029494527856524,255.48205796270625,27.13632968916848]","[0.058721648980666424,0.003914169189487631,0.03685096737205458]",,"[17.0294945340151,255.48205691748046,27.136329673723292]","[0.05872164895943023,0.003914169205501243,0.03685096739302905]",,754056.0677494456,80.41011696410011,754056.0406665702,80.41011881412126,ris_only_stage2_then_vp,direct_vp,True,"[""poor_clock_consistency""]",False,1.0,nan,nan,,,nan,nan,nan,False,nan,,,False,,nan,nan,,,nan,nan,nan,False,nan,,,,False,nan,nan,force_ris_only,0.0012658954367410471,0.1046792125906636,3,decoupled_robust,legacy_multistart,0.0
fig5,oracle_init_vp,13,634888206,-10.0,snr_db,-10.0,3,3,3,3,full_6d,634888206,,,nan,,False,,27.379883697954938,0.0015856077978445074,0.0015856077978445074,4.152699264435299e-05,0.00041591064517752536,2.217326416953802e-12,2.044646807993864,False,oracle_init_vp,global_exact_spherical_vp,,False,,adaptive_jones,cupy,True,0,cupy,cupy.linalg.solve,explicit,matrix_free,analytic_reduced_vp_explicit_gradient,False,matrix_free_cpu_only_gpu_backend,,0,0,0,0,,,,,,fixed_pol_anchor,False,,fixed_pol_anchor,nan,nan,nan,nan,False,3,4,3096725.458075429,3096736.9777528667,"[17.021815071816228,255.3668522844293,27.12409264262919]","[0.05874814147397961,0.003915935019752784,0.036867592702483264]","[2.1003893017376335e-08,4.085435768798466e-09,2.8645947678610683e-08]",oracle_init_vp,"[""oracle_truth_initialization""]",nan,,,nan,nan,nan,nan,,0.0,27.37837924901396,27.37837924901396,nan,nan,nan,nan,nan,nan,nan,,,nan,nan,nan,nan,nan,nan,nan,nan,nan,,,,nan,nan,nan,nan,nan,,False,,nan,,,nan,nan,nan,,,,,,,,nan,nan,nan,nan,nan,nan,False,,,,,,,,,nan,nan,nan,nan,,,,[],False,nan,nan,nan,,,nan,nan,nan,False,nan,,,False,,nan,nan,,,nan,nan,nan,False,nan,,,,False,nan,nan,,nan,nan,,,legacy_multistart,
fig5,direct_vp,21,4000820147,-10.0,snr_db,-10.0,3,3,3,3,full_6d,4000820147,,,nan,,False,,102.95415638596751,0.0007149190386427227,0.0007149190386427227,3.092310045191883e-05,0.00040660986777225796,3.932785704728503e-12,3.4784412926208788,False,direct_vp,global_exact_spherical_vp,proposed_post_stage1,False,448320b54c1d1dd5,adaptive_jones,cpu,False,,legacy_least_squares,cpu,explicit,,legacy_least_squares_numerical,False,,,0,0,,,,,,,,fixed_pol_anchor,True,fixed_anchor_then_adaptive_jones_score_selection,fixed_pol_anchor,11.46061835149446,462.6366478473837,189.32393241195075,0.0,True,3,4,3096158.034779254,nan,"[11.46061835149446,462.6366478473837,93.87453103697412]","[0.08725532683479854,0.002161523528648874,0.010652516596991126]",,direct_vp,"[""poor_clock_consistency""]",3096008.576703825,3096560,True,509999.5679689945,136.26235480402968,2.847218239410494,0.3498925325790689,"[5.0374140680539625,5.491548620434192,4.635011022587462]",28.006192401982844,95.79049570299685,124.63898298703134,nan,nan,nan,nan,nan,nan,nan,,,nan,nan,nan,nan,nan,nan,nan,nan,nan,,,,nan,nan,nan,nan,nan,,False,,nan,,,nan,nan,nan,,,,,,,,0.0007149190386427227,3.092310045191883e-05,3.4784412926208788,nan,nan,nan,False,not_run,not_requested,"[11.46061835149446,462.6366478473837,93.87453103697412]","[0.08725532683479854,0.002161523528648874,0.010652516596991126]",,,,,509999.5679689945,136.26235480402968,nan,nan,ris_only_stage2_then_vp,direct_vp,True,"[""poor_clock_consistency""]",False,1.0,nan,nan,,,nan,nan,nan,False,nan,,,False,,nan,nan,,,nan,nan,nan,False,nan,,,,False,nan,nan,reliability_gated,nan,nan,,decoupled_robust,legacy_multistart,0.0
fig5,old_gated,21,4000820147,-10.0,snr_db,-10.0,3,3,3,3,full_6d,4000820147,,,nan,,False,,107.73155909311026,0.0007149190386427227,0.0007149190386427227,3.092310045191883e-05,0.00040660986777225796,3.932785704728503e-12,3.4784412926208788,False,direct_vp,global_exact_spherical_vp,main_single_proposed,True,364017cde9c83080,adaptive_jones,cpu,False,,legacy_least_squares,cpu,explicit,,legacy_least_squares_numerical,False,,,0,0,,,,,,,,fixed_pol_anchor,True,fixed_anchor_then_adaptive_jones_score_selection,fixed_pol_anchor,11.46061835149446,462.6366478473837,189.32393241195075,0.0,True,3,4,3096158.034779254,nan,"[11.46061835149446,462.6366478473837,93.87453103697412]","[0.08725532683479854,0.002161523528648874,0.010652516596991126]",,direct_vp,"[""poor_clock_consistency""]",3096008.576703825,3096560,True,509999.5679689945,136.26235480402968,2.847218239410494,0.3498925325790689,"[5.0374140680539625,5.491548620434192,4.635011022587462]",28.006192401982844,100.78969539399259,129.63818267802708,nan,nan,nan,nan,nan,nan,nan,,,nan,nan,nan,nan,nan,nan,nan,nan,nan,,,,nan,nan,nan,nan,nan,,False,,nan,,,nan,nan,nan,,,,,,,,0.0007149190386427227,3.092310045191883e-05,3.4784412926208788,nan,nan,nan,False,not_run,not_requested,"[11.46061835149446,462.6366478473837,93.87453103697412]","[0.08725532683479854,0.002161523528648874,0.010652516596991126]",,,,,509999.5679689945,136.26235480402968,nan,nan,ris_only_stage2_then_vp,direct_vp,True,"[""poor_clock_consistency""]",False,1.0,nan,nan,,,nan,nan,nan,False,nan,,,False,,nan,nan,,,nan,nan,nan,False,nan,,,,False,nan,nan,reliability_gated_ris_only,nan,nan,,decoupled_robust,legacy_multistart,0.0
fig5,adaptive_jones_vp_proposed,21,4000820147,-10.0,snr_db,-10.0,3,3,3,3,full_6d,4000820147,,,nan,,False,,107.30031193117611,0.0007149190386427227,0.0007149190386427227,3.092310045191883e-05,0.00040660986777225796,3.932785704728503e-12,3.4784412926208788,False,direct_vp,global_exact_spherical_vp,main_single_proposed,True,234c67bac91d9822,adaptive_jones,cpu,False,,legacy_least_squares,cpu,explicit,,legacy_least_squares_numerical,False,,,0,0,,,,,,,,fixed_pol_anchor,True,fixed_anchor_then_adaptive_jones_score_selection,fixed_pol_anchor,11.46061835149446,462.6366478473837,189.32393241195075,0.0,True,3,4,3096158.034779254,nan,"[11.46061835149446,462.6366478473837,93.87453103697412]","[0.08725532683479854,0.002161523528648874,0.010652516596991126]",,direct_vp,"[""poor_clock_consistency""]",3096008.576703825,3096560,True,509999.5679689945,136.26235480402968,2.847218239410494,0.3498925325790689,"[5.0374140680539625,5.491548620434192,4.635011022587462]",28.006192401982844,100.31758323591202,129.16607051994652,nan,nan,nan,nan,nan,nan,nan,,,nan,nan,nan,nan,nan,nan,nan,nan,nan,,,,nan,nan,nan,nan,nan,,False,,nan,,,nan,nan,nan,,,,,,,,0.0007149190386427227,3.092310045191883e-05,3.4784412926208788,nan,nan,nan,False,not_run,not_requested,"[11.46061835149446,462.6366478473837,93.87453103697412]","[0.08725532683479854,0.002161523528648874,0.010652516596991126]",,,,,509999.5679689945,136.26235480402968,nan,nan,ris_only_stage2_then_vp,direct_vp,True,"[""poor_clock_consistency""]",True,1.0,0.9587784061965932,0.9587784061965932,2,data_only_efim_tau_crb,0.28266269742642514,0.0006618886023982401,0.0006618886023982401,True,0.9594402947989914,green,clock_green,False,ngc_green_skip_rescue,nan,nan,2,,nan,nan,nan,False,nan,,candidate_unavailable,ngc_green_skip_rescue,False,9.21034037197618,13.815510557964274,ngc_certified_ris_only,nan,nan,,decoupled_robust,legacy_multistart,0.0
fig5,force_rescue,21,4000820147,-10.0,snr_db,-10.0,3,3,3,3,full_6d,4000820147,,,nan,,False,,205.43052742490545,0.0007149190386427227,0.0007149190386427227,3.092310045191883e-05,0.00040660986777225796,3.932785704728503e-12,3.4784412926208788,False,direct_vp_rollback,global_exact_spherical_vp,main_single_proposed,True,980ac6d397fbd6dc,adaptive_jones,cpu,False,,legacy_least_squares,cpu,explicit,,legacy_least_squares_numerical,False,,,0,0,,,,,,,,fixed_pol_anchor,True,fixed_anchor_then_adaptive_jones_score_selection,fixed_pol_anchor,11.46061835149446,462.6366478473837,189.32393241195075,0.0,True,3,4,3096158.034779254,nan,"[11.46061835149446,462.6366478473837,93.87453103697412]","[0.08725532683479854,0.002161523528648874,0.010652516596991126]",,jnpp_then_vp,"[""poor_clock_consistency""]",3096008.576703825,3096560,True,509999.5679689945,136.26235480402968,2.847218239410494,0.3498925325790689,"[5.0374140680539625,5.491548620434192,4.635011022587462]",28.006192401982844,98.93457068805583,127.78305797209032,nan,nan,nan,nan,nan,nan,nan,,,nan,nan,nan,nan,nan,nan,nan,nan,nan,,,,nan,nan,nan,nan,nan,,False,,nan,,,nan,nan,nan,,,,,,,,0.0007149190386427227,3.092310045191883e-05,3.4784412926208788,0.0007145093601301162,3.091723529417786e-05,3.4784412926190678,True,rollback,existing_selector_rollback,"[11.46061835149446,462.6366478473837,93.87453103697412]","[0.08725532683479854,0.002161523528648874,0.010652516596991126]",,"[11.460618306815174,462.63671440514526,93.87452738480725]","[0.08725532717496394,0.0021615232176788123,0.010652517011424832]",,509999.5679689945,136.26235480402968,509999.9771189728,136.2622191149649,ris_only_stage2_then_vp,direct_vp,True,"[""poor_clock_consistency""]",False,1.0,nan,nan,,,nan,nan,nan,False,nan,,,False,,nan,nan,,,nan,nan,nan,False,nan,,,,False,nan,nan,force_ris_only,0.004048406197231838,0.0348545127612246,3,decoupled_robust,legacy_multistart,0.0
fig5,oracle_init_vp,21,4000820147,-10.0,snr_db,-10.0,3,3,3,3,full_6d,4000820147,,,nan,,False,,43.40968597587198,0.000714341913908498,0.000714341913908498,3.0899005027131004e-05,0.0004057813969489272,3.931629155888462e-12,3.4784412926182675,False,oracle_init_vp,global_exact_spherical_vp,,False,,adaptive_jones,cupy,True,0,cupy,cupy.linalg.solve,explicit,matrix_free,analytic_reduced_vp_explicit_gradient,False,matrix_free_cpu_only_gpu_backend,,0,0,0,0,,,,,,fixed_pol_anchor,False,,fixed_pol_anchor,nan,nan,nan,nan,False,3,4,3096725.458075429,3096730.9353634617,"[11.458518257763485,462.55197406541447,93.8573204245456]","[0.08727131881218689,0.002161919212555403,0.010654469948458301]","[8.959006601762472e-09,7.984512557310994e-10,7.186370722275718e-10]",oracle_init_vp,"[""oracle_truth_initialization""]",nan,,,nan,nan,nan,nan,,0.0,43.408126714872196,43.408126714872196,nan,nan,nan,nan,nan,nan,nan,,,nan,nan,nan,nan,nan,nan,nan,nan,nan,,,,nan,nan,nan,nan,nan,,False,,nan,,,nan,nan,nan,,,,,,,,nan,nan,nan,nan,nan,nan,False,,,,,,,,,nan,nan,nan,nan,,,,[],False,nan,nan,nan,,,nan,nan,nan,False,nan,,,False,,nan,nan,,,nan,nan,nan,False,nan,,,,False,nan,nan,,nan,nan,,,legacy_multistart,
fig5,direct_vp,22,3206710796,-10.0,snr_db,-10.0,3,3,3,3,full_6d,3206710796,,,nan,,False,,118.6093877281528,0.0006275277765338573,0.0006275277765338573,5.039075522360283e-05,0.0002032125180331547,3.399943629557617e-12,1.0713587781139458,False,direct_vp,global_exact_spherical_vp,proposed_post_stage1,False,e14301df63f97e3e,adaptive_jones,cpu,False,,legacy_least_squares,cpu,explicit,,legacy_least_squares_numerical,False,,,0,0,,,,,,,,fixed_pol_anchor,True,fixed_anchor_then_adaptive_jones_score_selection,fixed_pol_anchor,22.24139154034472,88.13921932349245,45.15727970331889,0.0,True,3,10,3105839.247471202,nan,"[25.091228246119503,22.24139154034472,88.13921932349245]","[0.03985456551452655,0.04496121558598575,0.011345687057218156]",,direct_vp,"[""poor_clock_consistency""]",3093207.378486976,3096560,True,568962.3706046335,85.35873793994107,7.645354529944071,0.13410875063814354,"[4.744356092057887,4.697607294034363,5.0025738074639]",21.29893759195693,114.32363294786774,136.4090490755625,nan,nan,nan,nan,nan,nan,nan,,,nan,nan,nan,nan,nan,nan,nan,nan,nan,,,,nan,nan,nan,nan,nan,,False,,nan,,,nan,nan,nan,,,,,,,,0.0006275277765338573,5.039075522360283e-05,1.0713587781139458,nan,nan,nan,False,not_run,not_requested,"[25.091228246119503,22.24139154034472,88.13921932349245]","[0.03985456551452655,0.04496121558598575,0.011345687057218156]",,,,,568962.3706046335,85.35873793994107,nan,nan,ris_only_stage2_then_vp,direct_vp,True,"[""poor_clock_consistency""]",False,1.0,nan,nan,,,nan,nan,nan,False,nan,,,False,,nan,nan,,,nan,nan,nan,False,nan,,,,False,nan,nan,reliability_gated,nan,nan,,decoupled_robust,legacy_multistart,0.0
fig5,old_gated,22,3206710796,-10.0,snr_db,-10.0,3,3,3,3,full_6d,3206710796,,,nan,,False,,177.52954269293696,0.0006275573066802804,0.0006275573066802804,5.03908186687641e-05,0.000203216300791422,3.3999428608720385e-12,1.0713587781139446,False,ris_only_stage2_then_vp,global_exact_spherical_vp,main_single_proposed,True,d4714b84fedd7c91,adaptive_jones,cpu,False,,legacy_least_squares,cpu,explicit,,legacy_least_squares_numerical,False,,,0,0,,,,,,,,fixed_pol_anchor,True,fixed_anchor_then_adaptive_jones_score_selection,fixed_pol_anchor,22.24139210905417,88.13922514852952,45.157281505065775,0.0,True,3,10,3105839.247471395,nan,"[25.091227257613628,22.24139210905417,88.13922514852952]","[0.039854567084655894,0.04496121443633342,0.011345686307392553]",,jnpp_then_vp,"[""poor_clock_consistency""]",3105689.7893957733,3096560,False,399061.27028062555,112.99880157313477,7.645354529944071,0.13410875063814354,"[4.744356092057887,4.697607294034363,5.0025738074639]",21.29893759195693,70.16236172802746,115.77683056052774,nan,nan,nan,nan,nan,nan,nan,,,nan,nan,nan,nan,nan,nan,nan,nan,nan,,,,nan,nan,nan,nan,nan,,False,,nan,,,nan,nan,nan,,,,,,,,0.7000000497749577,0.039295302530940816,1.0756821676778574,0.0006275573066802804,5.03908186687641e-05,1.0713587781139446,True,accepted,accepted,"[25.091228246119503,22.24139154034472,88.13921932349245]","[0.03985456551452655,0.04496121558598575,0.011345687057218156]",,"[25.091227257613628,22.24139210905417,88.13922514852952]","[0.039854567084655894,0.04496121443633342,0.011345686307392553]",,399061.27028062555,112.99880157313477,568962.4562144296,85.35872507196433,ris_only_stage2_then_vp,jnpp_then_vp,True,"[""poor_clock_consistency""]",False,1.0,nan,nan,,,nan,nan,nan,False,nan,,,False,,nan,nan,,,nan,nan,nan,False,nan,,,,False,nan,nan,reliability_gated_ris_only,0.7000000172878402,0.23739693027324774,3,decoupled_robust,legacy_multistart,0.0
fig5,adaptive_jones_vp_proposed,22,3206710796,-10.0,snr_db,-10.0,3,3,3,3,full_6d,3206710796,,,nan,,False,,73.13956721196882,0.7000000497749577,0.7000000497749577,0.039295302530940816,0.018038631284895666,5.478416265546185e-11,1.0756821676778574,True,direct_vp,global_exact_spherical_vp,main_single_proposed,True,8edd087603b3349c,adaptive_jones,cpu,False,,legacy_least_squares,cpu,explicit,,legacy_least_squares_numerical,False,,,0,0,,,,,,,,fixed_pol_anchor,True,fixed_anchor_then_adaptive_jones_score_selection,fixed_pol_anchor,22.24139154034472,88.13921932349245,45.15727970331889,0.0,True,3,4,3105839.247471202,nan,"[25.091228246119503,22.24139154034472,88.13921932349245]","[0.03985456551452655,0.04496121558598575,0.011345687057218156]",,direct_vp,"[""poor_clock_consistency""]",3105689.7893957733,3096560,False,399061.27028062555,112.99880157313477,7.645354529944071,0.13410875063814354,"[4.744356092057887,4.697607294034363,5.0025738074639]",21.29893759195693,68.96937310695648,91.05478923465125,nan,nan,nan,nan,nan,nan,nan,,,nan,nan,nan,nan,nan,nan,nan,nan,nan,,,,nan,nan,nan,nan,nan,,False,,nan,,,nan,nan,nan,,,,,,,,0.7000000497749577,0.039295302530940816,1.0756821676778574,nan,nan,nan,False,not_run,not_requested,"[25.091228246119503,22.24139154034472,88.13921932349245]","[0.03985456551452655,0.04496121558598575,0.011345687057218156]",,,,,399061.27028062555,112.99880157313477,nan,nan,ris_only_stage2_then_vp,jnpp_then_vp,True,"[""poor_clock_consistency""]",True,1.0,0.05788402059516139,0.05788402059516139,2,data_only_efim_tau_crb,0.06945263409641218,0.11035244028943235,0.11035244028943235,True,0.16823646088459374,green,clock_green,False,ngc_green_skip_rescue,nan,nan,2,,nan,nan,nan,False,nan,,candidate_unavailable,ngc_green_skip_rescue,False,9.21034037197618,13.815510557964274,ngc_certified_ris_only,nan,nan,,decoupled_robust,legacy_multistart,0.0
fig5,force_rescue,22,3206710796,-10.0,snr_db,-10.0,3,3,3,3,full_6d,3206710796,,,nan,,False,,190.03008148516528,0.0006275573066802804,0.0006275573066802804,5.03908186687641e-05,0.000203216300791422,3.3999428608720385e-12,1.0713587781139446,False,ris_only_stage2_then_vp,global_exact_spherical_vp,main_single_proposed,True,9e28e17124ba0b9d,adaptive_jones,cpu,False,,legacy_least_squares,cpu,explicit,,legacy_least_squares_numerical,False,,,0,0,,,,,,,,fixed_pol_anchor,True,fixed_anchor_then_adaptive_jones_score_selection,fixed_pol_anchor,22.24139210905417,88.13922514852952,45.157281505065775,0.0,True,3,10,3105839.247471395,nan,"[25.091227257613628,22.24139210905417,88.13922514852952]","[0.039854567084655894,0.04496121443633342,0.011345686307392553]",,jnpp_then_vp,"[""poor_clock_consistency""]",3105689.7893957733,3096560,False,399061.27028062555,112.99880157313477,7.645354529944071,0.13410875063814354,"[4.744356092057887,4.697607294034363,5.0025738074639]",21.29893759195693,81.79089383711107,128.03493271605112,nan,nan,nan,nan,nan,nan,nan,,,nan,nan,nan,nan,nan,nan,nan,nan,nan,,,,nan,nan,nan,nan,nan,,False,,nan,,,nan,nan,nan,,,,,,,,0.7000000497749577,0.039295302530940816,1.0756821676778574,0.0006275573066802804,5.03908186687641e-05,1.0713587781139446,True,accepted,accepted,"[25.091228246119503,22.24139154034472,88.13921932349245]","[0.03985456551452655,0.04496121558598575,0.011345687057218156]",,"[25.091227257613628,22.24139210905417,88.13922514852952]","[0.039854567084655894,0.04496121443633342,0.011345686307392553]",,399061.27028062555,112.99880157313477,568962.4562144296,85.35872507196433,ris_only_stage2_then_vp,jnpp_then_vp,True,"[""poor_clock_consistency""]",False,1.0,nan,nan,,,nan,nan,nan,False,nan,,,False,,nan,nan,,,nan,nan,nan,False,nan,,,,False,nan,nan,force_ris_only,0.7000000172878402,0.23739693027324774,3,decoupled_robust,legacy_multistart,0.0
fig5,oracle_init_vp,22,3206710796,-10.0,snr_db,-10.0,3,3,3,3,full_6d,3206710796,,,nan,,False,,33.63721680501476,0.0006275033805967804,0.0006275033805967804,5.039035432476477e-05,0.0002032131898938896,3.3998808900333355e-12,1.0713587781139422,False,oracle_init_vp,global_exact_spherical_vp,,False,,adaptive_jones,cupy,True,0,cupy,cupy.linalg.solve,explicit,matrix_free,analytic_reduced_vp_explicit_gradient,False,matrix_free_cpu_only_gpu_backend,,0,0,0,0,,,,,,fixed_pol_anchor,False,,fixed_pol_anchor,nan,nan,nan,nan,False,3,4,3096725.458075429,3096733.0563103324,"[24.656397549643042,21.913307200359164,70.89377547673435]","[0.040557425226533994,0.04563437142713431,0.01410561072822652]","[1.5545189548645056e-08,1.6592425111438315e-08,9.487977011439213e-09]",oracle_init_vp,"[""oracle_truth_initialization""]",nan,,,nan,nan,nan,nan,,0.0,33.63574830186553,33.63574830186553,nan,nan,nan,nan,nan,nan,nan,,,nan,nan,nan,nan,nan,nan,nan,nan,nan,,,,nan,nan,nan,nan,nan,,False,,nan,,,nan,nan,nan,,,,,,,,nan,nan,nan,nan,nan,nan,False,,,,,,,,,nan,nan,nan,nan,,,,[],False,nan,nan,nan,,,nan,nan,nan,False,nan,,,False,,nan,nan,,,nan,nan,nan,False,nan,,,,False,nan,nan,,nan,nan,,,legacy_multistart,
fig5,direct_vp,18,3644258948,-10.0,snr_db,-10.0,3,3,3,3,full_6d,3644258948,,,nan,,False,,117.8125728329178,0.0005110045614002037,0.0005110045614002037,3.669894755883456e-05,0.0004223716493426394,4.836484847608103e-12,4.394780839674642,False,direct_vp,global_exact_spherical_vp,proposed_post_stage1,False,b003d9357f7672a6,adaptive_jones,cpu,False,,legacy_least_squares,cpu,explicit,,legacy_least_squares_numerical,False,,,0,0,,,,,,,,fixed_pol_anchor,True,fixed_anchor_then_adaptive_jones_score_selection,fixed_pol_anchor,16.600834040999093,108.88485821886766,63.28995516548236,0.0,True,3,10,3140878.4567127363,nan,"[64.38417323658031,108.88485821886766,16.600834040999093]","[0.015531767353152232,0.009184013427110605,0.060237937293614194]",,direct_vp,"[""poor_clock_consistency""]",3093957.542697286,3096560,True,808336.2453414574,80.65498102807229,7.435279334845189,0.34746481492102027,"[5.534068483666001,5.770637530341423,4.944313881070154]",26.39390151295811,112.1622830950655,139.32860081084073,nan,nan,nan,nan,nan,nan,nan,,,nan,nan,nan,nan,nan,nan,nan,nan,nan,,,,nan,nan,nan,nan,nan,,False,,nan,,,nan,nan,nan,,,,,,,,0.0005110045614002037,3.669894755883456e-05,4.394780839674642,nan,nan,nan,False,not_run,not_requested,"[64.38417323658031,108.88485821886766,16.600834040999093]","[0.015531767353152232,0.009184013427110605,0.060237937293614194]",,,,,808336.2453414574,80.65498102807229,nan,nan,ris_only_stage2_then_vp,direct_vp,True,"[""poor_clock_consistency""]",False,1.0,nan,nan,,,nan,nan,nan,False,nan,,,False,,nan,nan,,,nan,nan,nan,False,nan,,,,False,nan,nan,reliability_gated,nan,nan,,decoupled_robust,legacy_multistart,0.0
fig5,old_gated,18,3644258948,-10.0,snr_db,-10.0,3,3,3,3,full_6d,3644258948,,,nan,,False,,194.7978825790342,0.0005110008363691898,0.0005110008363691898,3.669892039788189e-05,0.0004223720662525355,4.836484436949966e-12,4.39478083967465,False,ris_only_stage2_then_vp,global_exact_spherical_vp,main_single_proposed,True,77f33a07d73fe6f8,adaptive_jones,cpu,False,,legacy_least_squares,cpu,explicit,,legacy_least_squares_numerical,False,,,0,0,,,,,,,,fixed_pol_anchor,True,fixed_anchor_then_adaptive_jones_score_selection,fixed_pol_anchor,16.600833357223262,108.88487045967047,63.289961376805934,0.0,True,3,10,3140878.4567137575,nan,"[64.38418031352408,108.88487045967047,16.600833357223262]","[0.015531765645940249,0.009184012394646711,0.06023793977476949]",,jnpp_then_vp,"[""poor_clock_consistency""]",3140728.9986373074,3096560,False,269227.8441365939,202.87948941879606,7.435279334845189,0.34746481492102027,"[5.534068483666001,5.770637530341423,4.944313881070154]",26.39390151295811,90.5692297918722,146.83942181058228,nan,nan,nan,nan,nan,nan,nan,,,nan,nan,nan,nan,nan,nan,nan,nan,nan,,,,nan,nan,nan,nan,nan,,False,,nan,,,nan,nan,nan,,,,,,,,0.700000030223491,0.15094105786770354,4.4612168833411285,0.0005110008363691898,3.669892039788189e-05,4.39478083967465,True,accepted,accepted,"[64.38417323658031,108.88485821886766,16.600834040999093]","[0.015531767353152232,0.009184013427110605,0.060237937293614194]",,"[64.38418031352408,108.88487045967047,16.600833357223262]","[0.015531765645940249,0.009184012394646711,0.06023793977476949]",,269227.8441365939,202.87948941879606,808336.2484531729,80.65498075111077,ris_only_stage2_then_vp,jnpp_then_vp,True,"[""poor_clock_consistency""]",False,1.0,nan,nan,,,nan,nan,nan,False,nan,,,False,,nan,nan,,,nan,nan,nan,False,nan,,,,False,nan,nan,reliability_gated_ris_only,0.7000003164787701,0.3969172753430879,3,decoupled_robust,legacy_multistart,0.0
fig5,adaptive_jones_vp_proposed,18,3644258948,-10.0,snr_db,-10.0,3,3,3,3,full_6d,3644258948,,,nan,,False,,63.28030647011474,0.700000030223491,0.700000030223491,0.15094105786770354,0.018150534590529496,6.272266672437811e-11,4.4612168833411285,True,direct_vp,global_exact_spherical_vp,main_single_proposed,True,121e745d3bf58a5f,adaptive_jones,cpu,False,,legacy_least_squares,cpu,explicit,,legacy_least_squares_numerical,False,,,0,0,,,,,,,,fixed_pol_anchor,True,fixed_anchor_then_adaptive_jones_score_selection,fixed_pol_anchor,16.600834040999093,108.88485821886766,63.28995516548236,0.0,True,3,4,3140878.4567127363,nan,"[64.38417323658031,108.88485821886766,16.600834040999093]","[0.015531767353152232,0.009184013427110605,0.060237937293614194]",,direct_vp,"[""poor_clock_consistency""]",3140728.9986373074,3096560,False,269227.8441365939,202.87948941879606,7.435279334845189,0.34746481492102027,"[5.534068483666001,5.770637530341423,4.944313881070154]",26.39390151295811,58.31431903014891,85.48063674592413,nan,nan,nan,nan,nan,nan,nan,,,nan,nan,nan,nan,nan,nan,nan,nan,nan,,,,nan,nan,nan,nan,nan,,False,,nan,,,nan,nan,nan,,,,,,,,0.700000030223491,0.15094105786770354,4.4612168833411285,nan,nan,nan,False,not_run,not_requested,"[64.38417323658031,108.88485821886766,16.600834040999093]","[0.015531767353152232,0.009184013427110605,0.060237937293614194]",,,,,269227.8441365939,202.87948941879606,nan,nan,ris_only_stage2_then_vp,jnpp_then_vp,True,"[""poor_clock_consistency""]",True,1.0,0.092706474764241,0.092706474764241,2,data_only_efim_tau_crb,0.08789504857320889,0.16217387231920552,0.16217387231920552,True,0.25488034708344653,green,clock_green,False,ngc_green_skip_rescue,nan,nan,2,,nan,nan,nan,False,nan,,candidate_unavailable,ngc_green_skip_rescue,False,9.21034037197618,13.815510557964274,ngc_certified_ris_only,nan,nan,,decoupled_robust,legacy_multistart,0.0
fig5,force_rescue,18,3644258948,-10.0,snr_db,-10.0,3,3,3,3,full_6d,3644258948,,,nan,,False,,191.7947124671191,0.0005110008363691898,0.0005110008363691898,3.669892039788189e-05,0.0004223720662525355,4.836484436949966e-12,4.39478083967465,False,ris_only_stage2_then_vp,global_exact_spherical_vp,main_single_proposed,True,583d06b5e44968e0,adaptive_jones,cpu,False,,legacy_least_squares,cpu,explicit,,legacy_least_squares_numerical,False,,,0,0,,,,,,,,fixed_pol_anchor,True,fixed_anchor_then_adaptive_jones_score_selection,fixed_pol_anchor,16.600833357223262,108.88487045967047,63.289961376805934,0.0,True,3,10,3140878.4567137575,nan,"[64.38418031352408,108.88487045967047,16.600833357223262]","[0.015531765645940249,0.009184012394646711,0.06023793977476949]",,jnpp_then_vp,"[""poor_clock_consistency""]",3140728.9986373074,3096560,False,269227.8441365939,202.87948941879606,7.435279334845189,0.34746481492102027,"[5.534068483666001,5.770637530341423,4.944313881070154]",26.39390151295811,90.18605874595232,145.95684949378483,nan,nan,nan,nan,nan,nan,nan,,,nan,nan,nan,nan,nan,nan,nan,nan,nan,,,,nan,nan,nan,nan,nan,,False,,nan,,,nan,nan,nan,,,,,,,,0.700000030223491,0.15094105786770354,4.4612168833411285,0.0005110008363691898,3.669892039788189e-05,4.39478083967465,True,accepted,accepted,"[64.38417323658031,108.88485821886766,16.600834040999093]","[0.015531767353152232,0.009184013427110605,0.060237937293614194]",,"[64.38418031352408,108.88487045967047,16.600833357223262]","[0.015531765645940249,0.009184012394646711,0.06023793977476949]",,269227.8441365939,202.87948941879606,808336.2484531729,80.65498075111077,ris_only_stage2_then_vp,jnpp_then_vp,True,"[""poor_clock_consistency""]",False,1.0,nan,nan,,,nan,nan,nan,False,nan,,,False,,nan,nan,,,nan,nan,nan,False,nan,,,,False,nan,nan,force_ris_only,0.7000003164787701,0.3969172753430879,3,decoupled_robust,legacy_multistart,0.0
fig5,oracle_init_vp,18,3644258948,-10.0,snr_db,-10.0,3,3,3,3,full_6d,3644258948,,,nan,,False,,32.772158559877425,0.000511001781597053,0.000511001781597053,3.669800432502145e-05,0.0004223569579628435,4.836299862621217e-12,4.3947808396746275,False,oracle_init_vp,global_exact_spherical_vp,,False,,adaptive_jones,cupy,True,0,cupy,cupy.linalg.solve,explicit,matrix_free,analytic_reduced_vp_explicit_gradient,False,matrix_free_cpu_only_gpu_backend,,0,0,0,0,,,,,,fixed_pol_anchor,False,,fixed_pol_anchor,nan,nan,nan,nan,False,3,4,3096725.458075429,3096730.9862068887,"[64.0548757952174,108.19922538235105,13.327460476279573]","[0.015611614065616676,0.009242210342615966,0.07503304937699785]","[2.9717507155539366e-09,9.833628732633724e-12,3.3366671014255294e-08]",oracle_init_vp,"[""oracle_truth_initialization""]",nan,,,nan,nan,nan,nan,,0.0,32.770601842785254,32.770601842785254,nan,nan,nan,nan,nan,nan,nan,,,nan,nan,nan,nan,nan,nan,nan,nan,nan,,,,nan,nan,nan,nan,nan,,False,,nan,,,nan,nan,nan,,,,,,,,nan,nan,nan,nan,nan,nan,False,,,,,,,,,nan,nan,nan,nan,,,,[],False,nan,nan,nan,,,nan,nan,nan,False,nan,,,False,,nan,nan,,,nan,nan,nan,False,nan,,,,False,nan,nan,,nan,nan,,,legacy_multistart,
fig5,direct_vp,2,3251202663,-5.0,snr_db,-5.0,3,3,3,3,full_6d,3251202663,,,nan,,False,,45.03007046692073,0.0002650233319357294,0.0002650233319357294,2.5644951038620005e-05,0.00020372816054629745,3.6681361517275177e-13,0.7225984216249663,False,direct_vp,global_exact_spherical_vp,proposed_post_stage1,False,225b600f9eaa34f4,adaptive_jones,cpu,False,,legacy_least_squares,cpu,explicit,,legacy_least_squares_numerical,False,,,0,0,,,,,,,,fixed_pol_anchor,True,fixed_anchor_then_adaptive_jones_score_selection,fixed_pol_anchor,6.8480170773736875,19.256764679378982,11.509078421751171,0.0,True,3,4,3094017.076167871,nan,"[19.256764679378982,6.8480170773736875,8.422453508500848]","[0.05192980319542403,0.14602767322196372,0.11873024873123607]",,direct_vp,[],3093867.618092442,3096560,True,2669484.680792632,73.87965780956849,13.040834342731635,0.08670030098339376,"[4.843366706942466,5.019086918525785,5.034513042642013]",23.553423625882715,40.96326103899628,65.97849229676649,nan,nan,nan,nan,nan,nan,nan,,,nan,nan,nan,nan,nan,nan,nan,nan,nan,,,,nan,nan,nan,nan,nan,,False,,nan,,,nan,nan,nan,,,,,,,,0.0002650233319357294,2.5644951038620005e-05,0.7225984216249663,nan,nan,nan,False,not_run,not_requested,"[19.256764679378982,6.8480170773736875,8.422453508500848]","[0.05192980319542403,0.14602767322196372,0.11873024873123607]",,,,,2669484.680792632,73.87965780956849,nan,nan,direct_vp,direct_vp,False,[],False,1.0,nan,nan,,,nan,nan,nan,False,nan,,,False,,nan,nan,,,nan,nan,nan,False,nan,,,,False,nan,nan,reliability_gated,nan,nan,,decoupled_robust,legacy_multistart,0.0
fig5,old_gated,2,3251202663,-5.0,snr_db,-5.0,3,3,3,3,full_6d,3251202663,,,nan,,False,,45.93689309689216,0.0002650233319357294,0.0002650233319357294,2.5644951038620005e-05,0.00020372816054629745,3.6681361517275177e-13,0.7225984216249663,False,direct_vp,global_exact_spherical_vp,main_single_proposed,True,a8bb8946c6e1b868,adaptive_jones,cpu,False,,legacy_least_squares,cpu,explicit,,legacy_least_squares_numerical,False,,,0,0,,,,,,,,fixed_pol_anchor,True,fixed_anchor_then_adaptive_jones_score_selection,fixed_pol_anchor,6.8480170773736875,19.256764679378982,11.509078421751171,0.0,True,3,4,3094017.076167871,nan,"[19.256764679378982,6.8480170773736875,8.422453508500848]","[0.05192980319542403,0.14602767322196372,0.11873024873123607]",,direct_vp,[],3093867.618092442,3096560,True,2669484.680792632,73.87965780956849,13.040834342731635,0.08670030098339376,"[4.843366706942466,5.019086918525785,5.034513042642013]",23.553423625882715,41.744722430827096,66.7599536885973,nan,nan,nan,nan,nan,nan,nan,,,nan,nan,nan,nan,nan,nan,nan,nan,nan,,,,nan,nan,nan,nan,nan,,False,,nan,,,nan,nan,nan,,,,,,,,0.0002650233319357294,2.5644951038620005e-05,0.7225984216249663,nan,nan,nan,False,not_run,not_requested,"[19.256764679378982,6.8480170773736875,8.422453508500848]","[0.05192980319542403,0.14602767322196372,0.11873024873123607]",,,,,2669484.680792632,73.87965780956849,nan,nan,direct_vp,direct_vp,False,[],False,1.0,nan,nan,,,nan,nan,nan,False,nan,,,False,,nan,nan,,,nan,nan,nan,False,nan,,,,False,nan,nan,reliability_gated_ris_only,nan,nan,,decoupled_robust,legacy_multistart,0.0
fig5,adaptive_jones_vp_proposed,2,3251202663,-5.0,snr_db,-5.0,3,3,3,3,full_6d,3251202663,,,nan,,False,,45.43494642479345,0.0002650233319357294,0.0002650233319357294,2.5644951038620005e-05,0.00020372816054629745,3.6681361517275177e-13,0.7225984216249663,False,direct_vp,global_exact_spherical_vp,main_single_proposed,True,1543135760ab93b9,adaptive_jones,cpu,False,,legacy_least_squares,cpu,explicit,,legacy_least_squares_numerical,False,,,0,0,,,,,,,,fixed_pol_anchor,True,fixed_anchor_then_adaptive_jones_score_selection,fixed_pol_anchor,6.8480170773736875,19.256764679378982,11.509078421751171,0.0,True,3,4,3094017.076167871,nan,"[19.256764679378982,6.8480170773736875,8.422453508500848]","[0.05192980319542403,0.14602767322196372,0.11873024873123607]",,direct_vp,[],3093867.618092442,3096560,True,2669484.680792632,73.87965780956849,13.040834342731635,0.08670030098339376,"[4.843366706942466,5.019086918525785,5.034513042642013]",23.553423625882715,41.31200994295068,66.32724120072089,nan,nan,nan,nan,nan,nan,nan,,,nan,nan,nan,nan,nan,nan,nan,nan,nan,,,,nan,nan,nan,nan,nan,,False,,nan,,,nan,nan,nan,,,,,,,,0.0002650233319357294,2.5644951038620005e-05,0.7225984216249663,nan,nan,nan,False,not_run,not_requested,"[19.256764679378982,6.8480170773736875,8.422453508500848]","[0.05192980319542403,0.14602767322196372,0.11873024873123607]",,,,,2669484.680792632,73.87965780956849,nan,nan,direct_vp,direct_vp,False,[],True,1.0,0.0027521239720080036,0.0027521239720080036,2,data_only_efim_tau_crb,0.015144096682668145,0.00015631348075254614,0.00015631348075254614,True,0.00290843745276055,green,clock_green,False,ngc_green_skip_rescue,nan,nan,2,,nan,nan,nan,False,nan,,candidate_unavailable,ngc_green_skip_rescue,False,9.21034037197618,13.815510557964274,ngc_certified_ris_only,nan,nan,,decoupled_robust,legacy_multistart,0.0
fig5,force_rescue,2,3251202663,-5.0,snr_db,-5.0,3,3,3,3,full_6d,3251202663,,,nan,,False,,95.9406668280717,0.0002650233319357294,0.0002650233319357294,2.5644951038620005e-05,0.00020372816054629745,3.6681361517275177e-13,0.7225984216249663,False,direct_vp_rollback,global_exact_spherical_vp,main_single_proposed,True,dae1df4413e05ee2,adaptive_jones,cpu,False,,legacy_least_squares,cpu,explicit,,legacy_least_squares_numerical,False,,,0,0,,,,,,,,fixed_pol_anchor,True,fixed_anchor_then_adaptive_jones_score_selection,fixed_pol_anchor,6.8480170773736875,19.256764679378982,11.509078421751171,0.0,True,3,4,3094017.076167871,nan,"[19.256764679378982,6.8480170773736875,8.422453508500848]","[0.05192980319542403,0.14602767322196372,0.11873024873123607]",,jnpp_then_vp,[],3093867.618092442,3096560,True,2669484.680792632,73.87965780956849,13.040834342731635,0.08670030098339376,"[4.843366706942466,5.019086918525785,5.034513042642013]",23.553423625882715,42.273579051019624,67.28881030878983,nan,nan,nan,nan,nan,nan,nan,,,nan,nan,nan,nan,nan,nan,nan,nan,nan,,,,nan,nan,nan,nan,nan,,False,,nan,,,nan,nan,nan,,,,,,,,0.0002650233319357294,2.5644951038620005e-05,0.7225984216249663,0.0002650162996990193,2.564470400485144e-05,0.7225984216249633,True,rollback,existing_selector_rollback,"[19.256764679378982,6.8480170773736875,8.422453508500848]","[0.05192980319542403,0.14602767322196372,0.11873024873123607]",,"[19.256764688179558,6.848017080340185,8.422453508971229]","[0.05192980317169148,0.1460276731587059,0.11873024872460516]",,2669484.680792632,73.87965780956849,2669484.726677744,73.87965644183583,direct_vp,direct_vp,False,[],False,1.0,nan,nan,,,nan,nan,nan,False,nan,,,False,,nan,nan,,,nan,nan,nan,False,nan,,,,False,nan,nan,force_ris_only,0.00020407201803318575,0.006664566280625332,3,decoupled_robust,legacy_multistart,0.0
fig5,oracle_init_vp,2,3251202663,-5.0,snr_db,-5.0,3,3,3,3,full_6d,3251202663,,,nan,,False,,26.204206828027964,0.00026500628830129747,0.00026500628830129747,2.5644406248497513e-05,0.00020371602091419388,3.6671753676916065e-13,0.7225984216249688,False,oracle_init_vp,global_exact_spherical_vp,,False,,adaptive_jones,cupy,True,0,cupy,cupy.linalg.solve,explicit,matrix_free,analytic_reduced_vp_explicit_gradient,False,matrix_free_cpu_only_gpu_backend,,0,0,0,0,,,,,,fixed_pol_anchor,False,,fixed_pol_anchor,nan,nan,nan,nan,False,3,4,3096725.458075429,3096747.1114980234,"[19.239922012910462,6.842027548479329,8.4150869212592]","[0.05197526264969969,0.146155506230812,0.11883418547528786]","[1.9163649908840644e-07,5.45380757494227e-08,7.554618920850718e-09]",oracle_init_vp,"[""oracle_truth_initialization""]",nan,,,nan,nan,nan,nan,,0.0,26.202569460961968,26.202569460961968,nan,nan,nan,nan,nan,nan,nan,,,nan,nan,nan,nan,nan,nan,nan,nan,nan,,,,nan,nan,nan,nan,nan,,False,,nan,,,nan,nan,nan,,,,,,,,nan,nan,nan,nan,nan,nan,False,,,,,,,,,nan,nan,nan,nan,,,,[],False,nan,nan,nan,,,nan,nan,nan,False,nan,,,False,,nan,nan,,,nan,nan,nan,False,nan,,,,False,nan,nan,,nan,nan,,,legacy_multistart,
fig5,direct_vp,4,287230138,-10.0,snr_db,-10.0,3,3,3,3,full_6d,287230138,,,nan,,False,,148.7986046441365,0.0010649039966906116,0.0010649039966906116,4.548664091190545e-05,0.0008260161492714747,9.075890203352402e-13,4.943092068284183,False,direct_vp,global_exact_spherical_vp,proposed_post_stage1,False,08a4a64cd3c35950,adaptive_jones,cpu,False,,legacy_least_squares,cpu,explicit,,legacy_least_squares_numerical,False,,,0,0,,,,,,,,fixed_pol_anchor,True,fixed_anchor_then_adaptive_jones_score_selection,fixed_pol_anchor,23.499917169949505,143.88034409947065,64.53536824271082,0.0,True,3,10,3134705.7031639935,nan,"[143.88034409947065,23.499917169949505,26.22584345871232]","[0.006950219685079268,0.04255334147540099,0.03813032749730574]",,direct_vp,"[""poor_clock_consistency""]",3096268.8851517187,3096560,True,920349.2088888626,76.161005584303,4.800574623186788,0.2064348994850135,"[4.5383261978251195,4.8983519057438425,5.025837461524207]",39.270315785193816,144.08500971109606,184.2842755310703,nan,nan,nan,nan,nan,nan,nan,,,nan,nan,nan,nan,nan,nan,nan,nan,nan,,,,nan,nan,nan,nan,nan,,False,,nan,,,nan,nan,nan,,,,,,,,0.0010649039966906116,4.548664091190545e-05,4.943092068284183,nan,nan,nan,False,not_run,not_requested,"[143.88034409947065,23.499917169949505,26.22584345871232]","[0.006950219685079268,0.04255334147540099,0.03813032749730574]",,,,,920349.2088888626,76.161005584303,nan,nan,ris_only_stage2_then_vp,direct_vp,True,"[""poor_clock_consistency""]",False,1.0,nan,nan,,,nan,nan,nan,False,nan,,,False,,nan,nan,,,nan,nan,nan,False,nan,,,,False,nan,nan,reliability_gated,nan,nan,,decoupled_robust,legacy_multistart,0.0
fig5,old_gated,4,287230138,-10.0,snr_db,-10.0,3,3,3,3,full_6d,287230138,,,nan,,False,,153.9262139829807,0.0010648966175243874,0.0010648966175243874,4.548654521574451e-05,0.0008260142687999656,9.075884513998646e-13,4.943092068284197,False,ris_only_stage2_then_vp,global_exact_spherical_vp,main_single_proposed,True,ecb1b81eef33ff94,adaptive_jones,cpu,False,,legacy_least_squares,cpu,explicit,,legacy_least_squares_numerical,False,,,0,0,,,,,,,,fixed_pol_anchor,True,fixed_anchor_then_adaptive_jones_score_selection,fixed_pol_anchor,23.499917149330027,143.8803433708914,64.53536802494936,0.0,True,3,10,3134705.7031640597,nan,"[143.8803433708914,23.499917149330027,26.225843554626646]","[0.006950219720273692,0.04255334151273847,0.0381303273578538]",,jnpp_then_vp,"[""poor_clock_consistency""]",3134556.2450885647,3096560,False,274582.23596131906,204.78716002169935,4.800574623186788,0.2064348994850135,"[4.5383261978251195,4.8983519057438425,5.025837461524207]",39.270315785193816,70.15876566199586,135.281700697029,nan,nan,nan,nan,nan,nan,nan,,,nan,nan,nan,nan,nan,nan,nan,nan,nan,,,,nan,nan,nan,nan,nan,,False,,nan,,,nan,nan,nan,,,,,,,,0.7000004465068352,0.1233636079674272,5.0042165869353115,0.0010648966175243874,4.548654521574451e-05,4.943092068284197,True,accepted,accepted,"[143.88034409947065,23.499917169949505,26.22584345871232]","[0.006950219685079268,0.04255334147540099,0.03813032749730574]",,"[143.8803433708914,23.499917149330027,26.225843554626646]","[0.006950219720273692,0.04255334151273847,0.0381303273578538]",,274582.23596131906,204.78716002169935,920349.2018044395,76.16100611077546,ris_only_stage2_then_vp,jnpp_then_vp,True,"[""poor_clock_consistency""]",False,1.0,nan,nan,,,nan,nan,nan,False,nan,,,False,,nan,nan,,,nan,nan,nan,False,nan,,,,False,nan,nan,reliability_gated_ris_only,0.7000001737447736,0.1335214812547103,3,decoupled_robust,legacy_multistart,0.0
fig5,adaptive_jones_vp_proposed,4,287230138,-10.0,snr_db,-10.0,3,3,3,3,full_6d,287230138,,,nan,,False,,54.20012485794723,0.7000004465068352,0.7000004465068352,0.1233636079674272,0.01781451287159944,5.4666954543206325e-11,5.0042165869353115,True,direct_vp,global_exact_spherical_vp,main_single_proposed,True,a5cfac83bfdbcdbb,adaptive_jones,cpu,False,,legacy_least_squares,cpu,explicit,,legacy_least_squares_numerical,False,,,0,0,,,,,,,,fixed_pol_anchor,True,fixed_anchor_then_adaptive_jones_score_selection,fixed_pol_anchor,23.499917169949505,143.88034409947065,64.53536824271082,0.0,True,3,4,3134705.7031639935,nan,"[143.88034409947065,23.499917169949505,26.22584345871232]","[0.006950219685079268,0.04255334147540099,0.03813032749730574]",,direct_vp,"[""poor_clock_consistency""]",3134556.2450885647,3096560,False,274582.23596131906,204.78716002169935,4.800574623186788,0.2064348994850135,"[4.5383261978251195,4.8983519057438425,5.025837461524207]",39.270315785193816,49.153996584936976,89.35326240491122,nan,nan,nan,nan,nan,nan,nan,,,nan,nan,nan,nan,nan,nan,nan,nan,nan,,,,nan,nan,nan,nan,nan,,False,,nan,,,nan,nan,nan,,,,,,,,0.7000004465068352,0.1233636079674272,5.0042165869353115,nan,nan,nan,False,not_run,not_requested,"[143.88034409947065,23.499917169949505,26.22584345871232]","[0.006950219685079268,0.04255334147540099,0.03813032749730574]",,,,,274582.23596131906,204.78716002169935,nan,nan,ris_only_stage2_then_vp,jnpp_then_vp,True,"[""poor_clock_consistency""]",True,1.0,0.015345661206578017,0.015345661206578017,2,data_only_efim_tau_crb,0.03576038451342725,0.1703944287291233,0.1703944287291233,True,0.18574008993570132,green,clock_green,False,ngc_green_skip_rescue,nan,nan,2,,nan,nan,nan,False,nan,,candidate_unavailable,ngc_green_skip_rescue,False,9.21034037197618,13.815510557964274,ngc_certified_ris_only,nan,nan,,decoupled_robust,legacy_multistart,0.0
fig5,force_rescue,4,287230138,-10.0,snr_db,-10.0,3,3,3,3,full_6d,287230138,,,nan,,False,,218.2329641499091,0.0010648966175243874,0.0010648966175243874,4.548654521574451e-05,0.0008260142687999656,9.075884513998646e-13,4.943092068284197,False,ris_only_stage2_then_vp,global_exact_spherical_vp,main_single_proposed,True,0893ca7fc7f5941d,adaptive_jones,cpu,False,,legacy_least_squares,cpu,explicit,,legacy_least_squares_numerical,False,,,0,0,,,,,,,,fixed_pol_anchor,True,fixed_anchor_then_adaptive_jones_score_selection,fixed_pol_anchor,23.499917149330027,143.8803433708914,64.53536802494936,0.0,True,3,10,3134705.7031640597,nan,"[143.8803433708914,23.499917149330027,26.225843554626646]","[0.006950219720273692,0.04255334151273847,0.0381303273578538]",,jnpp_then_vp,"[""poor_clock_consistency""]",3134556.2450885647,3096560,False,274582.23596131906,204.78716002169935,4.800574623186788,0.2064348994850135,"[4.5383261978251195,4.8983519057438425,5.025837461524207]",39.270315785193816,115.88716049608774,184.5717312230263,nan,nan,nan,nan,nan,nan,nan,,,nan,nan,nan,nan,nan,nan,nan,nan,nan,,,,nan,nan,nan,nan,nan,,False,,nan,,,nan,nan,nan,,,,,,,,0.7000004465068352,0.1233636079674272,5.0042165869353115,0.0010648966175243874,4.548654521574451e-05,4.943092068284197,True,accepted,accepted,"[143.88034409947065,23.499917169949505,26.22584345871232]","[0.006950219685079268,0.04255334147540099,0.03813032749730574]",,"[143.8803433708914,23.499917149330027,26.225843554626646]","[0.006950219720273692,0.04255334151273847,0.0381303273578538]",,274582.23596131906,204.78716002169935,920349.2018044395,76.16100611077546,ris_only_stage2_then_vp,jnpp_then_vp,True,"[""poor_clock_consistency""]",False,1.0,nan,nan,,,nan,nan,nan,False,nan,,,False,,nan,nan,,,nan,nan,nan,False,nan,,,,False,nan,nan,force_ris_only,0.7000001737447736,0.1335214812547103,3,decoupled_robust,legacy_multistart,0.0
fig5,oracle_init_vp,4,287230138,-10.0,snr_db,-10.0,3,3,3,3,full_6d,287230138,,,nan,,False,,34.306009786901996,0.0010648258765124992,0.0010648258765124992,4.548368660155387e-05,0.0008259781113450232,9.076297562807851e-13,4.943092068284217,False,oracle_init_vp,global_exact_spherical_vp,,False,,adaptive_jones,cupy,True,0,cupy,cupy.linalg.solve,explicit,matrix_free,analytic_reduced_vp_explicit_gradient,False,matrix_free_cpu_only_gpu_backend,,0,0,0,0,,,,,,fixed_pol_anchor,False,,fixed_pol_anchor,nan,nan,nan,nan,False,3,4,3096725.458075429,3096734.8995993068,"[142.51975343160595,23.112229884945428,20.091595786604383]","[0.007016571217528607,0.04326713627179072,0.049772054474967874]","[8.782458086890422e-10,1.4076904934587752e-08,6.045712723312363e-09]",oracle_init_vp,"[""oracle_truth_initialization""]",nan,,,nan,nan,nan,nan,,0.0,34.30457192682661,34.30457192682661,nan,nan,nan,nan,nan,nan,nan,,,nan,nan,nan,nan,nan,nan,nan,nan,nan,,,,nan,nan,nan,nan,nan,,False,,nan,,,nan,nan,nan,,,,,,,,nan,nan,nan,nan,nan,nan,False,,,,,,,,,nan,nan,nan,nan,,,,[],False,nan,nan,nan,,,nan,nan,nan,False,nan,,,False,,nan,nan,,,nan,nan,nan,False,nan,,,,False,nan,nan,,nan,nan,,,legacy_multistart,
fig5,direct_vp,0,3147786918,-5.0,snr_db,-5.0,3,3,3,3,full_6d,3147786918,,,nan,,False,,54.522144458955154,0.0006625812315205149,0.0006625812315205149,8.207670724818897e-06,0.00010146376361937792,5.597197978674e-13,1.2532463379616978,False,direct_vp,global_exact_spherical_vp,proposed_post_stage1,False,232b9c64a0e6e806,adaptive_jones,cpu,False,,legacy_least_squares,cpu,explicit,,legacy_least_squares_numerical,False,,,0,0,,,,,,,,fixed_pol_anchor,True,fixed_anchor_then_adaptive_jones_score_selection,fixed_pol_anchor,5.9309399675181504,22.939462503276136,12.807701891375514,0.0,True,3,4,3095619.2731574406,nan,"[22.939462503276136,5.9309399675181504,9.552703203332255]","[0.04359300048265054,0.1686073380392901,0.10468241069623295]",,direct_vp,[],3095469.8150820117,3096560,True,2607424.388228724,69.67145132758415,9.455805335844525,0.04769691737399568,"[5.0143124328052435,4.8981025503988604,4.945770581391699]",28.30281060701236,50.26622937503271,79.27617451292463,nan,nan,nan,nan,nan,nan,nan,,,nan,nan,nan,nan,nan,nan,nan,nan,nan,,,,nan,nan,nan,nan,nan,,False,,nan,,,nan,nan,nan,,,,,,,,0.0006625812315205149,8.207670724818897e-06,1.2532463379616978,nan,nan,nan,False,not_run,not_requested,"[22.939462503276136,5.9309399675181504,9.552703203332255]","[0.04359300048265054,0.1686073380392901,0.10468241069623295]",,,,,2607424.388228724,69.67145132758415,nan,nan,direct_vp,direct_vp,False,[],False,1.0,nan,nan,,,nan,nan,nan,False,nan,,,False,,nan,nan,,,nan,nan,nan,False,nan,,,,False,nan,nan,reliability_gated,nan,nan,,decoupled_robust,legacy_multistart,0.0
fig5,old_gated,0,3147786918,-5.0,snr_db,-5.0,3,3,3,3,full_6d,3147786918,,,nan,,False,,55.55651410296559,0.0006625812315205149,0.0006625812315205149,8.207670724818897e-06,0.00010146376361937792,5.597197978674e-13,1.2532463379616978,False,direct_vp,global_exact_spherical_vp,main_single_proposed,True,c914719de13fd1b4,adaptive_jones,cpu,False,,legacy_least_squares,cpu,explicit,,legacy_least_squares_numerical,False,,,0,0,,,,,,,,fixed_pol_anchor,True,fixed_anchor_then_adaptive_jones_score_selection,fixed_pol_anchor,5.9309399675181504,22.939462503276136,12.807701891375514,0.0,True,3,4,3095619.2731574406,nan,"[22.939462503276136,5.9309399675181504,9.552703203332255]","[0.04359300048265054,0.1686073380392901,0.10468241069623295]",,direct_vp,[],3095469.8150820117,3096560,True,2607424.388228724,69.67145132758415,9.455805335844525,0.04769691737399568,"[5.0143124328052435,4.8981025503988604,4.945770581391699]",28.30281060701236,50.744000715902075,79.753945853794,nan,nan,nan,nan,nan,nan,nan,,,nan,nan,nan,nan,nan,nan,nan,nan,nan,,,,nan,nan,nan,nan,nan,,False,,nan,,,nan,nan,nan,,,,,,,,0.0006625812315205149,8.207670724818897e-06,1.2532463379616978,nan,nan,nan,False,not_run,not_requested,"[22.939462503276136,5.9309399675181504,9.552703203332255]","[0.04359300048265054,0.1686073380392901,0.10468241069623295]",,,,,2607424.388228724,69.67145132758415,nan,nan,direct_vp,direct_vp,False,[],False,1.0,nan,nan,,,nan,nan,nan,False,nan,,,False,,nan,nan,,,nan,nan,nan,False,nan,,,,False,nan,nan,reliability_gated_ris_only,nan,nan,,decoupled_robust,legacy_multistart,0.0
fig5,adaptive_jones_vp_proposed,0,3147786918,-5.0,snr_db,-5.0,3,3,3,3,full_6d,3147786918,,,nan,,False,,57.95811369293369,0.0006625812315205149,0.0006625812315205149,8.207670724818897e-06,0.00010146376361937792,5.597197978674e-13,1.2532463379616978,False,direct_vp,global_exact_spherical_vp,main_single_proposed,True,9b742e6561d12da8,adaptive_jones,cpu,False,,legacy_least_squares,cpu,explicit,,legacy_least_squares_numerical,False,,,0,0,,,,,,,,fixed_pol_anchor,True,fixed_anchor_then_adaptive_jones_score_selection,fixed_pol_anchor,5.9309399675181504,22.939462503276136,12.807701891375514,0.0,True,3,4,3095619.2731574406,nan,"[22.939462503276136,5.9309399675181504,9.552703203332255]","[0.04359300048265054,0.1686073380392901,0.10468241069623295]",,direct_vp,[],3095469.8150820117,3096560,True,2607424.388228724,69.67145132758415,9.455805335844525,0.04769691737399568,"[5.0143124328052435,4.8981025503988604,4.945770581391699]",28.30281060701236,52.97372658899985,81.98367172689177,nan,nan,nan,nan,nan,nan,nan,,,nan,nan,nan,nan,nan,nan,nan,nan,nan,,,,nan,nan,nan,nan,nan,,False,,nan,,,nan,nan,nan,,,,,,,,0.0006625812315205149,8.207670724818897e-06,1.2532463379616978,nan,nan,nan,False,not_run,not_requested,"[22.939462503276136,5.9309399675181504,9.552703203332255]","[0.04359300048265054,0.1686073380392901,0.10468241069623295]",,,,,2607424.388228724,69.67145132758415,nan,nan,direct_vp,direct_vp,False,[],True,1.0,0.008032428630402124,0.008032428630402124,2,data_only_efim_tau_crb,0.02587216752677499,5.736013351384026e-05,5.736013351384026e-05,True,0.008089788763915964,green,clock_green,False,ngc_green_skip_rescue,nan,nan,2,,nan,nan,nan,False,nan,,candidate_unavailable,ngc_green_skip_rescue,False,9.21034037197618,13.815510557964274,ngc_certified_ris_only,nan,nan,,decoupled_robust,legacy_multistart,0.0
fig5,force_rescue,0,3147786918,-5.0,snr_db,-5.0,3,3,3,3,full_6d,3147786918,,,nan,,False,,127.90466545009986,0.0006625812315205149,0.0006625812315205149,8.207670724818897e-06,0.00010146376361937792,5.597197978674e-13,1.2532463379616978,False,direct_vp_rollback,global_exact_spherical_vp,main_single_proposed,True,afc9205cd3eb514a,adaptive_jones,cpu,False,,legacy_least_squares,cpu,explicit,,legacy_least_squares_numerical,False,,,0,0,,,,,,,,fixed_pol_anchor,True,fixed_anchor_then_adaptive_jones_score_selection,fixed_pol_anchor,5.9309399675181504,22.939462503276136,12.807701891375514,0.0,True,3,4,3095619.2731574406,nan,"[22.939462503276136,5.9309399675181504,9.552703203332255]","[0.04359300048265054,0.1686073380392901,0.10468241069623295]",,jnpp_then_vp,[],3095469.8150820117,3096560,True,2607424.388228724,69.67145132758415,9.455805335844525,0.04769691737399568,"[5.0143124328052435,4.8981025503988604,4.945770581391699]",28.30281060701236,51.918489390052855,80.92843452794477,nan,nan,nan,nan,nan,nan,nan,,,nan,nan,nan,nan,nan,nan,nan,nan,nan,,,,nan,nan,nan,nan,nan,,False,,nan,,,nan,nan,nan,,,,,,,,0.0006625812315205149,8.207670724818897e-06,1.2532463379616978,0.0006626168353169908,8.208196087438215e-06,1.2532463379617889,True,rollback,existing_selector_rollback,"[22.939462503276136,5.9309399675181504,9.552703203332255]","[0.04359300048265054,0.1686073380392901,0.10468241069623295]",,"[22.939462322663157,5.930939966508489,9.552703221276785]","[0.04359300082587836,0.1686073380679932,0.1046824104995895]",,2607424.388228724,69.67145132758415,2607424.7897773506,69.67144495873863,direct_vp,direct_vp,False,[],False,1.0,nan,nan,,,nan,nan,nan,False,nan,,,False,,nan,nan,,,nan,nan,nan,False,nan,,,,False,nan,nan,force_ris_only,0.0006848528900720865,0.02538290214205933,3,decoupled_robust,legacy_multistart,0.0
fig5,oracle_init_vp,0,3147786918,-5.0,snr_db,-5.0,3,3,3,3,full_6d,3147786918,,,nan,,False,,31.48499580193311,0.0006625751876078624,0.0006625751876078624,8.20764163222172e-06,0.00010146316006016883,5.597138385918935e-13,1.2532463379617014,False,oracle_init_vp,global_exact_spherical_vp,,False,,adaptive_jones,cupy,True,0,cupy,cupy.linalg.solve,explicit,matrix_free,analytic_reduced_vp_explicit_gradient,False,matrix_free_cpu_only_gpu_backend,,0,0,0,0,,,,,,fixed_pol_anchor,False,,fixed_pol_anchor,nan,nan,nan,nan,False,3,4,3096725.458075429,3096736.463751913,"[22.931267878967994,5.92882126770137,9.549290706631117]","[0.04360857869940304,0.1686675908821545,0.10471981958786125]","[3.835674826570443e-09,5.655531983585957e-08,3.4577149124886355e-09]",oracle_init_vp,"[""oracle_truth_initialization""]",nan,,,nan,nan,nan,nan,,0.0,31.48319085710682,31.48319085710682,nan,nan,nan,nan,nan,nan,nan,,,nan,nan,nan,nan,nan,nan,nan,nan,nan,,,,nan,nan,nan,nan,nan,,False,,nan,,,nan,nan,nan,,,,,,,,nan,nan,nan,nan,nan,nan,False,,,,,,,,,nan,nan,nan,nan,,,,[],False,nan,nan,nan,,,nan,nan,nan,False,nan,,,False,,nan,nan,,,nan,nan,nan,False,nan,,,,False,nan,nan,,nan,nan,,,legacy_multistart,
fig5,direct_vp,8,641399591,-5.0,snr_db,-5.0,3,3,3,3,full_6d,641399591,,,nan,,False,,45.97406357503496,0.0004008606540714852,0.0004008606540714852,1.181468576548487e-05,7.835713572990608e-05,3.3182127134947204e-13,0.7133714799124949,False,direct_vp,global_exact_spherical_vp,proposed_post_stage1,False,85209b8e5da993e5,adaptive_jones,cpu,False,,legacy_least_squares,cpu,explicit,,legacy_least_squares_numerical,False,,,0,0,,,,,,,,fixed_pol_anchor,True,fixed_anchor_then_adaptive_jones_score_selection,fixed_pol_anchor,6.897687389610296,32.874270207124184,15.631615964610384,0.0,True,3,4,3098034.1086967024,nan,"[32.874270207124184,7.122890297096675,6.897687389610296]","[0.03041892622000825,0.14039244720650576,0.14497612656371775]",,direct_vp,"[""poor_clock_consistency""]",3097884.6506212736,3096560,True,2701028.637321142,78.29421274654959,5.963848095624707,0.23537669626776594,"[4.565708078469498,5.039921275617985,5.0868062858886764]",23.584105225047097,41.530187589116395,65.81931772711687,nan,nan,nan,nan,nan,nan,nan,,,nan,nan,nan,nan,nan,nan,nan,nan,nan,,,,nan,nan,nan,nan,nan,,False,,nan,,,nan,nan,nan,,,,,,,,0.0004008606540714852,1.181468576548487e-05,0.7133714799124949,nan,nan,nan,False,not_run,not_requested,"[32.874270207124184,7.122890297096675,6.897687389610296]","[0.03041892622000825,0.14039244720650576,0.14497612656371775]",,,,,2701028.637321142,78.29421274654959,nan,nan,ris_only_stage2_then_vp,direct_vp,True,"[""poor_clock_consistency""]",False,1.0,nan,nan,,,nan,nan,nan,False,nan,,,False,,nan,nan,,,nan,nan,nan,False,nan,,,,False,nan,nan,reliability_gated,nan,nan,,decoupled_robust,legacy_multistart,0.0
fig5,old_gated,8,641399591,-5.0,snr_db,-5.0,3,3,3,3,full_6d,641399591,,,nan,,False,,45.66741014900617,0.0004008606540714852,0.0004008606540714852,1.181468576548487e-05,7.835713572990608e-05,3.3182127134947204e-13,0.7133714799124949,False,direct_vp,global_exact_spherical_vp,main_single_proposed,True,a999634c44a92cb6,adaptive_jones,cpu,False,,legacy_least_squares,cpu,explicit,,legacy_least_squares_numerical,False,,,0,0,,,,,,,,fixed_pol_anchor,True,fixed_anchor_then_adaptive_jones_score_selection,fixed_pol_anchor,6.897687389610296,32.874270207124184,15.631615964610384,0.0,True,3,4,3098034.1086967024,nan,"[32.874270207124184,7.122890297096675,6.897687389610296]","[0.03041892622000825,0.14039244720650576,0.14497612656371775]",,direct_vp,"[""poor_clock_consistency""]",3097884.6506212736,3096560,True,2701028.637321142,78.29421274654959,5.963848095624707,0.23537669626776594,"[4.565708078469498,5.039921275617985,5.0868062858886764]",23.584105225047097,41.834974877070636,66.12410501507111,nan,nan,nan,nan,nan,nan,nan,,,nan,nan,nan,nan,nan,nan,nan,nan,nan,,,,nan,nan,nan,nan,nan,,False,,nan,,,nan,nan,nan,,,,,,,,0.0004008606540714852,1.181468576548487e-05,0.7133714799124949,nan,nan,nan,False,not_run,not_requested,"[32.874270207124184,7.122890297096675,6.897687389610296]","[0.03041892622000825,0.14039244720650576,0.14497612656371775]",,,,,2701028.637321142,78.29421274654959,nan,nan,ris_only_stage2_then_vp,direct_vp,True,"[""poor_clock_consistency""]",False,1.0,nan,nan,,,nan,nan,nan,False,nan,,,False,,nan,nan,,,nan,nan,nan,False,nan,,,,False,nan,nan,reliability_gated_ris_only,nan,nan,,decoupled_robust,legacy_multistart,0.0
fig5,adaptive_jones_vp_proposed,8,641399591,-5.0,snr_db,-5.0,3,3,3,3,full_6d,641399591,,,nan,,False,,43.7987805348821,0.0004008606540714852,0.0004008606540714852,1.181468576548487e-05,7.835713572990608e-05,3.3182127134947204e-13,0.7133714799124949,False,direct_vp,global_exact_spherical_vp,main_single_proposed,True,3bc9efa6a5b2f013,adaptive_jones,cpu,False,,legacy_least_squares,cpu,explicit,,legacy_least_squares_numerical,False,,,0,0,,,,,,,,fixed_pol_anchor,True,fixed_anchor_then_adaptive_jones_score_selection,fixed_pol_anchor,6.897687389610296,32.874270207124184,15.631615964610384,0.0,True,3,4,3098034.1086967024,nan,"[32.874270207124184,7.122890297096675,6.897687389610296]","[0.03041892622000825,0.14039244720650576,0.14497612656371775]",,direct_vp,"[""poor_clock_consistency""]",3097884.6506212736,3096560,True,2701028.637321142,78.29421274654959,5.963848095624707,0.23537669626776594,"[4.565708078469498,5.039921275617985,5.0868062858886764]",23.584105225047097,40.1331937960349,64.42232393403538,nan,nan,nan,nan,nan,nan,nan,,,nan,nan,nan,nan,nan,nan,nan,nan,nan,,,,nan,nan,nan,nan,nan,,False,,nan,,,nan,nan,nan,,,,,,,,0.0004008606540714852,1.181468576548487e-05,0.7133714799124949,nan,nan,nan,False,not_run,not_requested,"[32.874270207124184,7.122890297096675,6.897687389610296]","[0.03041892622000825,0.14039244720650576,0.14497612656371775]",,,,,2701028.637321142,78.29421274654959,nan,nan,ris_only_stage2_then_vp,direct_vp,True,"[""poor_clock_consistency""]",True,1.0,0.12828085078125429,0.12828085078125429,2,data_only_efim_tau_crb,0.10339279906472142,6.171156309259862e-05,6.171156309259862e-05,True,0.12834256234434688,green,clock_green,False,ngc_green_skip_rescue,nan,nan,2,,nan,nan,nan,False,nan,,candidate_unavailable,ngc_green_skip_rescue,False,9.21034037197618,13.815510557964274,ngc_certified_ris_only,nan,nan,,decoupled_robust,legacy_multistart,0.0
fig5,force_rescue,8,641399591,-5.0,snr_db,-5.0,3,3,3,3,full_6d,641399591,,,nan,,False,,101.93995971302502,0.0004008606540714852,0.0004008606540714852,1.181468576548487e-05,7.835713572990608e-05,3.3182127134947204e-13,0.7133714799124949,False,direct_vp_rollback,global_exact_spherical_vp,main_single_proposed,True,b55675281b6a4d3c,adaptive_jones,cpu,False,,legacy_least_squares,cpu,explicit,,legacy_least_squares_numerical,False,,,0,0,,,,,,,,fixed_pol_anchor,True,fixed_anchor_then_adaptive_jones_score_selection,fixed_pol_anchor,6.897687389610296,32.874270207124184,15.631615964610384,0.0,True,3,4,3098034.1086967024,nan,"[32.874270207124184,7.122890297096675,6.897687389610296]","[0.03041892622000825,0.14039244720650576,0.14497612656371775]",,jnpp_then_vp,"[""poor_clock_consistency""]",3097884.6506212736,3096560,True,2701028.637321142,78.29421274654959,5.963848095624707,0.23537669626776594,"[4.565708078469498,5.039921275617985,5.0868062858886764]",23.584105225047097,41.518447899026796,65.80757803702727,nan,nan,nan,nan,nan,nan,nan,,,nan,nan,nan,nan,nan,nan,nan,nan,nan,,,,nan,nan,nan,nan,nan,,False,,nan,,,nan,nan,nan,,,,,,,,0.0004008606540714852,1.181468576548487e-05,0.7133714799124949,0.00040085726150745774,1.181466224549774e-05,0.7133714799124985,True,rollback,existing_selector_rollback,"[32.874270207124184,7.122890297096675,6.897687389610296]","[0.03041892622000825,0.14039244720650576,0.14497612656371775]",,"[32.87427019732769,7.122890297346299,6.897687389965774]","[0.030418926229073055,0.14039244720158567,0.1449761265562463]",,2701028.637321142,78.29421274654959,2701028.6123726596,78.29421345262534,ris_only_stage2_then_vp,direct_vp,True,"[""poor_clock_consistency""]",False,1.0,nan,nan,,,nan,nan,nan,False,nan,,,False,,nan,nan,,,nan,nan,nan,False,nan,,,,False,nan,nan,force_ris_only,0.0008633795334260295,0.06204494591303816,3,decoupled_robust,legacy_multistart,0.0
fig5,oracle_init_vp,8,641399591,-5.0,snr_db,-5.0,3,3,3,3,full_6d,641399591,,,nan,,False,,27.205581397982314,0.00040085715270241025,0.00040085715270241025,1.1814641984247803e-05,7.835804697576052e-05,3.3181596808764774e-13,0.7133714799124968,False,oracle_init_vp,global_exact_spherical_vp,,False,,adaptive_jones,cupy,True,0,cupy,cupy.linalg.solve,explicit,matrix_free,analytic_reduced_vp_explicit_gradient,False,matrix_free_cpu_only_gpu_backend,,0,0,0,0,,,,,,fixed_pol_anchor,False,,fixed_pol_anchor,nan,nan,nan,nan,False,3,4,3096725.458075429,3096739.7407170623,"[32.8881632739619,7.1259005170986764,6.900602435759298]","[0.030406076241990328,0.14033314071581032,0.14491488378044282]","[3.281075053227023e-08,8.371648311596745e-08,1.266146765502985e-08]",oracle_init_vp,"[""oracle_truth_initialization""]",nan,,,nan,nan,nan,nan,,0.0,27.203896620078012,27.203896620078012,nan,nan,nan,nan,nan,nan,nan,,,nan,nan,nan,nan,nan,nan,nan,nan,nan,,,,nan,nan,nan,nan,nan,,False,,nan,,,nan,nan,nan,,,,,,,,nan,nan,nan,nan,nan,nan,False,,,,,,,,,nan,nan,nan,nan,,,,[],False,nan,nan,nan,,,nan,nan,nan,False,nan,,,False,,nan,nan,,,nan,nan,nan,False,nan,,,,False,nan,nan,,nan,nan,,,legacy_multistart,
fig5,direct_vp,6,1919806993,-5.0,snr_db,-5.0,3,3,3,3,full_6d,1919806993,,,nan,,False,,57.1836894529406,0.00019642472641401266,0.00019642472641401266,7.261858994780751e-06,5.34426031153502e-05,5.736625663114506e-13,1.3275288920346242,False,direct_vp,global_exact_spherical_vp,proposed_post_stage1,False,b40aafffa46007e3,adaptive_jones,cpu,False,,legacy_least_squares,cpu,explicit,,legacy_least_squares_numerical,False,,,0,0,,,,,,,,fixed_pol_anchor,True,fixed_anchor_then_adaptive_jones_score_selection,fixed_pol_anchor,5.690916533341967,74.67000198699546,29.40395841268168,0.0,True,3,4,3095503.929051814,nan,"[7.850956717707621,74.67000198699546,5.690916533341967]","[0.12737301146198857,0.013392258916766738,0.17571862003870636]",,direct_vp,"[""poor_clock_consistency""]",3095354.4709763853,3096560,True,2607389.2113554045,72.23891152768363,15.14198845051918,0.11701114963588445,"[5.172011276677074,5.124440269842378,4.903450385184145]",27.42164412792772,51.900843870826066,80.22863592463546,nan,nan,nan,nan,nan,nan,nan,,,nan,nan,nan,nan,nan,nan,nan,nan,nan,,,,nan,nan,nan,nan,nan,,False,,nan,,,nan,nan,nan,,,,,,,,0.00019642472641401266,7.261858994780751e-06,1.3275288920346242,nan,nan,nan,False,not_run,not_requested,"[7.850956717707621,74.67000198699546,5.690916533341967]","[0.12737301146198857,0.013392258916766738,0.17571862003870636]",,,,,2607389.2113554045,72.23891152768363,nan,nan,ris_only_stage2_then_vp,direct_vp,True,"[""poor_clock_consistency""]",False,1.0,nan,nan,,,nan,nan,nan,False,nan,,,False,,nan,nan,,,nan,nan,nan,False,nan,,,,False,nan,nan,reliability_gated,nan,nan,,decoupled_robust,legacy_multistart,0.0
fig5,old_gated,6,1919806993,-5.0,snr_db,-5.0,3,3,3,3,full_6d,1919806993,,,nan,,False,,57.74111578403972,0.00019642472641401266,0.00019642472641401266,7.261858994780751e-06,5.34426031153502e-05,5.736625663114506e-13,1.3275288920346242,False,direct_vp,global_exact_spherical_vp,main_single_proposed,True,bf19f1805f6eebf1,adaptive_jones,cpu,False,,legacy_least_squares,cpu,explicit,,legacy_least_squares_numerical,False,,,0,0,,,,,,,,fixed_pol_anchor,True,fixed_anchor_then_adaptive_jones_score_selection,fixed_pol_anchor,5.690916533341967,74.67000198699546,29.40395841268168,0.0,True,3,4,3095503.929051814,nan,"[7.850956717707621,74.67000198699546,5.690916533341967]","[0.12737301146198857,0.013392258916766738,0.17571862003870636]",,direct_vp,"[""poor_clock_consistency""]",3095354.4709763853,3096560,True,2607389.2113554045,72.23891152768363,15.14198845051918,0.11701114963588445,"[5.172011276677074,5.124440269842378,4.903450385184145]",27.42164412792772,52.90600629406981,81.2337983478792,nan,nan,nan,nan,nan,nan,nan,,,nan,nan,nan,nan,nan,nan,nan,nan,nan,,,,nan,nan,nan,nan,nan,,False,,nan,,,nan,nan,nan,,,,,,,,0.00019642472641401266,7.261858994780751e-06,1.3275288920346242,nan,nan,nan,False,not_run,not_requested,"[7.850956717707621,74.67000198699546,5.690916533341967]","[0.12737301146198857,0.013392258916766738,0.17571862003870636]",,,,,2607389.2113554045,72.23891152768363,nan,nan,ris_only_stage2_then_vp,direct_vp,True,"[""poor_clock_consistency""]",False,1.0,nan,nan,,,nan,nan,nan,False,nan,,,False,,nan,nan,,,nan,nan,nan,False,nan,,,,False,nan,nan,reliability_gated_ris_only,nan,nan,,decoupled_robust,legacy_multistart,0.0
fig5,adaptive_jones_vp_proposed,6,1919806993,-5.0,snr_db,-5.0,3,3,3,3,full_6d,1919806993,,,nan,,False,,57.067908365046605,0.00019642472641401266,0.00019642472641401266,7.261858994780751e-06,5.34426031153502e-05,5.736625663114506e-13,1.3275288920346242,False,direct_vp,global_exact_spherical_vp,main_single_proposed,True,d2d64ed8d1728861,adaptive_jones,cpu,False,,legacy_least_squares,cpu,explicit,,legacy_least_squares_numerical,False,,,0,0,,,,,,,,fixed_pol_anchor,True,fixed_anchor_then_adaptive_jones_score_selection,fixed_pol_anchor,5.690916533341967,74.67000198699546,29.40395841268168,0.0,True,3,4,3095503.929051814,nan,"[7.850956717707621,74.67000198699546,5.690916533341967]","[0.12737301146198857,0.013392258916766738,0.17571862003870636]",,direct_vp,"[""poor_clock_consistency""]",3095354.4709763853,3096560,True,2607389.2113554045,72.23891152768363,15.14198845051918,0.11701114963588445,"[5.172011276677074,5.124440269842378,4.903450385184145]",27.42164412792772,52.031131750904024,80.35892380471341,nan,nan,nan,nan,nan,nan,nan,,,nan,nan,nan,nan,nan,nan,nan,nan,nan,,,,nan,nan,nan,nan,nan,,False,,nan,,,nan,nan,nan,,,,,,,,0.00019642472641401266,7.261858994780751e-06,1.3275288920346242,nan,nan,nan,False,not_run,not_requested,"[7.850956717707621,74.67000198699546,5.690916533341967]","[0.12737301146198857,0.013392258916766738,0.17571862003870636]",,,,,2607389.2113554045,72.23891152768363,nan,nan,ris_only_stage2_then_vp,direct_vp,True,"[""poor_clock_consistency""]",True,1.0,0.05002560391372745,0.05002560391372745,2,data_only_efim_tau_crb,0.06456624757676378,9.088382435295946e-05,9.088382435295946e-05,True,0.05011648773808041,green,clock_green,False,ngc_green_skip_rescue,nan,nan,2,,nan,nan,nan,False,nan,,candidate_unavailable,ngc_green_skip_rescue,False,9.21034037197618,13.815510557964274,ngc_certified_ris_only,nan,nan,,decoupled_robust,legacy_multistart,0.0
fig5,force_rescue,6,1919806993,-5.0,snr_db,-5.0,3,3,3,3,full_6d,1919806993,,,nan,,False,,123.58062748797238,0.00019642472641401266,0.00019642472641401266,7.261858994780751e-06,5.34426031153502e-05,5.736625663114506e-13,1.3275288920346242,False,direct_vp_rollback,global_exact_spherical_vp,main_single_proposed,True,fd98391d25fd0e32,adaptive_jones,cpu,False,,legacy_least_squares,cpu,explicit,,legacy_least_squares_numerical,False,,,0,0,,,,,,,,fixed_pol_anchor,True,fixed_anchor_then_adaptive_jones_score_selection,fixed_pol_anchor,5.690916533341967,74.67000198699546,29.40395841268168,0.0,True,3,4,3095503.929051814,nan,"[7.850956717707621,74.67000198699546,5.690916533341967]","[0.12737301146198857,0.013392258916766738,0.17571862003870636]",,jnpp_then_vp,"[""poor_clock_consistency""]",3095354.4709763853,3096560,True,2607389.2113554045,72.23891152768363,15.14198845051918,0.11701114963588445,"[5.172011276677074,5.124440269842378,4.903450385184145]",27.42164412792772,51.84609083784744,80.17388289165683,nan,nan,nan,nan,nan,nan,nan,,,nan,nan,nan,nan,nan,nan,nan,nan,nan,,,,nan,nan,nan,nan,nan,,False,,nan,,,nan,nan,nan,,,,,,,,0.00019642472641401266,7.261858994780751e-06,1.3275288920346242,0.00019642178855813037,7.261762266648441e-06,1.3275288920346326,True,rollback,existing_selector_rollback,"[7.850956717707621,74.67000198699546,5.690916533341967]","[0.12737301146198857,0.013392258916766738,0.17571862003870636]",,"[7.850956718928212,74.67000197869605,5.6909165356325415]","[0.12737301144218585,0.013392258918255259,0.17571861996798022]",,2607389.2113554045,72.23891152768363,2607389.212653395,72.2389118899736,ris_only_stage2_then_vp,direct_vp,True,"[""poor_clock_consistency""]",False,1.0,nan,nan,,,nan,nan,nan,False,nan,,,False,,nan,nan,,,nan,nan,nan,False,nan,,,,False,nan,nan,force_ris_only,0.00015016170805501268,0.015177012969018876,3,decoupled_robust,legacy_multistart,0.0
fig5,oracle_init_vp,6,1919806993,-5.0,snr_db,-5.0,3,3,3,3,full_6d,1919806993,,,nan,,False,,33.34508335287683,0.000196424504948008,0.000196424504948008,7.2616054584174375e-06,5.3442544885033335e-05,5.736578738197964e-13,1.3275288920346195,False,oracle_init_vp,global_exact_spherical_vp,,False,,adaptive_jones,cupy,True,0,cupy,cupy.linalg.solve,explicit,matrix_free,analytic_reduced_vp_explicit_gradient,False,matrix_free_cpu_only_gpu_backend,,0,0,0,0,,,,,,fixed_pol_anchor,False,,fixed_pol_anchor,nan,nan,nan,nan,False,3,4,3096725.458075429,3096738.3929232447,"[7.847859695243695,74.64054633989868,5.688671595309406]","[0.12742327702395292,0.013397543948453324,0.17578796442017525]","[1.1101072596528551e-08,1.606766378468432e-08,2.916102584515477e-08]",oracle_init_vp,"[""oracle_truth_initialization""]",nan,,,nan,nan,nan,nan,,0.0,33.34336188691668,33.34336188691668,nan,nan,nan,nan,nan,nan,nan,,,nan,nan,nan,nan,nan,nan,nan,nan,nan,,,,nan,nan,nan,nan,nan,,False,,nan,,,nan,nan,nan,,,,,,,,nan,nan,nan,nan,nan,nan,False,,,,,,,,,nan,nan,nan,nan,,,,[],False,nan,nan,nan,,,nan,nan,nan,False,nan,,,False,,nan,nan,,,nan,nan,nan,False,nan,,,,False,nan,nan,,nan,nan,,,legacy_multistart,
fig5,direct_vp,9,3933360494,-10.0,snr_db,-10.0,3,3,3,3,full_6d,3933360494,,,nan,,False,,152.43905286397785,0.0003159354263096664,0.0003159354263096664,5.098272533774321e-05,8.081254804143969e-05,1.1802014937729197e-12,1.1912266562051932,False,direct_vp,global_exact_spherical_vp,proposed_post_stage1,False,cfffd99f6ea933ee,adaptive_jones,cpu,False,,legacy_least_squares,cpu,explicit,,legacy_least_squares_numerical,False,,,0,0,,,,,,,,fixed_pol_anchor,True,fixed_anchor_then_adaptive_jones_score_selection,fixed_pol_anchor,22.577487899084296,45.53470722930918,35.408339555960026,0.0,True,3,10,3119668.056698929,nan,"[22.577487899084296,38.1128235394866,45.53470722930918]","[0.04429190725058392,0.02623788811988286,0.02196127000264973]",,direct_vp,"[""poor_clock_consistency""]",3096586.5724160476,3096560,True,717663.1222255591,77.10473532543885,5.834730016020407,0.21004579815676633,"[5.388774298972852,4.899267104160507,5.0068215848599005]",37.61703169811517,146.97877490893006,185.62838135217316,nan,nan,nan,nan,nan,nan,nan,,,nan,nan,nan,nan,nan,nan,nan,nan,nan,,,,nan,nan,nan,nan,nan,,False,,nan,,,nan,nan,nan,,,,,,,,0.0003159354263096664,5.098272533774321e-05,1.1912266562051932,nan,nan,nan,False,not_run,not_requested,"[22.577487899084296,38.1128235394866,45.53470722930918]","[0.04429190725058392,0.02623788811988286,0.02196127000264973]",,,,,717663.1222255591,77.10473532543885,nan,nan,ris_only_stage2_then_vp,direct_vp,True,"[""poor_clock_consistency""]",False,1.0,nan,nan,,,nan,nan,nan,False,nan,,,False,,nan,nan,,,nan,nan,nan,False,nan,,,,False,nan,nan,reliability_gated,nan,nan,,decoupled_robust,legacy_multistart,0.0
fig5,old_gated,9,3933360494,-10.0,snr_db,-10.0,3,3,3,3,full_6d,3933360494,,,nan,,False,,225.6510725680273,0.0003159324121435305,0.0003159324121435305,5.098271650946697e-05,8.081269731581559e-05,1.1802015885142065e-12,1.1912266562051905,False,ris_only_stage2_then_vp,global_exact_spherical_vp,main_single_proposed,True,98523d29a5568e87,adaptive_jones,cpu,False,,legacy_least_squares,cpu,explicit,,legacy_least_squares_numerical,False,,,0,0,,,,,,,,fixed_pol_anchor,True,fixed_anchor_then_adaptive_jones_score_selection,fixed_pol_anchor,22.577487644390242,45.53470951826322,35.40834021173612,0.0,True,3,10,3119668.056699832,nan,"[22.577487644390242,38.11282347255489,45.53470951826322]","[0.04429190775023586,0.02623788816596044,0.021961268898693244]",,jnpp_then_vp,"[""poor_clock_consistency""]",3119518.5986235,3096560,False,374209.35878459015,133.250702823335,5.834730016020407,0.21004579815676633,"[5.388774298972852,4.899267104160507,5.0068215848599005]",37.61703169811517,98.99036223487929,169.00106972106732,nan,nan,nan,nan,nan,nan,nan,,,nan,nan,nan,nan,nan,nan,nan,nan,nan,,,,nan,nan,nan,nan,nan,,False,,nan,,,nan,nan,nan,,,,,,,,0.7000005739544175,0.07418537585259473,1.2000483830519255,0.0003159324121435305,5.098271650946697e-05,1.1912266562051905,True,accepted,accepted,"[22.577487899084296,38.1128235394866,45.53470722930918]","[0.04429190725058392,0.02623788811988286,0.02196127000264973]",,"[22.577487644390242,38.11282347255489,45.53470951826322]","[0.04429190775023586,0.02623788816596044,0.021961268898693244]",,374209.35878459015,133.250702823335,717663.1314849439,77.10473423584865,ris_only_stage2_then_vp,jnpp_then_vp,True,"[""poor_clock_consistency""]",False,1.0,nan,nan,,,nan,nan,nan,False,nan,,,False,,nan,nan,,,nan,nan,nan,False,nan,,,,False,nan,nan,reliability_gated_ris_only,0.7000007991835939,0.10583094250263028,3,decoupled_robust,legacy_multistart,0.0
fig5,adaptive_jones_vp_proposed,9,3933360494,-10.0,snr_db,-10.0,3,3,3,3,full_6d,3933360494,,,nan,,False,,88.59456841205247,0.7000005739544175,0.7000005739544175,0.07418537585259473,0.017676830775734217,5.345834351205413e-11,1.2000483830519255,True,direct_vp,global_exact_spherical_vp,main_single_proposed,True,8054cb4196d6b945,adaptive_jones,cpu,False,,legacy_least_squares,cpu,explicit,,legacy_least_squares_numerical,False,,,0,0,,,,,,,,fixed_pol_anchor,True,fixed_anchor_then_adaptive_jones_score_selection,fixed_pol_anchor,22.577487899084296,45.53470722930918,35.408339555960026,0.0,True,3,4,3119668.056698929,nan,"[22.577487899084296,38.1128235394866,45.53470722930918]","[0.04429190725058392,0.02623788811988286,0.02196127000264973]",,direct_vp,"[""poor_clock_consistency""]",3119518.5986235,3096560,False,374209.35878459015,133.250702823335,5.834730016020407,0.21004579815676633,"[5.388774298972852,4.899267104160507,5.0068215848599005]",37.61703169811517,84.03416985017247,122.68377629341558,nan,nan,nan,nan,nan,nan,nan,,,nan,nan,nan,nan,nan,nan,nan,nan,nan,,,,nan,nan,nan,nan,nan,,False,,nan,,,nan,nan,nan,,,,,,,,0.7000005739544175,0.07418537585259473,1.2000483830519255,nan,nan,nan,False,not_run,not_requested,"[22.577487899084296,38.1128235394866,45.53470722930918]","[0.04429190725058392,0.02623788811988286,0.02196127000264973]",,,,,374209.35878459015,133.250702823335,nan,nan,ris_only_stage2_then_vp,jnpp_then_vp,True,"[""poor_clock_consistency""]",True,1.0,0.08121160425153176,0.08121160425153176,2,data_only_efim_tau_crb,0.08226562883505874,0.15159089179996194,0.15159089179996194,True,0.2328024960514937,green,clock_green,False,ngc_green_skip_rescue,nan,nan,2,,nan,nan,nan,False,nan,,candidate_unavailable,ngc_green_skip_rescue,False,9.21034037197618,13.815510557964274,ngc_certified_ris_only,nan,nan,,decoupled_robust,legacy_multistart,0.0
fig5,force_rescue,9,3933360494,-10.0,snr_db,-10.0,3,3,3,3,full_6d,3933360494,,,nan,,False,,223.7827410909813,0.0003159324121435305,0.0003159324121435305,5.098271650946697e-05,8.081269731581559e-05,1.1802015885142065e-12,1.1912266562051905,False,ris_only_stage2_then_vp,global_exact_spherical_vp,main_single_proposed,True,5b8d054cc04e26c7,adaptive_jones,cpu,False,,legacy_least_squares,cpu,explicit,,legacy_least_squares_numerical,False,,,0,0,,,,,,,,fixed_pol_anchor,True,fixed_anchor_then_adaptive_jones_score_selection,fixed_pol_anchor,22.577487644390242,45.53470951826322,35.40834021173612,0.0,True,3,10,3119668.056699832,nan,"[22.577487644390242,38.11282347255489,45.53470951826322]","[0.04429190775023586,0.02623788816596044,0.021961268898693244]",,jnpp_then_vp,"[""poor_clock_consistency""]",3119518.5986235,3096560,False,374209.35878459015,133.250702823335,5.834730016020407,0.21004579815676633,"[5.388774298972852,4.899267104160507,5.0068215848599005]",37.61703169811517,100.01366789801978,167.1742728012614,nan,nan,nan,nan,nan,nan,nan,,,nan,nan,nan,nan,nan,nan,nan,nan,nan,,,,nan,nan,nan,nan,nan,,False,,nan,,,nan,nan,nan,,,,,,,,0.7000005739544175,0.07418537585259473,1.2000483830519255,0.0003159324121435305,5.098271650946697e-05,1.1912266562051905,True,accepted,accepted,"[22.577487899084296,38.1128235394866,45.53470722930918]","[0.04429190725058392,0.02623788811988286,0.02196127000264973]",,"[22.577487644390242,38.11282347255489,45.53470951826322]","[0.04429190775023586,0.02623788816596044,0.021961268898693244]",,374209.35878459015,133.250702823335,717663.1314849439,77.10473423584865,ris_only_stage2_then_vp,jnpp_then_vp,True,"[""poor_clock_consistency""]",False,1.0,nan,nan,,,nan,nan,nan,False,nan,,,False,,nan,nan,,,nan,nan,nan,False,nan,,,,False,nan,nan,force_ris_only,0.7000007991835939,0.10583094250263028,3,decoupled_robust,legacy_multistart,0.0
fig5,oracle_init_vp,9,3933360494,-10.0,snr_db,-10.0,3,3,3,3,full_6d,3933360494,,,nan,,False,,32.801951222121716,0.0003159455367060549,0.0003159455367060549,5.0960311998133905e-05,8.079717782532438e-05,1.178641966014589e-12,1.1912266562068299,False,oracle_init_vp,global_exact_spherical_vp,,False,,adaptive_jones,cupy,True,0,cupy,cupy.linalg.solve,explicit,matrix_free,analytic_reduced_vp_explicit_gradient,False,matrix_free_cpu_only_gpu_backend,,0,0,0,0,,,,,,fixed_pol_anchor,False,,fixed_pol_anchor,nan,nan,nan,nan,False,3,4,3096725.458075429,3096730.7936958764,"[22.28528337107852,37.45319230195788,35.33875212476029]","[0.04487266252469998,0.02669999373885872,0.028297547022437326]","[1.4583984991562654e-09,1.724046458444691e-09,1.896906411853734e-08]",oracle_init_vp,"[""oracle_truth_initialization""]",nan,,,nan,nan,nan,nan,,0.0,32.800382615067065,32.800382615067065,nan,nan,nan,nan,nan,nan,nan,,,nan,nan,nan,nan,nan,nan,nan,nan,nan,,,,nan,nan,nan,nan,nan,,False,,nan,,,nan,nan,nan,,,,,,,,nan,nan,nan,nan,nan,nan,False,,,,,,,,,nan,nan,nan,nan,,,,[],False,nan,nan,nan,,,nan,nan,nan,False,nan,,,False,,nan,nan,,,nan,nan,nan,False,nan,,,,False,nan,nan,,nan,nan,,,legacy_multistart,
fig5,direct_vp,4,287230138,-5.0,snr_db,-5.0,3,3,3,3,full_6d,287230138,,,nan,,False,,58.30338966380805,0.000599487905146862,0.000599487905146862,1.4419902448252945e-05,0.00046487037174982205,5.073834447135146e-13,1.5631429530851277,False,direct_vp,global_exact_spherical_vp,proposed_post_stage1,False,485c471a2cea5adf,adaptive_jones,cpu,False,,legacy_least_squares,cpu,explicit,,legacy_least_squares_numerical,False,,,0,0,,,,,,,,fixed_pol_anchor,True,fixed_anchor_then_adaptive_jones_score_selection,fixed_pol_anchor,6.345339081041803,45.01606692085315,19.55478145511412,0.0,True,3,4,3096418.3256298844,nan,"[45.01606692085315,7.302938363447414,6.345339081041803]","[0.022214290771185655,0.1369311844391137,0.15759599088745163]",,direct_vp,"[""poor_clock_consistency""]",3096268.8675544555,3096560,True,2913594.0370489676,76.15271113793267,8.571324155671535,0.10953034146425014,"[4.782098469248491,4.959846885707647,5.0450133508577]",25.7967164919246,52.97965910495259,79.38547625904903,nan,nan,nan,nan,nan,nan,nan,,,nan,nan,nan,nan,nan,nan,nan,nan,nan,,,,nan,nan,nan,nan,nan,,False,,nan,,,nan,nan,nan,,,,,,,,0.000599487905146862,1.4419902448252945e-05,1.5631429530851277,nan,nan,nan,False,not_run,not_requested,"[45.01606692085315,7.302938363447414,6.345339081041803]","[0.022214290771185655,0.1369311844391137,0.15759599088745163]",,,,,2913594.0370489676,76.15271113793267,nan,nan,ris_only_stage2_then_vp,direct_vp,True,"[""poor_clock_consistency""]",False,1.0,nan,nan,,,nan,nan,nan,False,nan,,,False,,nan,nan,,,nan,nan,nan,False,nan,,,,False,nan,nan,reliability_gated,nan,nan,,decoupled_robust,legacy_multistart,0.0
fig5,old_gated,4,287230138,-5.0,snr_db,-5.0,3,3,3,3,full_6d,287230138,,,nan,,False,,57.991322356974706,0.000599487905146862,0.000599487905146862,1.4419902448252945e-05,0.00046487037174982205,5.073834447135146e-13,1.5631429530851277,False,direct_vp,global_exact_spherical_vp,main_single_proposed,True,bebcf3c228700717,adaptive_jones,cpu,False,,legacy_least_squares,cpu,explicit,,legacy_least_squares_numerical,False,,,0,0,,,,,,,,fixed_pol_anchor,True,fixed_anchor_then_adaptive_jones_score_selection,fixed_pol_anchor,6.345339081041803,45.01606692085315,19.55478145511412,0.0,True,3,4,3096418.3256298844,nan,"[45.01606692085315,7.302938363447414,6.345339081041803]","[0.022214290771185655,0.1369311844391137,0.15759599088745163]",,direct_vp,"[""poor_clock_consistency""]",3096268.8675544555,3096560,True,2913594.0370489676,76.15271113793267,8.571324155671535,0.10953034146425014,"[4.782098469248491,4.959846885707647,5.0450133508577]",25.7967164919246,53.024738944135606,79.43055609823205,nan,nan,nan,nan,nan,nan,nan,,,nan,nan,nan,nan,nan,nan,nan,nan,nan,,,,nan,nan,nan,nan,nan,,False,,nan,,,nan,nan,nan,,,,,,,,0.000599487905146862,1.4419902448252945e-05,1.5631429530851277,nan,nan,nan,False,not_run,not_requested,"[45.01606692085315,7.302938363447414,6.345339081041803]","[0.022214290771185655,0.1369311844391137,0.15759599088745163]",,,,,2913594.0370489676,76.15271113793267,nan,nan,ris_only_stage2_then_vp,direct_vp,True,"[""poor_clock_consistency""]",False,1.0,nan,nan,,,nan,nan,nan,False,nan,,,False,,nan,nan,,,nan,nan,nan,False,nan,,,,False,nan,nan,reliability_gated_ris_only,nan,nan,,decoupled_robust,legacy_multistart,0.0
fig5,adaptive_jones_vp_proposed,4,287230138,-5.0,snr_db,-5.0,3,3,3,3,full_6d,287230138,,,nan,,False,,57.07036962499842,0.000599487905146862,0.000599487905146862,1.4419902448252945e-05,0.00046487037174982205,5.073834447135146e-13,1.5631429530851277,False,direct_vp,global_exact_spherical_vp,main_single_proposed,True,41b7860a5fa67287,adaptive_jones,cpu,False,,legacy_least_squares,cpu,explicit,,legacy_least_squares_numerical,False,,,0,0,,,,,,,,fixed_pol_anchor,True,fixed_anchor_then_adaptive_jones_score_selection,fixed_pol_anchor,6.345339081041803,45.01606692085315,19.55478145511412,0.0,True,3,4,3096418.3256298844,nan,"[45.01606692085315,7.302938363447414,6.345339081041803]","[0.022214290771185655,0.1369311844391137,0.15759599088745163]",,direct_vp,"[""poor_clock_consistency""]",3096268.8675544555,3096560,True,2913594.0370489676,76.15271113793267,8.571324155671535,0.10953034146425014,"[4.782098469248491,4.959846885707647,5.0450133508577]",25.7967164919246,52.151308577973396,78.55712573206984,nan,nan,nan,nan,nan,nan,nan,,,nan,nan,nan,nan,nan,nan,nan,nan,nan,,,,nan,nan,nan,nan,nan,,False,,nan,,,nan,nan,nan,,,,,,,,0.000599487905146862,1.4419902448252945e-05,1.5631429530851277,nan,nan,nan,False,not_run,not_requested,"[45.01606692085315,7.302938363447414,6.345339081041803]","[0.022214290771185655,0.1369311844391137,0.15759599088745163]",,,,,2913594.0370489676,76.15271113793267,nan,nan,ris_only_stage2_then_vp,direct_vp,True,"[""poor_clock_consistency""]",True,1.0,0.0015276896576361196,0.0015276896576361196,2,data_only_efim_tau_crb,0.011283061263224474,0.00012275146421841712,0.00012275146421841712,True,0.0016504411218545368,green,clock_green,False,ngc_green_skip_rescue,nan,nan,2,,nan,nan,nan,False,nan,,candidate_unavailable,ngc_green_skip_rescue,False,9.21034037197618,13.815510557964274,ngc_certified_ris_only,nan,nan,,decoupled_robust,legacy_multistart,0.0
fig5,force_rescue,4,287230138,-5.0,snr_db,-5.0,3,3,3,3,full_6d,287230138,,,nan,,False,,166.75961701199412,0.000599487905146862,0.000599487905146862,1.4419902448252945e-05,0.00046487037174982205,5.073834447135146e-13,1.5631429530851277,False,direct_vp_rollback,global_exact_spherical_vp,main_single_proposed,True,e2bd3e9c02481574,adaptive_jones,cpu,False,,legacy_least_squares,cpu,explicit,,legacy_least_squares_numerical,False,,,0,0,,,,,,,,fixed_pol_anchor,True,fixed_anchor_then_adaptive_jones_score_selection,fixed_pol_anchor,6.345339081041803,45.01606692085315,19.55478145511412,0.0,True,3,4,3096418.3256298844,nan,"[45.01606692085315,7.302938363447414,6.345339081041803]","[0.022214290771185655,0.1369311844391137,0.15759599088745163]",,jnpp_then_vp,"[""poor_clock_consistency""]",3096268.8675544555,3096560,True,2913594.0370489676,76.15271113793267,8.571324155671535,0.10953034146425014,"[4.782098469248491,4.959846885707647,5.0450133508577]",25.7967164919246,52.84945683600381,79.25527399010025,nan,nan,nan,nan,nan,nan,nan,,,nan,nan,nan,nan,nan,nan,nan,nan,nan,,,,nan,nan,nan,nan,nan,,False,,nan,,,nan,nan,nan,,,,,,,,0.000599487905146862,1.4419902448252945e-05,1.5631429530851277,0.0005994914388156869,1.4419944602785948e-05,1.5631429530851306,True,rollback,existing_selector_rollback,"[45.01606692085315,7.302938363447414,6.345339081041803]","[0.022214290771185655,0.1369311844391137,0.15759599088745163]",,"[45.01606692613394,7.302938363818205,6.345339082117085]","[0.02221429076857972,0.13693118443216132,0.15759599086074538]",,2913594.0370489676,76.15271113793267,2913594.048250996,76.15271092503738,ris_only_stage2_then_vp,direct_vp,True,"[""poor_clock_consistency""]",False,1.0,nan,nan,,,nan,nan,nan,False,nan,,,False,,nan,nan,,,nan,nan,nan,False,nan,,,,False,nan,nan,force_ris_only,0.001159280896097566,0.04397928508680238,3,decoupled_robust,legacy_multistart,0.0
fig5,oracle_init_vp,4,287230138,-5.0,snr_db,-5.0,3,3,3,3,full_6d,287230138,,,nan,,False,,44.126132630044594,0.0005994861481707817,0.0005994861481707817,1.4419686268937886e-05,0.0004648657121767653,5.073898182872272e-13,1.5631429530851313,False,oracle_init_vp,global_exact_spherical_vp,,False,,adaptive_jones,cupy,True,0,cupy,cupy.linalg.solve,explicit,matrix_free,analytic_reduced_vp_explicit_gradient,False,matrix_free_cpu_only_gpu_backend,,0,0,0,0,,,,,,fixed_pol_anchor,False,,fixed_pol_anchor,nan,nan,nan,nan,False,3,4,3096725.458075429,3096740.1330955606,"[45.011602025855844,7.302214022509996,6.3447097231031]","[0.022216494302525876,0.13694476728702715,0.15761162348410332]","[2.709355201944572e-09,3.745349338292621e-08,1.593298767471456e-08]",oracle_init_vp,"[""oracle_truth_initialization""]",nan,,,nan,nan,nan,nan,,0.0,44.12465441087261,44.12465441087261,nan,nan,nan,nan,nan,nan,nan,,,nan,nan,nan,nan,nan,nan,nan,nan,nan,,,,nan,nan,nan,nan,nan,,False,,nan,,,nan,nan,nan,,,,,,,,nan,nan,nan,nan,nan,nan,False,,,,,,,,,nan,nan,nan,nan,,,,[],False,nan,nan,nan,,,nan,nan,nan,False,nan,,,False,,nan,nan,,,nan,nan,nan,False,nan,,,,False,nan,nan,,nan,nan,,,legacy_multistart,
fig5,direct_vp,1,112311654,-5.0,snr_db,-5.0,3,3,3,3,full_6d,112311654,,,nan,,False,,49.338118233019486,0.0002249536862671557,0.0002249536862671557,2.8053028624924995e-05,0.00017826775228728598,1.037336523966911e-12,0.9607540616153073,False,direct_vp,global_exact_spherical_vp,proposed_post_stage1,False,b3851b58a00fb456,adaptive_jones,cpu,False,,legacy_least_squares,cpu,explicit,,legacy_least_squares_numerical,False,,,0,0,,,,,,,,fixed_pol_anchor,True,fixed_anchor_then_adaptive_jones_score_selection,fixed_pol_anchor,3.828841188177466,126.07658845263728,50.547582920164984,0.0,True,3,4,3096579.5210618726,nan,"[21.737319119680205,3.828841188177466,126.07658845263728]","[0.04600383306112932,0.26117562751986917,0.007931686700497846]",,direct_vp,"[""poor_clock_consistency""]",3096430.0629864438,3096560,True,1611318.1354164362,98.44488131762138,3.5974180594397587,0.2838126265489241,"[4.967506750631459,4.988894177661857,4.376427944898346]",30.42419783002697,42.59168647089973,73.95087998197414,nan,nan,nan,nan,nan,nan,nan,,,nan,nan,nan,nan,nan,nan,nan,nan,nan,,,,nan,nan,nan,nan,nan,,False,,nan,,,nan,nan,nan,,,,,,,,0.0002249536862671557,2.8053028624924995e-05,0.9607540616153073,nan,nan,nan,False,not_run,not_requested,"[21.737319119680205,3.828841188177466,126.07658845263728]","[0.04600383306112932,0.26117562751986917,0.007931686700497846]",,,,,1611318.1354164362,98.44488131762138,nan,nan,ris_only_stage2_then_vp,direct_vp,True,"[""poor_clock_consistency""]",False,1.0,nan,nan,,,nan,nan,nan,False,nan,,,False,,nan,nan,,,nan,nan,nan,False,nan,,,,False,nan,nan,reliability_gated,nan,nan,,decoupled_robust,legacy_multistart,0.0
fig5,old_gated,1,112311654,-5.0,snr_db,-5.0,3,3,3,3,full_6d,112311654,,,nan,,False,,78.34967495198362,0.0002249536862671557,0.0002249536862671557,2.8053028624924995e-05,0.00017826775228728598,1.037336523966911e-12,0.9607540616153073,False,direct_vp,global_exact_spherical_vp,main_single_proposed,True,d52c3ff1f9f9806d,adaptive_jones,cpu,False,,legacy_least_squares,cpu,explicit,,legacy_least_squares_numerical,False,,,0,0,,,,,,,,fixed_pol_anchor,True,fixed_anchor_then_adaptive_jones_score_selection,fixed_pol_anchor,3.828841188177466,126.07658845263728,50.547582920164984,0.0,True,3,4,3096579.5210618726,nan,"[21.737319119680205,3.828841188177466,126.07658845263728]","[0.04600383306112932,0.26117562751986917,0.007931686700497846]",,direct_vp,"[""poor_clock_consistency""]",3096430.0629864438,3096560,True,1611318.1354164362,98.44488131762138,3.5974180594397587,0.2838126265489241,"[4.967506750631459,4.988894177661857,4.376427944898346]",30.42419783002697,71.58798532001674,102.94717883109115,nan,nan,nan,nan,nan,nan,nan,,,nan,nan,nan,nan,nan,nan,nan,nan,nan,,,,nan,nan,nan,nan,nan,,False,,nan,,,nan,nan,nan,,,,,,,,0.0002249536862671557,2.8053028624924995e-05,0.9607540616153073,nan,nan,nan,False,not_run,not_requested,"[21.737319119680205,3.828841188177466,126.07658845263728]","[0.04600383306112932,0.26117562751986917,0.007931686700497846]",,,,,1611318.1354164362,98.44488131762138,nan,nan,ris_only_stage2_then_vp,direct_vp,True,"[""poor_clock_consistency""]",False,1.0,nan,nan,,,nan,nan,nan,False,nan,,,False,,nan,nan,,,nan,nan,nan,False,nan,,,,False,nan,nan,reliability_gated_ris_only,nan,nan,,decoupled_robust,legacy_multistart,0.0
fig5,adaptive_jones_vp_proposed,1,112311654,-5.0,snr_db,-5.0,3,3,3,3,full_6d,112311654,,,nan,,False,,75.95769822504371,0.0002249536862671557,0.0002249536862671557,2.8053028624924995e-05,0.00017826775228728598,1.037336523966911e-12,0.9607540616153073,False,direct_vp,global_exact_spherical_vp,main_single_proposed,True,870cc566b76cf43a,adaptive_jones,cpu,False,,legacy_least_squares,cpu,explicit,,legacy_least_squares_numerical,False,,,0,0,,,,,,,,fixed_pol_anchor,True,fixed_anchor_then_adaptive_jones_score_selection,fixed_pol_anchor,3.828841188177466,126.07658845263728,50.547582920164984,0.0,True,3,4,3096579.5210618726,nan,"[21.737319119680205,3.828841188177466,126.07658845263728]","[0.04600383306112932,0.26117562751986917,0.007931686700497846]",,direct_vp,"[""poor_clock_consistency""]",3096430.0629864438,3096560,True,1611318.1354164362,98.44488131762138,3.5974180594397587,0.2838126265489241,"[4.967506750631459,4.988894177661857,4.376427944898346]",30.42419783002697,69.20517711387947,100.56437062495388,nan,nan,nan,nan,nan,nan,nan,,,nan,nan,nan,nan,nan,nan,nan,nan,nan,,,,nan,nan,nan,nan,nan,,False,,nan,,,nan,nan,nan,,,,,,,,0.0002249536862671557,2.8053028624924995e-05,0.9607540616153073,nan,nan,nan,False,not_run,not_requested,"[21.737319119680205,3.828841188177466,126.07658845263728]","[0.04600383306112932,0.26117562751986917,0.007931686700497846]",,,,,1611318.1354164362,98.44488131762138,nan,nan,ris_only_stage2_then_vp,direct_vp,True,"[""poor_clock_consistency""]",True,1.0,0.009781541107798825,0.009781541107798825,2,data_only_efim_tau_crb,0.02855045403579253,0.00020241832825549234,0.00020241832825549234,True,0.009983959436054317,green,clock_green,False,ngc_green_skip_rescue,nan,nan,2,,nan,nan,nan,False,nan,,candidate_unavailable,ngc_green_skip_rescue,False,9.21034037197618,13.815510557964274,ngc_certified_ris_only,nan,nan,,decoupled_robust,legacy_multistart,0.0
fig5,force_rescue,1,112311654,-5.0,snr_db,-5.0,3,3,3,3,full_6d,112311654,,,nan,,False,,176.50213283998892,0.0002249536862671557,0.0002249536862671557,2.8053028624924995e-05,0.00017826775228728598,1.037336523966911e-12,0.9607540616153073,False,direct_vp_rollback,global_exact_spherical_vp,main_single_proposed,True,e18e5455034588c6,adaptive_jones,cpu,False,,legacy_least_squares,cpu,explicit,,legacy_least_squares_numerical,False,,,0,0,,,,,,,,fixed_pol_anchor,True,fixed_anchor_then_adaptive_jones_score_selection,fixed_pol_anchor,3.828841188177466,126.07658845263728,50.547582920164984,0.0,True,3,4,3096579.5210618726,nan,"[21.737319119680205,3.828841188177466,126.07658845263728]","[0.04600383306112932,0.26117562751986917,0.007931686700497846]",,jnpp_then_vp,"[""poor_clock_consistency""]",3096430.0629864438,3096560,True,1611318.1354164362,98.44488131762138,3.5974180594397587,0.2838126265489241,"[4.967506750631459,4.988894177661857,4.376427944898346]",30.42419783002697,69.80304854805581,101.16224205913022,nan,nan,nan,nan,nan,nan,nan,,,nan,nan,nan,nan,nan,nan,nan,nan,nan,,,,nan,nan,nan,nan,nan,,False,,nan,,,nan,nan,nan,,,,,,,,0.0002249536862671557,2.8053028624924995e-05,0.9607540616153073,0.00022485108026727097,2.8052208092795723e-05,0.9607540616153548,True,rollback,existing_selector_rollback,"[21.737319119680205,3.828841188177466,126.07658845263728]","[0.04600383306112932,0.26117562751986917,0.007931686700497846]",,"[21.73731916656568,3.8288411791939474,126.07658833450839]","[0.04600383296190312,0.2611756281326593,0.00793168670792953]",,1611318.1354164362,98.44488131762138,1611317.1731986112,98.44494131017274,ris_only_stage2_then_vp,direct_vp,True,"[""poor_clock_consistency""]",False,1.0,nan,nan,,,nan,nan,nan,False,nan,,,False,,nan,nan,,,nan,nan,nan,False,nan,,,,False,nan,nan,force_ris_only,0.0004899748557925022,0.03734213830562124,3,decoupled_robust,legacy_multistart,0.0
fig5,oracle_init_vp,1,112311654,-5.0,snr_db,-5.0,3,3,3,3,full_6d,112311654,,,nan,,False,,45.20608265418559,0.00022498558635610693,0.00022498558635610693,2.805266353916832e-05,0.0001782745809953072,1.0372887295313152e-12,0.9607540616153089,False,oracle_init_vp,global_exact_spherical_vp,,False,,adaptive_jones,cupy,True,0,cupy,cupy.linalg.solve,explicit,matrix_free,analytic_reduced_vp_explicit_gradient,False,matrix_free_cpu_only_gpu_backend,,0,0,0,0,,,,,,fixed_pol_anchor,False,,fixed_pol_anchor,nan,nan,nan,nan,False,3,4,3096725.458075429,3096741.647693731,"[21.73629467595318,3.8286607379157984,126.0706468006813]","[0.046006001247515374,0.26118793710109184,0.00793206051726646]","[9.440041340789941e-08,7.058334577049222e-08,2.8316318185610138e-09]",oracle_init_vp,"[""oracle_truth_initialization""]",nan,,,nan,nan,nan,nan,,0.0,45.20455264300108,45.20455264300108,nan,nan,nan,nan,nan,nan,nan,,,nan,nan,nan,nan,nan,nan,nan,nan,nan,,,,nan,nan,nan,nan,nan,,False,,nan,,,nan,nan,nan,,,,,,,,nan,nan,nan,nan,nan,nan,False,,,,,,,,,nan,nan,nan,nan,,,,[],False,nan,nan,nan,,,nan,nan,nan,False,nan,,,False,,nan,nan,,,nan,nan,nan,False,nan,,,,False,nan,nan,,nan,nan,,,legacy_multistart,
fig5,direct_vp,14,1092560480,-10.0,snr_db,-10.0,3,3,3,3,full_6d,1092560480,,,nan,,False,,101.95044927694835,0.0011081399472219276,0.0011081399472219276,6.063315718499999e-05,0.0007918480840224055,2.176422516595592e-12,2.1617529816192387,False,direct_vp,global_exact_spherical_vp,proposed_post_stage1,False,81827e577c70b296,adaptive_jones,cpu,False,,legacy_least_squares,cpu,explicit,,legacy_least_squares_numerical,False,,,0,0,,,,,,,,fixed_pol_anchor,True,fixed_anchor_then_adaptive_jones_score_selection,fixed_pol_anchor,27.391990679242987,38.11909719183204,33.868966499307305,0.0,True,3,10,3121492.1732362877,nan,"[38.11909719183204,36.095811626846896,27.391990679242987]","[0.0262335698804576,0.027704045286521182,0.036507021767146874]",,direct_vp,"[""poor_clock_consistency""]",3094527.375798808,3096560,True,792488.2859321482,68.69346309573054,5.470818797798422,0.12592242170610624,"[5.178085464708105,4.9194482975503755,4.90321907069928]",20.194948138901964,97.48219489096664,118.07950455392711,nan,nan,nan,nan,nan,nan,nan,,,nan,nan,nan,nan,nan,nan,nan,nan,nan,,,,nan,nan,nan,nan,nan,,False,,nan,,,nan,nan,nan,,,,,,,,0.0011081399472219276,6.063315718499999e-05,2.1617529816192387,nan,nan,nan,False,not_run,not_requested,"[38.11909719183204,36.095811626846896,27.391990679242987]","[0.0262335698804576,0.027704045286521182,0.036507021767146874]",,,,,792488.2859321482,68.69346309573054,nan,nan,ris_only_stage2_then_vp,direct_vp,True,"[""poor_clock_consistency""]",False,1.0,nan,nan,,,nan,nan,nan,False,nan,,,False,,nan,nan,,,nan,nan,nan,False,nan,,,,False,nan,nan,reliability_gated,nan,nan,,decoupled_robust,legacy_multistart,0.0
fig5,old_gated,14,1092560480,-10.0,snr_db,-10.0,3,3,3,3,full_6d,1092560480,,,nan,,False,,259.00352695188485,0.0011081411876602703,0.0011081411876602703,6.063315880473833e-05,0.0007918481766845644,2.1764223011599223e-12,2.1617529816192413,False,ris_only_stage2_then_vp,global_exact_spherical_vp,main_single_proposed,True,b1d37678aa6925e5,adaptive_jones,cpu,False,,legacy_least_squares,cpu,explicit,,legacy_least_squares_numerical,False,,,0,0,,,,,,,,fixed_pol_anchor,True,fixed_anchor_then_adaptive_jones_score_selection,fixed_pol_anchor,27.39199085766522,38.11909707897761,33.86896643622692,0.0,True,3,10,3121492.1732363,nan,"[38.11909707897761,36.095811372037915,27.39199085766522]","[0.026233569958124044,0.027704045482090676,0.03650702152935239]",,jnpp_then_vp,"[""poor_clock_consistency""]",3121342.715160859,3096560,False,323660.15083731303,149.46276106665752,5.470818797798422,0.12592242170610624,"[5.178085464708105,4.9194482975503755,4.90321907069928]",20.194948138901964,120.94360055797733,182.6701576129999,nan,nan,nan,nan,nan,nan,nan,,,nan,nan,nan,nan,nan,nan,nan,nan,nan,,,,nan,nan,nan,nan,nan,,False,,nan,,,nan,nan,nan,,,,,,,,0.7000008748752125,0.08683928665634287,2.1804854511628573,0.0011081411876602703,6.063315880473833e-05,2.1617529816192413,True,accepted,accepted,"[38.11909719183204,36.095811626846896,27.391990679242987]","[0.0262335698804576,0.027704045286521182,0.036507021767146874]",,"[38.11909707897761,36.095811372037915,27.39199085766522]","[0.026233569958124044,0.027704045482090676,0.03650702152935239]",,323660.15083731303,149.46276106665752,792488.2913047039,68.6934626322659,ris_only_stage2_then_vp,jnpp_then_vp,True,"[""poor_clock_consistency""]",False,1.0,nan,nan,,,nan,nan,nan,False,nan,,,False,,nan,nan,,,nan,nan,nan,False,nan,,,,False,nan,nan,reliability_gated_ris_only,0.7000010257781779,0.10844773189124755,3,decoupled_robust,legacy_multistart,0.0
fig5,adaptive_jones_vp_proposed,14,1092560480,-10.0,snr_db,-10.0,3,3,3,3,full_6d,1092560480,,,nan,,False,,106.8701697208453,0.7000008748752125,0.7000008748752125,0.08683928665634287,0.017643231424221643,5.216313215442182e-11,2.1804854511628573,True,direct_vp,global_exact_spherical_vp,main_single_proposed,True,511602588e3c4b80,adaptive_jones,cpu,False,,legacy_least_squares,cpu,explicit,,legacy_least_squares_numerical,False,,,0,0,,,,,,,,fixed_pol_anchor,True,fixed_anchor_then_adaptive_jones_score_selection,fixed_pol_anchor,27.391990679242987,38.11909719183204,33.868966499307305,0.0,True,3,4,3121492.1732362877,nan,"[38.11909719183204,36.095811626846896,27.391990679242987]","[0.0262335698804576,0.027704045286521182,0.036507021767146874]",,direct_vp,"[""poor_clock_consistency""]",3121342.715160859,3096560,False,323660.15083731303,149.46276106665752,5.470818797798422,0.12592242170610624,"[5.178085464708105,4.9194482975503755,4.90321907069928]",20.194948138901964,99.91863635205664,120.51594601501711,nan,nan,nan,nan,nan,nan,nan,,,nan,nan,nan,nan,nan,nan,nan,nan,nan,,,,nan,nan,nan,nan,nan,,False,,nan,,,nan,nan,nan,,,,,,,,0.7000008748752125,0.08683928665634287,2.1804854511628573,nan,nan,nan,False,not_run,not_requested,"[38.11909719183204,36.095811626846896,27.391990679242987]","[0.0262335698804576,0.027704045286521182,0.036507021767146874]",,,,,323660.15083731303,149.46276106665752,nan,nan,ris_only_stage2_then_vp,jnpp_then_vp,True,"[""poor_clock_consistency""]",True,1.0,0.00332328699083006,0.00332328699083006,2,data_only_efim_tau_crb,0.016641531857649754,0.13661196769907544,0.13661196769907544,True,0.1399352546899055,green,clock_green,False,ngc_green_skip_rescue,nan,nan,2,,nan,nan,nan,False,nan,,candidate_unavailable,ngc_green_skip_rescue,False,9.21034037197618,13.815510557964274,ngc_certified_ris_only,nan,nan,,decoupled_robust,legacy_multistart,0.0
fig5,force_rescue,14,1092560480,-10.0,snr_db,-10.0,3,3,3,3,full_6d,1092560480,,,nan,,False,,273.5924598900601,0.0011081411876602703,0.0011081411876602703,6.063315880473833e-05,0.0007918481766845644,2.1764223011599223e-12,2.1617529816192413,False,ris_only_stage2_then_vp,global_exact_spherical_vp,main_single_proposed,True,47668c8f86958f59,adaptive_jones,cpu,False,,legacy_least_squares,cpu,explicit,,legacy_least_squares_numerical,False,,,0,0,,,,,,,,fixed_pol_anchor,True,fixed_anchor_then_adaptive_jones_score_selection,fixed_pol_anchor,27.39199085766522,38.11909707897761,33.86896643622692,0.0,True,3,10,3121492.1732363,nan,"[38.11909707897761,36.095811372037915,27.39199085766522]","[0.026233569958124044,0.027704045482090676,0.03650702152935239]",,jnpp_then_vp,"[""poor_clock_consistency""]",3121342.715160859,3096560,False,323660.15083731303,149.46276106665752,5.470818797798422,0.12592242170610624,"[5.178085464708105,4.9194482975503755,4.90321907069928]",20.194948138901964,121.11278917593881,182.78170796507038,nan,nan,nan,nan,nan,nan,nan,,,nan,nan,nan,nan,nan,nan,nan,nan,nan,,,,nan,nan,nan,nan,nan,,False,,nan,,,nan,nan,nan,,,,,,,,0.7000008748752125,0.08683928665634287,2.1804854511628573,0.0011081411876602703,6.063315880473833e-05,2.1617529816192413,True,accepted,accepted,"[38.11909719183204,36.095811626846896,27.391990679242987]","[0.0262335698804576,0.027704045286521182,0.036507021767146874]",,"[38.11909707897761,36.095811372037915,27.39199085766522]","[0.026233569958124044,0.027704045482090676,0.03650702152935239]",,323660.15083731303,149.46276106665752,792488.2913047039,68.6934626322659,ris_only_stage2_then_vp,jnpp_then_vp,True,"[""poor_clock_consistency""]",False,1.0,nan,nan,,,nan,nan,nan,False,nan,,,False,,nan,nan,,,nan,nan,nan,False,nan,,,,False,nan,nan,force_ris_only,0.7000010257781779,0.10844773189124755,3,decoupled_robust,legacy_multistart,0.0
fig5,oracle_init_vp,14,1092560480,-10.0,snr_db,-10.0,3,3,3,3,full_6d,1092560480,,,nan,,False,,34.673482296057045,0.001108120559352154,0.001108120559352154,6.063124008355626e-05,0.0007918227884903419,2.176277591677161e-12,2.161752981619238,False,oracle_init_vp,global_exact_spherical_vp,,False,,adaptive_jones,cupy,True,0,cupy,cupy.linalg.solve,explicit,matrix_free,analytic_reduced_vp_explicit_gradient,False,matrix_free_cpu_only_gpu_backend,,0,0,0,0,,,,,,fixed_pol_anchor,False,,fixed_pol_anchor,nan,nan,nan,nan,False,3,4,3096725.458075429,3096734.5955546275,"[37.59174740515589,35.38756201358086,22.514979550300026]","[0.02660158329924438,0.028258516356137717,0.04441487489444153]","[8.977587842787683e-09,1.826480407887373e-08,2.5305490116930345e-08]",oracle_init_vp,"[""oracle_truth_initialization""]",nan,,,nan,nan,nan,nan,,0.0,34.67175014107488,34.67175014107488,nan,nan,nan,nan,nan,nan,nan,,,nan,nan,nan,nan,nan,nan,nan,nan,nan,,,,nan,nan,nan,nan,nan,,False,,nan,,,nan,nan,nan,,,,,,,,nan,nan,nan,nan,nan,nan,False,,,,,,,,,nan,nan,nan,nan,,,,[],False,nan,nan,nan,,,nan,nan,nan,False,nan,,,False,,nan,nan,,,nan,nan,nan,False,nan,,,,False,nan,nan,,nan,nan,,,legacy_multistart,
fig5,direct_vp,11,3685333214,-10.0,snr_db,-10.0,3,3,3,3,full_6d,3685333214,,,nan,,False,,151.07611924689263,0.00010351781526225354,0.00010351781526225354,2.5843099674851414e-05,4.4803322846690074e-05,1.773112288614617e-12,2.8631281834071007,False,direct_vp,global_exact_spherical_vp,proposed_post_stage1,False,04794105e4036872,adaptive_jones,cpu,False,,legacy_least_squares,cpu,explicit,,legacy_least_squares_numerical,False,,,0,0,,,,,,,,fixed_pol_anchor,True,fixed_anchor_then_adaptive_jones_score_selection,fixed_pol_anchor,12.246109658470882,324.81830370699936,140.43885762441056,0.0,True,3,10,3102951.731907546,nan,"[324.81830370699936,12.246109658470882,84.25215950776148]","[0.003078644239756964,0.08165858610420278,0.01186913196953279]",,direct_vp,"[""poor_clock_consistency""]",3091929.0270479703,3096560,True,601748.7833428159,91.82829842943403,1.6470224846005308,1.5291768626951177,"[8.173961756792636,4.789673004097228,5.091615712666516]",26.901917535811663,145.57268109405413,173.2282331730239,nan,nan,nan,nan,nan,nan,nan,,,nan,nan,nan,nan,nan,nan,nan,nan,nan,,,,nan,nan,nan,nan,nan,,False,,nan,,,nan,nan,nan,,,,,,,,0.00010351781526225354,2.5843099674851414e-05,2.8631281834071007,nan,nan,nan,False,not_run,not_requested,"[324.81830370699936,12.246109658470882,84.25215950776148]","[0.003078644239756964,0.08165858610420278,0.01186913196953279]",,,,,601748.7833428159,91.82829842943403,nan,nan,ris_only_stage2_then_vp,direct_vp,True,"[""poor_clock_consistency""]",False,1.0,nan,nan,,,nan,nan,nan,False,nan,,,False,,nan,nan,,,nan,nan,nan,False,nan,,,,False,nan,nan,reliability_gated,nan,nan,,decoupled_robust,legacy_multistart,0.0
fig5,old_gated,11,3685333214,-10.0,snr_db,-10.0,3,3,3,3,full_6d,3685333214,,,nan,,False,,213.99036281299777,0.00010354162265438719,0.00010354162265438719,2.584311568014977e-05,4.4807906628338545e-05,1.7731110382877141e-12,2.863128183407096,False,ris_only_stage2_then_vp,global_exact_spherical_vp,main_single_proposed,True,ea24345383902e46,adaptive_jones,cpu,False,,legacy_least_squares,cpu,explicit,,legacy_least_squares_numerical,False,,,0,0,,,,,,,,fixed_pol_anchor,True,fixed_anchor_then_adaptive_jones_score_selection,fixed_pol_anchor,12.246109685851362,324.8182830175881,140.43885135641543,0.0,True,3,10,3102951.731907773,nan,"[324.8182830175881,12.246109685851362,84.25216136580683]","[0.0030786444358522585,0.08165858592162632,0.011869131707778254]",,jnpp_then_vp,"[""poor_clock_consistency""]",3102802.273832117,3096560,False,278296.27673305525,191.25419358090048,1.6470224846005308,1.5291768626951177,"[8.173961756792636,4.789673004097228,5.091615712666516]",26.901917535811663,77.36329504195601,136.09124113596044,nan,nan,nan,nan,nan,nan,nan,,,nan,nan,nan,nan,nan,nan,nan,nan,nan,,,,nan,nan,nan,nan,nan,,False,,nan,,,nan,nan,nan,,,,,,,,0.700000159330361,0.03446977646577832,2.8731968166261996,0.00010354162265438719,2.584311568014977e-05,2.863128183407096,True,accepted,accepted,"[324.81830370699936,12.246109658470882,84.25215950776148]","[0.003078644239756964,0.08165858610420278,0.01186913196953279]",,"[324.8182830175881,12.246109685851362,84.25216136580683]","[0.0030786444358522585,0.08165858592162632,0.011869131707778254]",,278296.27673305525,191.25419358090048,601748.6838525083,91.82831353547209,ris_only_stage2_then_vp,jnpp_then_vp,True,"[""poor_clock_consistency""]",False,1.0,nan,nan,,,nan,nan,nan,False,nan,,,False,,nan,nan,,,nan,nan,nan,False,nan,,,,False,nan,nan,reliability_gated_ris_only,0.7000003401287641,0.007872424630905643,3,decoupled_robust,legacy_multistart,0.0
fig5,adaptive_jones_vp_proposed,11,3685333214,-10.0,snr_db,-10.0,3,3,3,3,full_6d,3685333214,,,nan,,False,,216.70106088602915,0.00010354162265438719,0.00010354162265438719,2.584311568014977e-05,4.4807906628338545e-05,1.7731110382877141e-12,2.863128183407096,False,ris_only_stage2_then_vp,global_exact_spherical_vp,main_single_proposed,True,dd6dc014540344c1,adaptive_jones,cpu,False,,legacy_least_squares,cpu,explicit,,legacy_least_squares_numerical,False,,,0,0,,,,,,,,fixed_pol_anchor,True,fixed_anchor_then_adaptive_jones_score_selection,fixed_pol_anchor,12.246109685851362,324.8182830175881,140.43885135641543,0.0,True,3,10,3102951.731907773,nan,"[324.8182830175881,12.246109685851362,84.25216136580683]","[0.0030786444358522585,0.08165858592162632,0.011869131707778254]",,jnpp_then_vp,"[""poor_clock_consistency""]",3102802.273832117,3096560,False,278296.27673305525,191.25419358090048,1.6470224846005308,1.5291768626951177,"[8.173961756792636,4.789673004097228,5.091615712666516]",26.901917535811663,79.51635472592898,135.42559841787443,nan,nan,nan,nan,nan,nan,nan,,,nan,nan,nan,nan,nan,nan,nan,nan,nan,,,,nan,nan,nan,nan,nan,,False,,nan,,,nan,nan,nan,,,,,,,,0.700000159330361,0.03446977646577832,2.8731968166261996,0.00010354162265438719,2.584311568014977e-05,2.863128183407096,True,accepted,accepted,"[324.81830370699936,12.246109658470882,84.25215950776148]","[0.003078644239756964,0.08165858610420278,0.01186913196953279]",,"[324.8182830175881,12.246109685851362,84.25216136580683]","[0.0030786444358522585,0.08165858592162632,0.011869131707778254]",,278296.27673305525,191.25419358090048,601748.6838525083,91.82831353547209,ris_only_stage2_then_vp,jnpp_then_vp,True,"[""poor_clock_consistency""]",True,1.0,10.616968534237964,10.616968534237964,2,data_only_efim_tau_crb,0.9406101093721904,0.1013017964970037,0.1013017964970037,True,10.718270330734967,gray,clock_gray,True,ngc_gray_run_rescue,11.592057291126551,11.592057291126551,2,data_only_efim_tau_crb,0.9828554187979767,0.00048944139516583,0.00048944139516583,True,11.592546732521717,gray,clock_gray,both_uncertified_lower_raw,True,9.21034037197618,13.815510557964274,ngc_certified_ris_only,0.7000003401287641,0.007872424630905643,3,decoupled_robust,legacy_multistart,0.0
fig5,force_rescue,11,3685333214,-10.0,snr_db,-10.0,3,3,3,3,full_6d,3685333214,,,nan,,False,,212.77414852683432,0.00010354162265438719,0.00010354162265438719,2.584311568014977e-05,4.4807906628338545e-05,1.7731110382877141e-12,2.863128183407096,False,ris_only_stage2_then_vp,global_exact_spherical_vp,main_single_proposed,True,933634a6efc63fbe,adaptive_jones,cpu,False,,legacy_least_squares,cpu,explicit,,legacy_least_squares_numerical,False,,,0,0,,,,,,,,fixed_pol_anchor,True,fixed_anchor_then_adaptive_jones_score_selection,fixed_pol_anchor,12.246109685851362,324.8182830175881,140.43885135641543,0.0,True,3,10,3102951.731907773,nan,"[324.8182830175881,12.246109685851362,84.25216136580683]","[0.0030786444358522585,0.08165858592162632,0.011869131707778254]",,jnpp_then_vp,"[""poor_clock_consistency""]",3102802.273832117,3096560,False,278296.27673305525,191.25419358090048,1.6470224846005308,1.5291768626951177,"[8.173961756792636,4.789673004097228,5.091615712666516]",26.901917535811663,77.88384213112295,136.13126113824546,nan,nan,nan,nan,nan,nan,nan,,,nan,nan,nan,nan,nan,nan,nan,nan,nan,,,,nan,nan,nan,nan,nan,,False,,nan,,,nan,nan,nan,,,,,,,,0.700000159330361,0.03446977646577832,2.8731968166261996,0.00010354162265438719,2.584311568014977e-05,2.863128183407096,True,accepted,accepted,"[324.81830370699936,12.246109658470882,84.25215950776148]","[0.003078644239756964,0.08165858610420278,0.01186913196953279]",,"[324.8182830175881,12.246109685851362,84.25216136580683]","[0.0030786444358522585,0.08165858592162632,0.011869131707778254]",,278296.27673305525,191.25419358090048,601748.6838525083,91.82831353547209,ris_only_stage2_then_vp,jnpp_then_vp,True,"[""poor_clock_consistency""]",False,1.0,nan,nan,,,nan,nan,nan,False,nan,,,False,,nan,nan,,,nan,nan,nan,False,nan,,,,False,nan,nan,force_ris_only,0.7000003401287641,0.007872424630905643,3,decoupled_robust,legacy_multistart,0.0
fig5,oracle_init_vp,11,3685333214,-10.0,snr_db,-10.0,3,3,3,3,full_6d,3685333214,,,nan,,False,,33.58877405500971,0.00010351127196586998,0.00010351127196586998,2.5842641163873023e-05,4.478835267736017e-05,1.7730255447115036e-12,2.863128183407122,False,oracle_init_vp,global_exact_spherical_vp,,False,,adaptive_jones,cupy,True,0,cupy,cupy.linalg.solve,explicit,matrix_free,analytic_reduced_vp_explicit_gradient,False,matrix_free_cpu_only_gpu_backend,,0,0,0,0,,,,,,fixed_pol_anchor,False,,fixed_pol_anchor,nan,nan,nan,nan,False,3,4,3096725.4580754293,3096731.2764618313,"[319.1287369929918,12.084108730419977,69.9118020177714]","[0.0031335316559186325,0.08275331034307577,0.014303736580497392]","[1.0223699014988329e-09,1.5550961369443166e-08,6.563541719119949e-09]",oracle_init_vp,"[""oracle_truth_initialization""]",nan,,,nan,nan,nan,nan,,0.0,33.58723744098097,33.58723744098097,nan,nan,nan,nan,nan,nan,nan,,,nan,nan,nan,nan,nan,nan,nan,nan,nan,,,,nan,nan,nan,nan,nan,,False,,nan,,,nan,nan,nan,,,,,,,,nan,nan,nan,nan,nan,nan,False,,,,,,,,,nan,nan,nan,nan,,,,[],False,nan,nan,nan,,,nan,nan,nan,False,nan,,,False,,nan,nan,,,nan,nan,nan,False,nan,,,,False,nan,nan,,nan,nan,,,legacy_multistart,
fig5,direct_vp,10,781873798,-5.0,snr_db,-5.0,3,3,3,3,full_6d,781873798,,,nan,,False,,57.648723237914965,0.0004054716574344694,0.0004054716574344694,1.3238610606919078e-05,0.00036107884757219995,3.6715051543155793e-13,0.6968404836098809,False,direct_vp,global_exact_spherical_vp,proposed_post_stage1,False,a3ff39a69278d1eb,adaptive_jones,cpu,False,,legacy_least_squares,cpu,explicit,,legacy_least_squares_numerical,False,,,0,0,,,,,,,,fixed_pol_anchor,True,fixed_anchor_then_adaptive_jones_score_selection,fixed_pol_anchor,4.414953856533117,114.05521036799153,43.614080417761215,0.0,True,3,4,3094418.6364504523,nan,"[12.37207702875898,114.05521036799153,4.414953856533117]","[0.08082717216059364,0.008767683621462899,0.22650293355066775]",,direct_vp,"[""poor_clock_consistency""]",3094269.1783750234,3096560,True,2580319.9684680314,81.22889994990884,7.121986563394804,0.19352130678542387,"[5.018567665472349,5.4464356025855825,5.0557984815314185]",28.03282943693921,52.404736016178504,81.19311415217817,nan,nan,nan,nan,nan,nan,nan,,,nan,nan,nan,nan,nan,nan,nan,nan,nan,,,,nan,nan,nan,nan,nan,,False,,nan,,,nan,nan,nan,,,,,,,,0.0004054716574344694,1.3238610606919078e-05,0.6968404836098809,nan,nan,nan,False,not_run,not_requested,"[12.37207702875898,114.05521036799153,4.414953856533117]","[0.08082717216059364,0.008767683621462899,0.22650293355066775]",,,,,2580319.9684680314,81.22889994990884,nan,nan,ris_only_stage2_then_vp,direct_vp,True,"[""poor_clock_consistency""]",False,1.0,nan,nan,,,nan,nan,nan,False,nan,,,False,,nan,nan,,,nan,nan,nan,False,nan,,,,False,nan,nan,reliability_gated,nan,nan,,decoupled_robust,legacy_multistart,0.0
fig5,old_gated,10,781873798,-5.0,snr_db,-5.0,3,3,3,3,full_6d,781873798,,,nan,,False,,56.480863044038415,0.0004054716574344694,0.0004054716574344694,1.3238610606919078e-05,0.00036107884757219995,3.6715051543155793e-13,0.6968404836098809,False,direct_vp,global_exact_spherical_vp,main_single_proposed,True,6a3da020a956d732,adaptive_jones,cpu,False,,legacy_least_squares,cpu,explicit,,legacy_least_squares_numerical,False,,,0,0,,,,,,,,fixed_pol_anchor,True,fixed_anchor_then_adaptive_jones_score_selection,fixed_pol_anchor,4.414953856533117,114.05521036799153,43.614080417761215,0.0,True,3,4,3094418.6364504523,nan,"[12.37207702875898,114.05521036799153,4.414953856533117]","[0.08082717216059364,0.008767683621462899,0.22650293355066775]",,direct_vp,"[""poor_clock_consistency""]",3094269.1783750234,3096560,True,2580319.9684680314,81.22889994990884,7.121986563394804,0.19352130678542387,"[5.018567665472349,5.4464356025855825,5.0557984815314185]",28.03282943693921,51.543861797079444,80.33223993307911,nan,nan,nan,nan,nan,nan,nan,,,nan,nan,nan,nan,nan,nan,nan,nan,nan,,,,nan,nan,nan,nan,nan,,False,,nan,,,nan,nan,nan,,,,,,,,0.0004054716574344694,1.3238610606919078e-05,0.6968404836098809,nan,nan,nan,False,not_run,not_requested,"[12.37207702875898,114.05521036799153,4.414953856533117]","[0.08082717216059364,0.008767683621462899,0.22650293355066775]",,,,,2580319.9684680314,81.22889994990884,nan,nan,ris_only_stage2_then_vp,direct_vp,True,"[""poor_clock_consistency""]",False,1.0,nan,nan,,,nan,nan,nan,False,nan,,,False,,nan,nan,,,nan,nan,nan,False,nan,,,,False,nan,nan,reliability_gated_ris_only,nan,nan,,decoupled_robust,legacy_multistart,0.0
fig5,adaptive_jones_vp_proposed,10,781873798,-5.0,snr_db,-5.0,3,3,3,3,full_6d,781873798,,,nan,,False,,55.13873844803311,0.0004054716574344694,0.0004054716574344694,1.3238610606919078e-05,0.00036107884757219995,3.6715051543155793e-13,0.6968404836098809,False,direct_vp,global_exact_spherical_vp,main_single_proposed,True,95068b715eb5fbfd,adaptive_jones,cpu,False,,legacy_least_squares,cpu,explicit,,legacy_least_squares_numerical,False,,,0,0,,,,,,,,fixed_pol_anchor,True,fixed_anchor_then_adaptive_jones_score_selection,fixed_pol_anchor,4.414953856533117,114.05521036799153,43.614080417761215,0.0,True,3,4,3094418.6364504523,nan,"[12.37207702875898,114.05521036799153,4.414953856533117]","[0.08082717216059364,0.008767683621462899,0.22650293355066775]",,direct_vp,"[""poor_clock_consistency""]",3094269.1783750234,3096560,True,2580319.9684680314,81.22889994990884,7.121986563394804,0.19352130678542387,"[5.018567665472349,5.4464356025855825,5.0557984815314185]",28.03282943693921,50.154610671103,78.94298880710267,nan,nan,nan,nan,nan,nan,nan,,,nan,nan,nan,nan,nan,nan,nan,nan,nan,,,,nan,nan,nan,nan,nan,,False,,nan,,,nan,nan,nan,,,,,,,,0.0004054716574344694,1.3238610606919078e-05,0.6968404836098809,nan,nan,nan,False,not_run,not_requested,"[12.37207702875898,114.05521036799153,4.414953856533117]","[0.08082717216059364,0.008767683621462899,0.22650293355066775]",,,,,2580319.9684680314,81.22889994990884,nan,nan,ris_only_stage2_then_vp,direct_vp,True,"[""poor_clock_consistency""]",True,1.0,0.09634938477765444,0.09634938477765444,2,data_only_efim_tau_crb,0.08960533130421354,0.00013292928498278428,0.00013292928498278428,True,0.09648231406263721,green,clock_green,False,ngc_green_skip_rescue,nan,nan,2,,nan,nan,nan,False,nan,,candidate_unavailable,ngc_green_skip_rescue,False,9.21034037197618,13.815510557964274,ngc_certified_ris_only,nan,nan,,decoupled_robust,legacy_multistart,0.0
fig5,force_rescue,10,781873798,-5.0,snr_db,-5.0,3,3,3,3,full_6d,781873798,,,nan,,False,,131.08759648608975,0.0004054716574344694,0.0004054716574344694,1.3238610606919078e-05,0.00036107884757219995,3.6715051543155793e-13,0.6968404836098809,False,direct_vp_rollback,global_exact_spherical_vp,main_single_proposed,True,0845b6c9d46def2b,adaptive_jones,cpu,False,,legacy_least_squares,cpu,explicit,,legacy_least_squares_numerical,False,,,0,0,,,,,,,,fixed_pol_anchor,True,fixed_anchor_then_adaptive_jones_score_selection,fixed_pol_anchor,4.414953856533117,114.05521036799153,43.614080417761215,0.0,True,3,4,3094418.6364504523,nan,"[12.37207702875898,114.05521036799153,4.414953856533117]","[0.08082717216059364,0.008767683621462899,0.22650293355066775]",,jnpp_then_vp,"[""poor_clock_consistency""]",3094269.1783750234,3096560,True,2580319.9684680314,81.22889994990884,7.121986563394804,0.19352130678542387,"[5.018567665472349,5.4464356025855825,5.0557984815314185]",28.03282943693921,52.58733179909177,81.37570993509144,nan,nan,nan,nan,nan,nan,nan,,,nan,nan,nan,nan,nan,nan,nan,nan,nan,,,,nan,nan,nan,nan,nan,,False,,nan,,,nan,nan,nan,,,,,,,,0.0004054716574344694,1.3238610606919078e-05,0.6968404836098809,0.00040547349865907584,1.3238557945624057e-05,0.6968404836098874,True,rollback,existing_selector_rollback,"[12.37207702875898,114.05521036799153,4.414953856533117]","[0.08082717216059364,0.008767683621462899,0.22650293355066775]",,"[12.372077030389365,114.05521020885534,4.414953856550774]","[0.08082717214994228,0.00876768363369606,0.22650293354976192]",,2580319.9684680314,81.22889994990884,2580320.0097295255,81.2288984391959,ris_only_stage2_then_vp,direct_vp,True,"[""poor_clock_consistency""]",False,1.0,nan,nan,,,nan,nan,nan,False,nan,,,False,,nan,nan,,,nan,nan,nan,False,nan,,,,False,nan,nan,force_ris_only,0.0010054775888497396,0.12767518976574285,3,decoupled_robust,legacy_multistart,0.0
fig5,oracle_init_vp,10,781873798,-5.0,snr_db,-5.0,3,3,3,3,full_6d,781873798,,,nan,,False,,33.812238664133474,0.00040548383902346387,0.00040548383902346387,1.3238470303715337e-05,0.00036108600283164577,3.671179762113971e-13,0.6968404836098844,False,oracle_init_vp,global_exact_spherical_vp,,False,,adaptive_jones,cupy,True,0,cupy,cupy.linalg.solve,explicit,matrix_free,analytic_reduced_vp_explicit_gradient,False,matrix_free_cpu_only_gpu_backend,,0,0,0,0,,,,,,fixed_pol_anchor,False,,fixed_pol_anchor,nan,nan,nan,nan,False,3,4,3096725.458075429,3096741.9070136403,"[12.362860339158786,113.97024381765772,4.411664898011579]","[0.08088742997606982,0.008774220062966093,0.22667179468828363]","[8.31669173132332e-09,1.1483602414014504e-08,2.0335639253040423e-07]",oracle_init_vp,"[""oracle_truth_initialization""]",nan,,,nan,nan,nan,nan,,0.0,33.810709320008755,33.810709320008755,nan,nan,nan,nan,nan,nan,nan,,,nan,nan,nan,nan,nan,nan,nan,nan,nan,,,,nan,nan,nan,nan,nan,,False,,nan,,,nan,nan,nan,,,,,,,,nan,nan,nan,nan,nan,nan,False,,,,,,,,,nan,nan,nan,nan,,,,[],False,nan,nan,nan,,,nan,nan,nan,False,nan,,,False,,nan,nan,,,nan,nan,nan,False,nan,,,,False,nan,nan,,nan,nan,,,legacy_multistart,
fig5,direct_vp,7,1914929603,-5.0,snr_db,-5.0,3,3,3,3,full_6d,1914929603,,,nan,,False,,68.51215483015403,0.000742549107991075,0.000742549107991075,1.69902317566436e-05,0.0004139032496356087,3.593834803924376e-13,2.3258241854683024,False,direct_vp,global_exact_spherical_vp,proposed_post_stage1,False,da5fed080afb24a3,adaptive_jones,cpu,False,,legacy_least_squares,cpu,explicit,,legacy_least_squares_numerical,False,,,0,0,,,,,,,,fixed_pol_anchor,True,fixed_anchor_then_adaptive_jones_score_selection,fixed_pol_anchor,4.333579453065723,46.67670871258557,22.172631144485212,0.0,True,3,4,3094102.4508485766,nan,"[46.67670871258557,15.507605267804351,4.333579453065723]","[0.021423961276080518,0.06448448891464965,0.23075612454462605]",,direct_vp,"[""poor_clock_consistency""]",3093952.9927731478,3096560,True,2562816.1389581324,85.18652351499311,7.796546937967526,0.4168829877430928,"[4.128422862736427,5.0011199440012275,5.023967731617603]",28.89344446803443,63.20924526802264,92.70299914409406,nan,nan,nan,nan,nan,nan,nan,,,nan,nan,nan,nan,nan,nan,nan,nan,nan,,,,nan,nan,nan,nan,nan,,False,,nan,,,nan,nan,nan,,,,,,,,0.000742549107991075,1.69902317566436e-05,2.3258241854683024,nan,nan,nan,False,not_run,not_requested,"[46.67670871258557,15.507605267804351,4.333579453065723]","[0.021423961276080518,0.06448448891464965,0.23075612454462605]",,,,,2562816.1389581324,85.18652351499311,nan,nan,ris_only_stage2_then_vp,direct_vp,True,"[""poor_clock_consistency""]",False,1.0,nan,nan,,,nan,nan,nan,False,nan,,,False,,nan,nan,,,nan,nan,nan,False,nan,,,,False,nan,nan,reliability_gated,nan,nan,,decoupled_robust,legacy_multistart,0.0
fig5,old_gated,7,1914929603,-5.0,snr_db,-5.0,3,3,3,3,full_6d,1914929603,,,nan,,False,,79.67490148707293,0.000742549107991075,0.000742549107991075,1.69902317566436e-05,0.0004139032496356087,3.593834803924376e-13,2.3258241854683024,False,direct_vp,global_exact_spherical_vp,main_single_proposed,True,057bc0a2ca3350a0,adaptive_jones,cpu,False,,legacy_least_squares,cpu,explicit,,legacy_least_squares_numerical,False,,,0,0,,,,,,,,fixed_pol_anchor,True,fixed_anchor_then_adaptive_jones_score_selection,fixed_pol_anchor,4.333579453065723,46.67670871258557,22.172631144485212,0.0,True,3,4,3094102.4508485766,nan,"[46.67670871258557,15.507605267804351,4.333579453065723]","[0.021423961276080518,0.06448448891464965,0.23075612454462605]",,direct_vp,"[""poor_clock_consistency""]",3093952.9927731478,3096560,True,2562816.1389581324,85.18652351499311,7.796546937967526,0.4168829877430928,"[4.128422862736427,5.0011199440012275,5.023967731617603]",28.89344446803443,72.96101303002797,102.4547669060994,nan,nan,nan,nan,nan,nan,nan,,,nan,nan,nan,nan,nan,nan,nan,nan,nan,,,,nan,nan,nan,nan,nan,,False,,nan,,,nan,nan,nan,,,,,,,,0.000742549107991075,1.69902317566436e-05,2.3258241854683024,nan,nan,nan,False,not_run,not_requested,"[46.67670871258557,15.507605267804351,4.333579453065723]","[0.021423961276080518,0.06448448891464965,0.23075612454462605]",,,,,2562816.1389581324,85.18652351499311,nan,nan,ris_only_stage2_then_vp,direct_vp,True,"[""poor_clock_consistency""]",False,1.0,nan,nan,,,nan,nan,nan,False,nan,,,False,,nan,nan,,,nan,nan,nan,False,nan,,,,False,nan,nan,reliability_gated_ris_only,nan,nan,,decoupled_robust,legacy_multistart,0.0
fig5,adaptive_jones_vp_proposed,7,1914929603,-5.0,snr_db,-5.0,3,3,3,3,full_6d,1914929603,,,nan,,False,,90.23069814196788,0.000742549107991075,0.000742549107991075,1.69902317566436e-05,0.0004139032496356087,3.593834803924376e-13,2.3258241854683024,False,direct_vp,global_exact_spherical_vp,main_single_proposed,True,5c57921daa5007aa,adaptive_jones,cpu,False,,legacy_least_squares,cpu,explicit,,legacy_least_squares_numerical,False,,,0,0,,,,,,,,fixed_pol_anchor,True,fixed_anchor_then_adaptive_jones_score_selection,fixed_pol_anchor,4.333579453065723,46.67670871258557,22.172631144485212,0.0,True,3,4,3094102.4508485766,nan,"[46.67670871258557,15.507605267804351,4.333579453065723]","[0.021423961276080518,0.06448448891464965,0.23075612454462605]",,direct_vp,"[""poor_clock_consistency""]",3093952.9927731478,3096560,True,2562816.1389581324,85.18652351499311,7.796546937967526,0.4168829877430928,"[4.128422862736427,5.0011199440012275,5.023967731617603]",28.89344446803443,83.42919653700665,112.92295041307807,nan,nan,nan,nan,nan,nan,nan,,,nan,nan,nan,nan,nan,nan,nan,nan,nan,,,,nan,nan,nan,nan,nan,,False,,nan,,,nan,nan,nan,,,,,,,,0.000742549107991075,1.69902317566436e-05,2.3258241854683024,nan,nan,nan,False,not_run,not_requested,"[46.67670871258557,15.507605267804351,4.333579453065723]","[0.021423961276080518,0.06448448891464965,0.23075612454462605]",,,,,2562816.1389581324,85.18652351499311,nan,nan,ris_only_stage2_then_vp,direct_vp,True,"[""poor_clock_consistency""]",True,1.0,0.080913016357991,0.080913016357991,2,data_only_efim_tau_crb,0.08211425797732035,0.00020969461170156447,0.00020969461170156447,True,0.08112271096969256,green,clock_green,False,ngc_green_skip_rescue,nan,nan,2,,nan,nan,nan,False,nan,,candidate_unavailable,ngc_green_skip_rescue,False,9.21034037197618,13.815510557964274,ngc_certified_ris_only,nan,nan,,decoupled_robust,legacy_multistart,0.0
fig5,force_rescue,7,1914929603,-5.0,snr_db,-5.0,3,3,3,3,full_6d,1914929603,,,nan,,False,,180.62290906207636,0.000742549107991075,0.000742549107991075,1.69902317566436e-05,0.0004139032496356087,3.593834803924376e-13,2.3258241854683024,False,direct_vp_rollback,global_exact_spherical_vp,main_single_proposed,True,71642477bca1bf92,adaptive_jones,cpu,False,,legacy_least_squares,cpu,explicit,,legacy_least_squares_numerical,False,,,0,0,,,,,,,,fixed_pol_anchor,True,fixed_anchor_then_adaptive_jones_score_selection,fixed_pol_anchor,4.333579453065723,46.67670871258557,22.172631144485212,0.0,True,3,4,3094102.4508485766,nan,"[46.67670871258557,15.507605267804351,4.333579453065723]","[0.021423961276080518,0.06448448891464965,0.23075612454462605]",,jnpp_then_vp,"[""poor_clock_consistency""]",3093952.9927731478,3096560,True,2562816.1389581324,85.18652351499311,7.796546937967526,0.4168829877430928,"[4.128422862736427,5.0011199440012275,5.023967731617603]",28.89344446803443,85.66269967914559,115.15645355521701,nan,nan,nan,nan,nan,nan,nan,,,nan,nan,nan,nan,nan,nan,nan,nan,nan,,,,nan,nan,nan,nan,nan,,False,,nan,,,nan,nan,nan,,,,,,,,0.000742549107991075,1.69902317566436e-05,2.3258241854683024,0.0007425569355949722,1.6990307739998254e-05,2.3258241854683237,True,rollback,existing_selector_rollback,"[46.67670871258557,15.507605267804351,4.333579453065723]","[0.021423961276080518,0.06448448891464965,0.23075612454462605]",,"[46.676708711190706,15.50760524117179,4.333579456426434]","[0.021423961276720742,0.06448448902539448,0.2307561243656736]",,2562816.1389581324,85.18652351499311,2562816.136363346,85.18652260649867,ris_only_stage2_then_vp,direct_vp,True,"[""poor_clock_consistency""]",False,1.0,nan,nan,,,nan,nan,nan,False,nan,,,False,,nan,nan,,,nan,nan,nan,False,nan,,,,False,nan,nan,force_ris_only,0.00085248731414011,0.007727862621904372,3,decoupled_robust,legacy_multistart,0.0
fig5,oracle_init_vp,7,1914929603,-5.0,snr_db,-5.0,3,3,3,3,full_6d,1914929603,,,nan,,False,,44.391563422977924,0.0007425382643965967,0.0007425382643965967,1.6989765489924747e-05,0.0004138813870515708,3.593435305218623e-13,2.3258241854683215,False,oracle_init_vp,global_exact_spherical_vp,,False,,adaptive_jones,cupy,True,0,cupy,cupy.linalg.solve,explicit,matrix_free,analytic_reduced_vp_explicit_gradient,False,matrix_free_cpu_only_gpu_backend,,0,0,0,0,,,,,,fixed_pol_anchor,False,,fixed_pol_anchor,nan,nan,nan,nan,False,3,4,3096725.458075429,3096742.662888449,"[46.6371704392563,15.494469293542206,4.329908619405241]","[0.02144212417980711,0.06453915787882364,0.23095175623660869]","[1.1535596879599723e-08,6.607855484728529e-08,1.0468259372099805e-07]",oracle_init_vp,"[""oracle_truth_initialization""]",nan,,,nan,nan,nan,nan,,0.0,44.389901898102835,44.389901898102835,nan,nan,nan,nan,nan,nan,nan,,,nan,nan,nan,nan,nan,nan,nan,nan,nan,,,,nan,nan,nan,nan,nan,,False,,nan,,,nan,nan,nan,,,,,,,,nan,nan,nan,nan,nan,nan,False,,,,,,,,,nan,nan,nan,nan,,,,[],False,nan,nan,nan,,,nan,nan,nan,False,nan,,,False,,nan,nan,,,nan,nan,nan,False,nan,,,,False,nan,nan,,nan,nan,,,legacy_multistart,
fig5,direct_vp,18,3644258948,-5.0,snr_db,-5.0,3,3,3,3,full_6d,3644258948,,,nan,,False,,44.676047215936705,0.00028862889960881493,0.00028862889960881493,1.1618995603754061e-05,0.00023829533587265924,2.723197860515405e-12,1.3897517240045971,False,direct_vp,global_exact_spherical_vp,proposed_post_stage1,False,6cc285e13f6c547e,adaptive_jones,cpu,False,,legacy_least_squares,cpu,explicit,,legacy_least_squares_numerical,False,,,0,0,,,,,,,,fixed_pol_anchor,True,fixed_anchor_then_adaptive_jones_score_selection,fixed_pol_anchor,4.216374584080427,34.24902959117993,19.622734748621482,0.0,True,3,4,3094106.993961858,nan,"[20.40280007060409,34.24902959117993,4.216374584080427]","[0.04901288041440819,0.02919790755832915,0.23717057866998772]",,direct_vp,"[""poor_clock_consistency""]",3093957.5358864293,3096560,True,2552501.688408252,80.75504834011015,13.526107006539974,0.17786430460142977,"[5.235244994312033,5.396162100913748,4.965075593175035]",22.365851453039795,40.71569403284229,63.72375296498649,nan,nan,nan,nan,nan,nan,nan,,,nan,nan,nan,nan,nan,nan,nan,nan,nan,,,,nan,nan,nan,nan,nan,,False,,nan,,,nan,nan,nan,,,,,,,,0.00028862889960881493,1.1618995603754061e-05,1.3897517240045971,nan,nan,nan,False,not_run,not_requested,"[20.40280007060409,34.24902959117993,4.216374584080427]","[0.04901288041440819,0.02919790755832915,0.23717057866998772]",,,,,2552501.688408252,80.75504834011015,nan,nan,ris_only_stage2_then_vp,direct_vp,True,"[""poor_clock_consistency""]",False,1.0,nan,nan,,,nan,nan,nan,False,nan,,,False,,nan,nan,,,nan,nan,nan,False,nan,,,,False,nan,nan,reliability_gated,nan,nan,,decoupled_robust,legacy_multistart,0.0
fig5,old_gated,18,3644258948,-5.0,snr_db,-5.0,3,3,3,3,full_6d,3644258948,,,nan,,False,,44.96334817796014,0.00028862889960881493,0.00028862889960881493,1.1618995603754061e-05,0.00023829533587265924,2.723197860515405e-12,1.3897517240045971,False,direct_vp,global_exact_spherical_vp,main_single_proposed,True,7b61faaa8d819e64,adaptive_jones,cpu,False,,legacy_least_squares,cpu,explicit,,legacy_least_squares_numerical,False,,,0,0,,,,,,,,fixed_pol_anchor,True,fixed_anchor_then_adaptive_jones_score_selection,fixed_pol_anchor,4.216374584080427,34.24902959117993,19.622734748621482,0.0,True,3,4,3094106.993961858,nan,"[20.40280007060409,34.24902959117993,4.216374584080427]","[0.04901288041440819,0.02919790755832915,0.23717057866998772]",,direct_vp,"[""poor_clock_consistency""]",3093957.5358864293,3096560,True,2552501.688408252,80.75504834011015,13.526107006539974,0.17786430460142977,"[5.235244994312033,5.396162100913748,4.965075593175035]",22.365851453039795,40.815018291119486,63.82307722326368,nan,nan,nan,nan,nan,nan,nan,,,nan,nan,nan,nan,nan,nan,nan,nan,nan,,,,nan,nan,nan,nan,nan,,False,,nan,,,nan,nan,nan,,,,,,,,0.00028862889960881493,1.1618995603754061e-05,1.3897517240045971,nan,nan,nan,False,not_run,not_requested,"[20.40280007060409,34.24902959117993,4.216374584080427]","[0.04901288041440819,0.02919790755832915,0.23717057866998772]",,,,,2552501.688408252,80.75504834011015,nan,nan,ris_only_stage2_then_vp,direct_vp,True,"[""poor_clock_consistency""]",False,1.0,nan,nan,,,nan,nan,nan,False,nan,,,False,,nan,nan,,,nan,nan,nan,False,nan,,,,False,nan,nan,reliability_gated_ris_only,nan,nan,,decoupled_robust,legacy_multistart,0.0
fig5,adaptive_jones_vp_proposed,18,3644258948,-5.0,snr_db,-5.0,3,3,3,3,full_6d,3644258948,,,nan,,False,,44.48486798792146,0.00028862889960881493,0.00028862889960881493,1.1618995603754061e-05,0.00023829533587265924,2.723197860515405e-12,1.3897517240045971,False,direct_vp,global_exact_spherical_vp,main_single_proposed,True,888bfdd3e14b8b34,adaptive_jones,cpu,False,,legacy_least_squares,cpu,explicit,,legacy_least_squares_numerical,False,,,0,0,,,,,,,,fixed_pol_anchor,True,fixed_anchor_then_adaptive_jones_score_selection,fixed_pol_anchor,4.216374584080427,34.24902959117993,19.622734748621482,0.0,True,3,4,3094106.993961858,nan,"[20.40280007060409,34.24902959117993,4.216374584080427]","[0.04901288041440819,0.02919790755832915,0.23717057866998772]",,direct_vp,"[""poor_clock_consistency""]",3093957.5358864293,3096560,True,2552501.688408252,80.75504834011015,13.526107006539974,0.17786430460142977,"[5.235244994312033,5.396162100913748,4.965075593175035]",22.365851453039795,40.53384093614295,63.541899868287146,nan,nan,nan,nan,nan,nan,nan,,,nan,nan,nan,nan,nan,nan,nan,nan,nan,,,,nan,nan,nan,nan,nan,,False,,nan,,,nan,nan,nan,,,,,,,,0.00028862889960881493,1.1618995603754061e-05,1.3897517240045971,nan,nan,nan,False,not_run,not_requested,"[20.40280007060409,34.24902959117993,4.216374584080427]","[0.04901288041440819,0.02919790755832915,0.23717057866998772]",,,,,2552501.688408252,80.75504834011015,nan,nan,ris_only_stage2_then_vp,direct_vp,True,"[""poor_clock_consistency""]",True,1.0,0.03803871453651973,0.03803871453651973,2,data_only_efim_tau_crb,0.05630180172999184,0.00016172923644718968,0.00016172923644718968,True,0.03820044377296692,green,clock_green,False,ngc_green_skip_rescue,nan,nan,2,,nan,nan,nan,False,nan,,candidate_unavailable,ngc_green_skip_rescue,False,9.21034037197618,13.815510557964274,ngc_certified_ris_only,nan,nan,,decoupled_robust,legacy_multistart,0.0
fig5,force_rescue,18,3644258948,-5.0,snr_db,-5.0,3,3,3,3,full_6d,3644258948,,,nan,,False,,109.69085744814947,0.00028862889960881493,0.00028862889960881493,1.1618995603754061e-05,0.00023829533587265924,2.723197860515405e-12,1.3897517240045971,False,direct_vp_rollback,global_exact_spherical_vp,main_single_proposed,True,6c6158e91f2b5861,adaptive_jones,cpu,False,,legacy_least_squares,cpu,explicit,,legacy_least_squares_numerical,False,,,0,0,,,,,,,,fixed_pol_anchor,True,fixed_anchor_then_adaptive_jones_score_selection,fixed_pol_anchor,4.216374584080427,34.24902959117993,19.622734748621482,0.0,True,3,4,3094106.993961858,nan,"[20.40280007060409,34.24902959117993,4.216374584080427]","[0.04901288041440819,0.02919790755832915,0.23717057866998772]",,jnpp_then_vp,"[""poor_clock_consistency""]",3093957.5358864293,3096560,True,2552501.688408252,80.75504834011015,13.526107006539974,0.17786430460142977,"[5.235244994312033,5.396162100913748,4.965075593175035]",22.365851453039795,41.925894557032734,64.93395348917693,nan,nan,nan,nan,nan,nan,nan,,,nan,nan,nan,nan,nan,nan,nan,nan,nan,,,,nan,nan,nan,nan,nan,,False,,nan,,,nan,nan,nan,,,,,,,,0.00028862889960881493,1.1618995603754061e-05,1.3897517240045971,0.00028862301214433264,1.1619136622987104e-05,1.389751724004593,True,rollback,existing_selector_rollback,"[20.40280007060409,34.24902959117993,4.216374584080427]","[0.04901288041440819,0.02919790755832915,0.23717057866998772]",,"[20.402800079389753,34.24902962869589,4.216374583896897]","[0.04901288039330272,0.02919790752634612,0.23717057868031122]",,2552501.688408252,80.75504834011015,2552501.699072631,80.75504816626704,ris_only_stage2_then_vp,direct_vp,True,"[""poor_clock_consistency""]",False,1.0,nan,nan,,,nan,nan,nan,False,nan,,,False,,nan,nan,,,nan,nan,nan,False,nan,,,,False,nan,nan,force_ris_only,0.0005777870237528791,0.18831785038428264,3,decoupled_robust,legacy_multistart,0.0
fig5,oracle_init_vp,18,3644258948,-5.0,snr_db,-5.0,3,3,3,3,full_6d,3644258948,,,nan,,False,,25.535765799926594,0.00028862799182244103,0.00028862799182244103,1.1618969670723273e-05,0.00023829756199566815,2.7231644773453798e-12,1.3897517240045985,False,oracle_init_vp,global_exact_spherical_vp,,False,,adaptive_jones,cupy,True,0,cupy,cupy.linalg.solve,explicit,matrix_free,analytic_reduced_vp_explicit_gradient,False,matrix_free_cpu_only_gpu_backend,,0,0,0,0,,,,,,fixed_pol_anchor,False,,fixed_pol_anchor,nan,nan,nan,nan,False,3,4,3096725.458075429,3096736.110858849,"[20.385547479633903,34.22006861561798,4.212809218421314]","[0.0490543607415332,0.029222618200986938,0.23737129980230198]","[8.739401807915012e-09,3.0644235915579575e-11,7.972491361404241e-08]",oracle_init_vp,"[""oracle_truth_initialization""]",nan,,,nan,nan,nan,nan,,0.0,25.534302001819015,25.534302001819015,nan,nan,nan,nan,nan,nan,nan,,,nan,nan,nan,nan,nan,nan,nan,nan,nan,,,,nan,nan,nan,nan,nan,,False,,nan,,,nan,nan,nan,,,,,,,,nan,nan,nan,nan,nan,nan,False,,,,,,,,,nan,nan,nan,nan,,,,[],False,nan,nan,nan,,,nan,nan,nan,False,nan,,,False,,nan,nan,,,nan,nan,nan,False,nan,,,,False,nan,nan,,nan,nan,,,legacy_multistart,
fig5,direct_vp,17,2127997378,-5.0,snr_db,-5.0,3,3,3,3,full_6d,2127997378,,,nan,,False,,57.78038512705825,0.0005362422235871502,0.0005362422235871502,1.744542555059885e-05,4.85295809727071e-05,4.201534266053432e-13,1.2664497263391372,False,direct_vp,global_exact_spherical_vp,proposed_post_stage1,False,c3df9d392c4e4b3c,adaptive_jones,cpu,False,,legacy_least_squares,cpu,explicit,,legacy_least_squares_numerical,False,,,0,0,,,,,,,,fixed_pol_anchor,True,fixed_anchor_then_adaptive_jones_score_selection,fixed_pol_anchor,5.240125527505146,18.458062962156426,12.561407214548689,0.0,True,3,4,3100097.313911078,nan,"[13.986033153984497,5.240125527505146,18.458062962156426]","[0.07149990200767704,0.19083512307974532,0.05417686579744517]",,direct_vp,"[""poor_clock_consistency""]",3099947.855835649,3096560,True,2064003.968375199,83.09501651246603,11.451267342933185,0.22211709806110902,"[4.909884478703399,4.89364453265372,5.372736077797435]",24.77648291317746,52.833026125095785,79.09938534535468,nan,nan,nan,nan,nan,nan,nan,,,nan,nan,nan,nan,nan,nan,nan,nan,nan,,,,nan,nan,nan,nan,nan,,False,,nan,,,nan,nan,nan,,,,,,,,0.0005362422235871502,1.744542555059885e-05,1.2664497263391372,nan,nan,nan,False,not_run,not_requested,"[13.986033153984497,5.240125527505146,18.458062962156426]","[0.07149990200767704,0.19083512307974532,0.05417686579744517]",,,,,2064003.968375199,83.09501651246603,nan,nan,ris_only_stage2_then_vp,direct_vp,True,"[""poor_clock_consistency""]",False,1.0,nan,nan,,,nan,nan,nan,False,nan,,,False,,nan,nan,,,nan,nan,nan,False,nan,,,,False,nan,nan,reliability_gated,nan,nan,,decoupled_robust,legacy_multistart,0.0
fig5,old_gated,17,2127997378,-5.0,snr_db,-5.0,3,3,3,3,full_6d,2127997378,,,nan,,False,,56.961978680919856,0.0005362422235871502,0.0005362422235871502,1.744542555059885e-05,4.85295809727071e-05,4.201534266053432e-13,1.2664497263391372,False,direct_vp,global_exact_spherical_vp,main_single_proposed,True,93874856d3c6595c,adaptive_jones,cpu,False,,legacy_least_squares,cpu,explicit,,legacy_least_squares_numerical,False,,,0,0,,,,,,,,fixed_pol_anchor,True,fixed_anchor_then_adaptive_jones_score_selection,fixed_pol_anchor,5.240125527505146,18.458062962156426,12.561407214548689,0.0,True,3,4,3100097.313911078,nan,"[13.986033153984497,5.240125527505146,18.458062962156426]","[0.07149990200767704,0.19083512307974532,0.05417686579744517]",,direct_vp,"[""poor_clock_consistency""]",3099947.855835649,3096560,True,2064003.968375199,83.09501651246603,11.451267342933185,0.22211709806110902,"[4.909884478703399,4.89364453265372,5.372736077797435]",24.77648291317746,52.016631226055324,78.28299044631422,nan,nan,nan,nan,nan,nan,nan,,,nan,nan,nan,nan,nan,nan,nan,nan,nan,,,,nan,nan,nan,nan,nan,,False,,nan,,,nan,nan,nan,,,,,,,,0.0005362422235871502,1.744542555059885e-05,1.2664497263391372,nan,nan,nan,False,not_run,not_requested,"[13.986033153984497,5.240125527505146,18.458062962156426]","[0.07149990200767704,0.19083512307974532,0.05417686579744517]",,,,,2064003.968375199,83.09501651246603,nan,nan,ris_only_stage2_then_vp,direct_vp,True,"[""poor_clock_consistency""]",False,1.0,nan,nan,,,nan,nan,nan,False,nan,,,False,,nan,nan,,,nan,nan,nan,False,nan,,,,False,nan,nan,reliability_gated_ris_only,nan,nan,,decoupled_robust,legacy_multistart,0.0
fig5,adaptive_jones_vp_proposed,17,2127997378,-5.0,snr_db,-5.0,3,3,3,3,full_6d,2127997378,,,nan,,False,,57.20260837697424,0.0005362422235871502,0.0005362422235871502,1.744542555059885e-05,4.85295809727071e-05,4.201534266053432e-13,1.2664497263391372,False,direct_vp,global_exact_spherical_vp,main_single_proposed,True,36ff9e088809b923,adaptive_jones,cpu,False,,legacy_least_squares,cpu,explicit,,legacy_least_squares_numerical,False,,,0,0,,,,,,,,fixed_pol_anchor,True,fixed_anchor_then_adaptive_jones_score_selection,fixed_pol_anchor,5.240125527505146,18.458062962156426,12.561407214548689,0.0,True,3,4,3100097.313911078,nan,"[13.986033153984497,5.240125527505146,18.458062962156426]","[0.07149990200767704,0.19083512307974532,0.05417686579744517]",,direct_vp,"[""poor_clock_consistency""]",3099947.855835649,3096560,True,2064003.968375199,83.09501651246603,11.451267342933185,0.22211709806110902,"[4.909884478703399,4.89364453265372,5.372736077797435]",24.77648291317746,51.99503429699689,78.26139351725578,nan,nan,nan,nan,nan,nan,nan,,,nan,nan,nan,nan,nan,nan,nan,nan,nan,,,,nan,nan,nan,nan,nan,,False,,nan,,,nan,nan,nan,,,,,,,,0.0005362422235871502,1.744542555059885e-05,1.2664497263391372,nan,nan,nan,False,not_run,not_requested,"[13.986033153984497,5.240125527505146,18.458062962156426]","[0.07149990200767704,0.19083512307974532,0.05417686579744517]",,,,,2064003.968375199,83.09501651246603,nan,nan,ris_only_stage2_then_vp,direct_vp,True,"[""poor_clock_consistency""]",True,1.0,0.010440253178705132,0.010440253178705132,2,data_only_efim_tau_crb,0.0294961200537533,0.0001762736349606597,0.0001762736349606597,True,0.010616526813665792,green,clock_green,False,ngc_green_skip_rescue,nan,nan,2,,nan,nan,nan,False,nan,,candidate_unavailable,ngc_green_skip_rescue,False,9.21034037197618,13.815510557964274,ngc_certified_ris_only,nan,nan,,decoupled_robust,legacy_multistart,0.0
fig5,force_rescue,17,2127997378,-5.0,snr_db,-5.0,3,3,3,3,full_6d,2127997378,,,nan,,False,,133.10765463206917,0.0005362422235871502,0.0005362422235871502,1.744542555059885e-05,4.85295809727071e-05,4.201534266053432e-13,1.2664497263391372,False,direct_vp_rollback,global_exact_spherical_vp,main_single_proposed,True,54aeac6821c8cf63,adaptive_jones,cpu,False,,legacy_least_squares,cpu,explicit,,legacy_least_squares_numerical,False,,,0,0,,,,,,,,fixed_pol_anchor,True,fixed_anchor_then_adaptive_jones_score_selection,fixed_pol_anchor,5.240125527505146,18.458062962156426,12.561407214548689,0.0,True,3,4,3100097.313911078,nan,"[13.986033153984497,5.240125527505146,18.458062962156426]","[0.07149990200767704,0.19083512307974532,0.05417686579744517]",,jnpp_then_vp,"[""poor_clock_consistency""]",3099947.855835649,3096560,True,2064003.968375199,83.09501651246603,11.451267342933185,0.22211709806110902,"[4.909884478703399,4.89364453265372,5.372736077797435]",24.77648291317746,51.93599346000701,78.2023526802659,nan,nan,nan,nan,nan,nan,nan,,,nan,nan,nan,nan,nan,nan,nan,nan,nan,,,,nan,nan,nan,nan,nan,,False,,nan,,,nan,nan,nan,,,,,,,,0.0005362422235871502,1.744542555059885e-05,1.2664497263391372,0.0005362091957002272,1.7445732597736513e-05,1.2664497263392231,True,rollback,existing_selector_rollback,"[13.986033153984497,5.240125527505146,18.458062962156426]","[0.07149990200767704,0.19083512307974532,0.05417686579744517]",,"[13.986033148533751,5.240125536174311,18.45806296559997]","[0.07149990203554255,0.19083512276403128,0.05417686578733791]",,2064003.968375199,83.09501651246603,2064003.6338112555,83.09503114988915,ris_only_stage2_then_vp,direct_vp,True,"[""poor_clock_consistency""]",False,1.0,nan,nan,,,nan,nan,nan,False,nan,,,False,,nan,nan,,,nan,nan,nan,False,nan,,,,False,nan,nan,force_ris_only,0.0002759379728739083,0.034204527368370236,3,decoupled_robust,legacy_multistart,0.0
fig5,oracle_init_vp,17,2127997378,-5.0,snr_db,-5.0,3,3,3,3,full_6d,2127997378,,,nan,,False,,33.19611385115422,0.0005362713767600852,0.0005362713767600852,1.7445486892997176e-05,4.853216126061541e-05,4.201682818888528e-13,1.2664497263391403,False,oracle_init_vp,global_exact_spherical_vp,,False,,adaptive_jones,cupy,True,0,cupy,cupy.linalg.solve,explicit,matrix_free,analytic_reduced_vp_explicit_gradient,False,matrix_free_cpu_only_gpu_backend,,0,0,0,0,,,,,,fixed_pol_anchor,False,,fixed_pol_anchor,nan,nan,nan,nan,False,3,4,3096725.458075429,3096739.747707062,"[14.001262518032272,5.245831490585383,18.478161913701737]","[0.07142213058987326,0.19062754909101437,0.054117936873364664]","[1.5850059378228393e-08,4.697543794493478e-08,6.854655070852409e-08]",oracle_init_vp,"[""oracle_truth_initialization""]",nan,,,nan,nan,nan,nan,,0.0,33.19465228402987,33.19465228402987,nan,nan,nan,nan,nan,nan,nan,,,nan,nan,nan,nan,nan,nan,nan,nan,nan,,,,nan,nan,nan,nan,nan,,False,,nan,,,nan,nan,nan,,,,,,,,nan,nan,nan,nan,nan,nan,False,,,,,,,,,nan,nan,nan,nan,,,,[],False,nan,nan,nan,,,nan,nan,nan,False,nan,,,False,,nan,nan,,,nan,nan,nan,False,nan,,,,False,nan,nan,,nan,nan,,,legacy_multistart,
fig5,direct_vp,19,3846521747,-5.0,snr_db,-5.0,3,3,3,3,full_6d,3846521747,,,nan,,False,,44.60235442710109,0.0012784687488211258,0.0012784687488211258,2.155573656507022e-05,0.00038615539705991447,3.9555982402458456e-13,0.37481989428957474,False,direct_vp,global_exact_spherical_vp,proposed_post_stage1,False,610cf2c78c8afb22,adaptive_jones,cpu,False,,legacy_least_squares,cpu,explicit,,legacy_least_squares_numerical,False,,,0,0,,,,,,,,fixed_pol_anchor,True,fixed_anchor_then_adaptive_jones_score_selection,fixed_pol_anchor,5.905838638300424,15.136623863417546,11.144683640023707,0.0,True,3,4,3095370.791020284,nan,"[12.391588418353155,5.905838638300424,15.136623863417546]","[0.08069990434047264,0.16932396247823545,0.06606493026504283]",,direct_vp,"[""poor_clock_consistency""]",3095221.332944855,3096560,True,2103235.6904505687,80.5931872681876,8.799980923028205,0.2229707900333158,"[5.05627303293231,4.895988723951585,5.4282963179187975]",23.798168475041166,40.28930982411839,65.47129353508353,nan,nan,nan,nan,nan,nan,nan,,,nan,nan,nan,nan,nan,nan,nan,nan,nan,,,,nan,nan,nan,nan,nan,,False,,nan,,,nan,nan,nan,,,,,,,,0.0012784687488211258,2.155573656507022e-05,0.37481989428957474,nan,nan,nan,False,not_run,not_requested,"[12.391588418353155,5.905838638300424,15.136623863417546]","[0.08069990434047264,0.16932396247823545,0.06606493026504283]",,,,,2103235.6904505687,80.5931872681876,nan,nan,ris_only_stage2_then_vp,direct_vp,True,"[""poor_clock_consistency""]",False,1.0,nan,nan,,,nan,nan,nan,False,nan,,,False,,nan,nan,,,nan,nan,nan,False,nan,,,,False,nan,nan,reliability_gated,nan,nan,,decoupled_robust,legacy_multistart,0.0
fig5,old_gated,19,3846521747,-5.0,snr_db,-5.0,3,3,3,3,full_6d,3846521747,,,nan,,False,,55.90655500697903,0.0012784687488211258,0.0012784687488211258,2.155573656507022e-05,0.00038615539705991447,3.9555982402458456e-13,0.37481989428957474,False,direct_vp,global_exact_spherical_vp,main_single_proposed,True,4908220cb392482d,adaptive_jones,cpu,False,,legacy_least_squares,cpu,explicit,,legacy_least_squares_numerical,False,,,0,0,,,,,,,,fixed_pol_anchor,True,fixed_anchor_then_adaptive_jones_score_selection,fixed_pol_anchor,5.905838638300424,15.136623863417546,11.144683640023707,0.0,True,3,4,3095370.791020284,nan,"[12.391588418353155,5.905838638300424,15.136623863417546]","[0.08069990434047264,0.16932396247823545,0.06606493026504283]",,direct_vp,"[""poor_clock_consistency""]",3095221.332944855,3096560,True,2103235.6904505687,80.5931872681876,8.799980923028205,0.2229707900333158,"[5.05627303293231,4.895988723951585,5.4282963179187975]",23.798168475041166,50.92245921702124,76.10444292798638,nan,nan,nan,nan,nan,nan,nan,,,nan,nan,nan,nan,nan,nan,nan,nan,nan,,,,nan,nan,nan,nan,nan,,False,,nan,,,nan,nan,nan,,,,,,,,0.0012784687488211258,2.155573656507022e-05,0.37481989428957474,nan,nan,nan,False,not_run,not_requested,"[12.391588418353155,5.905838638300424,15.136623863417546]","[0.08069990434047264,0.16932396247823545,0.06606493026504283]",,,,,2103235.6904505687,80.5931872681876,nan,nan,ris_only_stage2_then_vp,direct_vp,True,"[""poor_clock_consistency""]",False,1.0,nan,nan,,,nan,nan,nan,False,nan,,,False,,nan,nan,,,nan,nan,nan,False,nan,,,,False,nan,nan,reliability_gated_ris_only,nan,nan,,decoupled_robust,legacy_multistart,0.0
fig5,adaptive_jones_vp_proposed,19,3846521747,-5.0,snr_db,-5.0,3,3,3,3,full_6d,3846521747,,,nan,,False,,57.182205223012716,0.0012784687488211258,0.0012784687488211258,2.155573656507022e-05,0.00038615539705991447,3.9555982402458456e-13,0.37481989428957474,False,direct_vp,global_exact_spherical_vp,main_single_proposed,True,14f13c12556d8390,adaptive_jones,cpu,False,,legacy_least_squares,cpu,explicit,,legacy_least_squares_numerical,False,,,0,0,,,,,,,,fixed_pol_anchor,True,fixed_anchor_then_adaptive_jones_score_selection,fixed_pol_anchor,5.905838638300424,15.136623863417546,11.144683640023707,0.0,True,3,4,3095370.791020284,nan,"[12.391588418353155,5.905838638300424,15.136623863417546]","[0.08069990434047264,0.16932396247823545,0.06606493026504283]",,direct_vp,"[""poor_clock_consistency""]",3095221.332944855,3096560,True,2103235.6904505687,80.5931872681876,8.799980923028205,0.2229707900333158,"[5.05627303293231,4.895988723951585,5.4282963179187975]",23.798168475041166,52.253517938777804,77.43550164974295,nan,nan,nan,nan,nan,nan,nan,,,nan,nan,nan,nan,nan,nan,nan,nan,nan,,,,nan,nan,nan,nan,nan,,False,,nan,,,nan,nan,nan,,,,,,,,0.0012784687488211258,2.155573656507022e-05,0.37481989428957474,nan,nan,nan,False,not_run,not_requested,"[12.391588418353155,5.905838638300424,15.136623863417546]","[0.08069990434047264,0.16932396247823545,0.06606493026504283]",,,,,2103235.6904505687,80.5931872681876,nan,nan,ris_only_stage2_then_vp,direct_vp,True,"[""poor_clock_consistency""]",True,1.0,0.0016166788369576923,0.0016166788369576923,2,data_only_efim_tau_crb,0.011607033919703217,0.0002745965404050879,0.0002745965404050879,True,0.0018912753773627801,green,clock_green,False,ngc_green_skip_rescue,nan,nan,2,,nan,nan,nan,False,nan,,candidate_unavailable,ngc_green_skip_rescue,False,9.21034037197618,13.815510557964274,ngc_certified_ris_only,nan,nan,,decoupled_robust,legacy_multistart,0.0
fig5,force_rescue,19,3846521747,-5.0,snr_db,-5.0,3,3,3,3,full_6d,3846521747,,,nan,,False,,131.21250111679547,0.0012784687488211258,0.0012784687488211258,2.155573656507022e-05,0.00038615539705991447,3.9555982402458456e-13,0.37481989428957474,False,direct_vp_rollback,global_exact_spherical_vp,main_single_proposed,True,dd4e26df98523853,adaptive_jones,cpu,False,,legacy_least_squares,cpu,explicit,,legacy_least_squares_numerical,False,,,0,0,,,,,,,,fixed_pol_anchor,True,fixed_anchor_then_adaptive_jones_score_selection,fixed_pol_anchor,5.905838638300424,15.136623863417546,11.144683640023707,0.0,True,3,4,3095370.791020284,nan,"[12.391588418353155,5.905838638300424,15.136623863417546]","[0.08069990434047264,0.16932396247823545,0.06606493026504283]",,jnpp_then_vp,"[""poor_clock_consistency""]",3095221.332944855,3096560,True,2103235.6904505687,80.5931872681876,8.799980923028205,0.2229707900333158,"[5.05627303293231,4.895988723951585,5.4282963179187975]",23.798168475041166,52.4509297630284,77.63291347399354,nan,nan,nan,nan,nan,nan,nan,,,nan,nan,nan,nan,nan,nan,nan,nan,nan,,,,nan,nan,nan,nan,nan,,False,,nan,,,nan,nan,nan,,,,,,,,0.0012784687488211258,2.155573656507022e-05,0.37481989428957474,0.0012784638641311094,2.1555629262345376e-05,0.37481989428958423,True,rollback,existing_selector_rollback,"[12.391588418353155,5.905838638300424,15.136623863417546]","[0.08069990434047264,0.16932396247823545,0.06606493026504283]",,"[12.391588563435569,5.90583860408686,15.13662385372323]","[0.08069990339562713,0.169323963459159,0.0660649303073544]",,2103235.6904505687,80.5931872681876,2103235.6819034843,80.59318980535659,ris_only_stage2_then_vp,direct_vp,True,"[""poor_clock_consistency""]",False,1.0,nan,nan,,,nan,nan,nan,False,nan,,,False,,nan,nan,,,nan,nan,nan,False,nan,,,,False,nan,nan,force_ris_only,0.0015363407483740342,0.020349734467596362,3,decoupled_robust,legacy_multistart,0.0
fig5,oracle_init_vp,19,3846521747,-5.0,snr_db,-5.0,3,3,3,3,full_6d,3846521747,,,nan,,False,,35.7140428959392,0.0012785151596988982,0.0012785151596988982,2.1555464342214496e-05,0.000386140884530944,3.9560706494140307e-13,0.3748198942895777,False,oracle_init_vp,global_exact_spherical_vp,,False,,adaptive_jones,cupy,True,0,cupy,cupy.linalg.solve,explicit,matrix_free,analytic_reduced_vp_explicit_gradient,False,matrix_free_cpu_only_gpu_backend,,0,0,0,0,,,,,,fixed_pol_anchor,False,,fixed_pol_anchor,nan,nan,nan,nan,False,3,4,3096725.458075429,3096741.162296377,"[12.386167462738628,5.903254992846664,15.130002009430312]","[0.08073522362715659,0.1693980695744734,0.06609384449265666]","[3.923256879222459e-09,1.3156583978004766e-09,7.480655980309655e-08]",oracle_init_vp,"[""oracle_truth_initialization""]",nan,,,nan,nan,nan,nan,,0.0,35.71250404207967,35.71250404207967,nan,nan,nan,nan,nan,nan,nan,,,nan,nan,nan,nan,nan,nan,nan,nan,nan,,,,nan,nan,nan,nan,nan,,False,,nan,,,nan,nan,nan,,,,,,,,nan,nan,nan,nan,nan,nan,False,,,,,,,,,nan,nan,nan,nan,,,,[],False,nan,nan,nan,,,nan,nan,nan,False,nan,,,False,,nan,nan,,,nan,nan,nan,False,nan,,,,False,nan,nan,,nan,nan,,,legacy_multistart,
fig5,direct_vp,12,2210497206,-5.0,snr_db,-5.0,3,3,3,3,full_6d,2210497206,,,nan,,False,,76.5800923591014,0.000707377196715843,0.000707377196715843,9.580643790100948e-06,2.4676690316614244e-05,5.06136356808793e-13,1.4417379617027781,False,direct_vp,global_exact_spherical_vp,proposed_post_stage1,False,872fcb18ce1d28af,adaptive_jones,cpu,False,,legacy_least_squares,cpu,explicit,,legacy_least_squares_numerical,False,,,0,0,,,,,,,,fixed_pol_anchor,True,fixed_anchor_then_adaptive_jones_score_selection,fixed_pol_anchor,5.992597761185979,16.26627679194896,11.156162194010426,0.0,True,3,4,3099017.361348462,nan,"[16.26627679194896,11.209612028896336,5.992597761185979]","[0.06147688329505659,0.08920915348461415,0.1668725383957858]",,direct_vp,[],3098867.903273033,3096560,True,2879276.524332699,71.43060983854971,12.890638312832017,0.01924696367257707,"[5.111707087552402,5.148333879370215,5.104313211365426]",41.3405105820857,69.52418535412289,111.82693130918778,nan,nan,nan,nan,nan,nan,nan,,,nan,nan,nan,nan,nan,nan,nan,nan,nan,,,,nan,nan,nan,nan,nan,,False,,nan,,,nan,nan,nan,,,,,,,,0.000707377196715843,9.580643790100948e-06,1.4417379617027781,nan,nan,nan,False,not_run,not_requested,"[16.26627679194896,11.209612028896336,5.992597761185979]","[0.06147688329505659,0.08920915348461415,0.1668725383957858]",,,,,2879276.524332699,71.43060983854971,nan,nan,direct_vp,direct_vp,False,[],False,1.0,nan,nan,,,nan,nan,nan,False,nan,,,False,,nan,nan,,,nan,nan,nan,False,nan,,,,False,nan,nan,reliability_gated,nan,nan,,decoupled_robust,legacy_multistart,0.0
fig5,old_gated,12,2210497206,-5.0,snr_db,-5.0,3,3,3,3,full_6d,2210497206,,,nan,,False,,77.6068403229583,0.000707377196715843,0.000707377196715843,9.580643790100948e-06,2.4676690316614244e-05,5.06136356808793e-13,1.4417379617027781,False,direct_vp,global_exact_spherical_vp,main_single_proposed,True,605ef1a3fae679ee,adaptive_jones,cpu,False,,legacy_least_squares,cpu,explicit,,legacy_least_squares_numerical,False,,,0,0,,,,,,,,fixed_pol_anchor,True,fixed_anchor_then_adaptive_jones_score_selection,fixed_pol_anchor,5.992597761185979,16.26627679194896,11.156162194010426,0.0,True,3,4,3099017.361348462,nan,"[16.26627679194896,11.209612028896336,5.992597761185979]","[0.06147688329505659,0.08920915348461415,0.1668725383957858]",,direct_vp,[],3098867.903273033,3096560,True,2879276.524332699,71.43060983854971,12.890638312832017,0.01924696367257707,"[5.111707087552402,5.148333879370215,5.104313211365426]",41.3405105820857,70.94947022618726,113.25221618125215,nan,nan,nan,nan,nan,nan,nan,,,nan,nan,nan,nan,nan,nan,nan,nan,nan,,,,nan,nan,nan,nan,nan,,False,,nan,,,nan,nan,nan,,,,,,,,0.000707377196715843,9.580643790100948e-06,1.4417379617027781,nan,nan,nan,False,not_run,not_requested,"[16.26627679194896,11.209612028896336,5.992597761185979]","[0.06147688329505659,0.08920915348461415,0.1668725383957858]",,,,,2879276.524332699,71.43060983854971,nan,nan,direct_vp,direct_vp,False,[],False,1.0,nan,nan,,,nan,nan,nan,False,nan,,,False,,nan,nan,,,nan,nan,nan,False,nan,,,,False,nan,nan,reliability_gated_ris_only,nan,nan,,decoupled_robust,legacy_multistart,0.0
fig5,adaptive_jones_vp_proposed,12,2210497206,-5.0,snr_db,-5.0,3,3,3,3,full_6d,2210497206,,,nan,,False,,77.39108774694614,0.000707377196715843,0.000707377196715843,9.580643790100948e-06,2.4676690316614244e-05,5.06136356808793e-13,1.4417379617027781,False,direct_vp,global_exact_spherical_vp,main_single_proposed,True,3196368e3b3e2e34,adaptive_jones,cpu,False,,legacy_least_squares,cpu,explicit,,legacy_least_squares_numerical,False,,,0,0,,,,,,,,fixed_pol_anchor,True,fixed_anchor_then_adaptive_jones_score_selection,fixed_pol_anchor,5.992597761185979,16.26627679194896,11.156162194010426,0.0,True,3,4,3099017.361348462,nan,"[16.26627679194896,11.209612028896336,5.992597761185979]","[0.06147688329505659,0.08920915348461415,0.1668725383957858]",,direct_vp,[],3098867.903273033,3096560,True,2879276.524332699,71.43060983854971,12.890638312832017,0.01924696367257707,"[5.111707087552402,5.148333879370215,5.104313211365426]",41.3405105820857,70.69109096797183,112.99383692303672,nan,nan,nan,nan,nan,nan,nan,,,nan,nan,nan,nan,nan,nan,nan,nan,nan,,,,nan,nan,nan,nan,nan,,False,,nan,,,nan,nan,nan,,,,,,,,0.000707377196715843,9.580643790100948e-06,1.4417379617027781,nan,nan,nan,False,not_run,not_requested,"[16.26627679194896,11.209612028896336,5.992597761185979]","[0.06147688329505659,0.08920915348461415,0.1668725383957858]",,,,,2879276.524332699,71.43060983854971,nan,nan,direct_vp,direct_vp,False,[],True,1.0,3.0898791296811165e-05,3.0898791296811165e-05,2,data_only_efim_tau_crb,0.0016046492684491098,5.198390907591284e-05,5.198390907591284e-05,True,8.2882700372724e-05,green,clock_green,False,ngc_green_skip_rescue,nan,nan,2,,nan,nan,nan,False,nan,,candidate_unavailable,ngc_green_skip_rescue,False,9.21034037197618,13.815510557964274,ngc_certified_ris_only,nan,nan,,decoupled_robust,legacy_multistart,0.0
fig5,force_rescue,12,2210497206,-5.0,snr_db,-5.0,3,3,3,3,full_6d,2210497206,,,nan,,False,,170.17516012699343,0.000707377196715843,0.000707377196715843,9.580643790100948e-06,2.4676690316614244e-05,5.06136356808793e-13,1.4417379617027781,False,direct_vp_rollback,global_exact_spherical_vp,main_single_proposed,True,a53ed76e2b51a4a3,adaptive_jones,cpu,False,,legacy_least_squares,cpu,explicit,,legacy_least_squares_numerical,False,,,0,0,,,,,,,,fixed_pol_anchor,True,fixed_anchor_then_adaptive_jones_score_selection,fixed_pol_anchor,5.992597761185979,16.26627679194896,11.156162194010426,0.0,True,3,4,3099017.361348462,nan,"[16.26627679194896,11.209612028896336,5.992597761185979]","[0.06147688329505659,0.08920915348461415,0.1668725383957858]",,jnpp_then_vp,[],3098867.903273033,3096560,True,2879276.524332699,71.43060983854971,12.890638312832017,0.01924696367257707,"[5.111707087552402,5.148333879370215,5.104313211365426]",41.3405105820857,70.41920184809715,112.72194780316204,nan,nan,nan,nan,nan,nan,nan,,,nan,nan,nan,nan,nan,nan,nan,nan,nan,,,,nan,nan,nan,nan,nan,,False,,nan,,,nan,nan,nan,,,,,,,,0.000707377196715843,9.580643790100948e-06,1.4417379617027781,0.0007074147205041752,9.58122904259484e-06,1.4417379617029538,True,rollback,existing_selector_rollback,"[16.26627679194896,11.209612028896336,5.992597761185979]","[0.06147688329505659,0.08920915348461415,0.1668725383957858]",,"[16.26627684589099,11.209612055742706,5.992597709836031]","[0.0614768830911877,0.0892091532709634,0.16687253982569927]",,2879276.524332699,71.43060983854971,2879276.629511662,71.4306092577368,direct_vp,direct_vp,False,[],False,1.0,nan,nan,,,nan,nan,nan,False,nan,,,False,,nan,nan,,,nan,nan,nan,False,nan,,,,False,nan,nan,force_ris_only,0.0003242637674990346,0.02658719409272682,3,decoupled_robust,legacy_multistart,0.0
fig5,oracle_init_vp,12,2210497206,-5.0,snr_db,-5.0,3,3,3,3,full_6d,2210497206,,,nan,,False,,44.58418006496504,0.0007073698916804468,0.0007073698916804468,9.580575964996693e-06,2.4675382682587655e-05,5.061517991452638e-13,1.4417379617027728,False,oracle_init_vp,global_exact_spherical_vp,,False,,adaptive_jones,cupy,True,0,cupy,cupy.linalg.solve,explicit,matrix_free,analytic_reduced_vp_explicit_gradient,False,matrix_free_cpu_only_gpu_backend,,0,0,0,0,,,,,,fixed_pol_anchor,False,,fixed_pol_anchor,nan,nan,nan,nan,False,3,4,3096725.4580754293,3096738.2270334354,"[16.278316131910728,11.217908721442054,5.997033132043834]","[0.061431415379837755,0.0891431749731899,0.1667491204360239]","[7.229636766934227e-09,1.1401884206281899e-08,1.022152144395171e-07]",oracle_init_vp,"[""oracle_truth_initialization""]",nan,,,nan,nan,nan,nan,,0.0,44.58264457783662,44.58264457783662,nan,nan,nan,nan,nan,nan,nan,,,nan,nan,nan,nan,nan,nan,nan,nan,nan,,,,nan,nan,nan,nan,nan,,False,,nan,,,nan,nan,nan,,,,,,,,nan,nan,nan,nan,nan,nan,False,,,,,,,,,nan,nan,nan,nan,,,,[],False,nan,nan,nan,,,nan,nan,nan,False,nan,,,False,,nan,nan,,,nan,nan,nan,False,nan,,,,False,nan,nan,,nan,nan,,,legacy_multistart,
fig5,direct_vp,20,3607282624,-5.0,snr_db,-5.0,3,3,3,3,full_6d,3607282624,,,nan,,False,,58.02579865697771,0.00024265694326495793,0.00024265694326495793,2.147172870288834e-05,0.00021354755124945837,4.2665356655246525e-13,1.8082282756499921,False,direct_vp,global_exact_spherical_vp,proposed_post_stage1,False,23907014b10598f8,adaptive_jones,cpu,False,,legacy_least_squares,cpu,explicit,,legacy_least_squares_numerical,False,,,0,0,,,,,,,,fixed_pol_anchor,True,fixed_anchor_then_adaptive_jones_score_selection,fixed_pol_anchor,4.99985543630031,24.853237328450668,14.47944275266334,0.0,True,3,4,3095406.2658600723,nan,"[13.58523549323905,24.853237328450668,4.99985543630031]","[0.07360932392258372,0.040236206927875745,0.20000578271418173]",,direct_vp,[],3095256.8077846435,3096560,True,2712531.2559040464,65.46767452602715,8.941958992948255,0.08041029432949408,"[4.837441698643575,5.02273009807433,4.987941980416012]",24.058113324921578,52.78231694083661,77.47280513611622,nan,nan,nan,nan,nan,nan,nan,,,nan,nan,nan,nan,nan,nan,nan,nan,nan,,,,nan,nan,nan,nan,nan,,False,,nan,,,nan,nan,nan,,,,,,,,0.00024265694326495793,2.147172870288834e-05,1.8082282756499921,nan,nan,nan,False,not_run,not_requested,"[13.58523549323905,24.853237328450668,4.99985543630031]","[0.07360932392258372,0.040236206927875745,0.20000578271418173]",,,,,2712531.2559040464,65.46767452602715,nan,nan,direct_vp,direct_vp,False,[],False,1.0,nan,nan,,,nan,nan,nan,False,nan,,,False,,nan,nan,,,nan,nan,nan,False,nan,,,,False,nan,nan,reliability_gated,nan,nan,,decoupled_robust,legacy_multistart,0.0
fig5,old_gated,20,3607282624,-5.0,snr_db,-5.0,3,3,3,3,full_6d,3607282624,,,nan,,False,,58.106294655939564,0.00024265694326495793,0.00024265694326495793,2.147172870288834e-05,0.00021354755124945837,4.2665356655246525e-13,1.8082282756499921,False,direct_vp,global_exact_spherical_vp,main_single_proposed,True,843ccbe1062c77c6,adaptive_jones,cpu,False,,legacy_least_squares,cpu,explicit,,legacy_least_squares_numerical,False,,,0,0,,,,,,,,fixed_pol_anchor,True,fixed_anchor_then_adaptive_jones_score_selection,fixed_pol_anchor,4.99985543630031,24.853237328450668,14.47944275266334,0.0,True,3,4,3095406.2658600723,nan,"[13.58523549323905,24.853237328450668,4.99985543630031]","[0.07360932392258372,0.040236206927875745,0.20000578271418173]",,direct_vp,[],3095256.8077846435,3096560,True,2712531.2559040464,65.46767452602715,8.941958992948255,0.08041029432949408,"[4.837441698643575,5.02273009807433,4.987941980416012]",24.058113324921578,53.166431655874476,77.85691985115409,nan,nan,nan,nan,nan,nan,nan,,,nan,nan,nan,nan,nan,nan,nan,nan,nan,,,,nan,nan,nan,nan,nan,,False,,nan,,,nan,nan,nan,,,,,,,,0.00024265694326495793,2.147172870288834e-05,1.8082282756499921,nan,nan,nan,False,not_run,not_requested,"[13.58523549323905,24.853237328450668,4.99985543630031]","[0.07360932392258372,0.040236206927875745,0.20000578271418173]",,,,,2712531.2559040464,65.46767452602715,nan,nan,direct_vp,direct_vp,False,[],False,1.0,nan,nan,,,nan,nan,nan,False,nan,,,False,,nan,nan,,,nan,nan,nan,False,nan,,,,False,nan,nan,reliability_gated_ris_only,nan,nan,,decoupled_robust,legacy_multistart,0.0
fig5,adaptive_jones_vp_proposed,20,3607282624,-5.0,snr_db,-5.0,3,3,3,3,full_6d,3607282624,,,nan,,False,,57.48485800600611,0.00024265694326495793,0.00024265694326495793,2.147172870288834e-05,0.00021354755124945837,4.2665356655246525e-13,1.8082282756499921,False,direct_vp,global_exact_spherical_vp,main_single_proposed,True,57db305bcd96d934,adaptive_jones,cpu,False,,legacy_least_squares,cpu,explicit,,legacy_least_squares_numerical,False,,,0,0,,,,,,,,fixed_pol_anchor,True,fixed_anchor_then_adaptive_jones_score_selection,fixed_pol_anchor,4.99985543630031,24.853237328450668,14.47944275266334,0.0,True,3,4,3095406.2658600723,nan,"[13.58523549323905,24.853237328450668,4.99985543630031]","[0.07360932392258372,0.040236206927875745,0.20000578271418173]",,direct_vp,[],3095256.8077846435,3096560,True,2712531.2559040464,65.46767452602715,8.941958992948255,0.08041029432949408,"[4.837441698643575,5.02273009807433,4.987941980416012]",24.058113324921578,52.39760625711642,77.08809445239604,nan,nan,nan,nan,nan,nan,nan,,,nan,nan,nan,nan,nan,nan,nan,nan,nan,,,,nan,nan,nan,nan,nan,,False,,nan,,,nan,nan,nan,,,,,,,,0.00024265694326495793,2.147172870288834e-05,1.8082282756499921,nan,nan,nan,False,not_run,not_requested,"[13.58523549323905,24.853237328450668,4.99985543630031]","[0.07360932392258372,0.040236206927875745,0.20000578271418173]",,,,,2712531.2559040464,65.46767452602715,nan,nan,direct_vp,direct_vp,False,[],True,1.0,0.00039896934579679874,0.00039896934579679874,2,data_only_efim_tau_crb,0.005766059788370787,6.441055813891261e-05,6.441055813891261e-05,True,0.00046337990393571137,green,clock_green,False,ngc_green_skip_rescue,nan,nan,2,,nan,nan,nan,False,nan,,candidate_unavailable,ngc_green_skip_rescue,False,9.21034037197618,13.815510557964274,ngc_certified_ris_only,nan,nan,,decoupled_robust,legacy_multistart,0.0
fig5,force_rescue,20,3607282624,-5.0,snr_db,-5.0,3,3,3,3,full_6d,3607282624,,,nan,,False,,140.10368454293348,0.00024265694326495793,0.00024265694326495793,2.147172870288834e-05,0.00021354755124945837,4.2665356655246525e-13,1.8082282756499921,False,direct_vp_rollback,global_exact_spherical_vp,main_single_proposed,True,88f508e6764b859f,adaptive_jones,cpu,False,,legacy_least_squares,cpu,explicit,,legacy_least_squares_numerical,False,,,0,0,,,,,,,,fixed_pol_anchor,True,fixed_anchor_then_adaptive_jones_score_selection,fixed_pol_anchor,4.99985543630031,24.853237328450668,14.47944275266334,0.0,True,3,4,3095406.2658600723,nan,"[13.58523549323905,24.853237328450668,4.99985543630031]","[0.07360932392258372,0.040236206927875745,0.20000578271418173]",,jnpp_then_vp,[],3095256.8077846435,3096560,True,2712531.2559040464,65.46767452602715,8.941958992948255,0.08041029432949408,"[4.837441698643575,5.02273009807433,4.987941980416012]",24.058113324921578,51.279710175003856,75.97019837028347,nan,nan,nan,nan,nan,nan,nan,,,nan,nan,nan,nan,nan,nan,nan,nan,nan,,,,nan,nan,nan,nan,nan,,False,,nan,,,nan,nan,nan,,,,,,,,0.00024265694326495793,2.147172870288834e-05,1.8082282756499921,0.00024266151011039766,2.1471640501837655e-05,1.808228275649981,True,rollback,existing_selector_rollback,"[13.58523549323905,24.853237328450668,4.99985543630031]","[0.07360932392258372,0.040236206927875745,0.20000578271418173]",,"[13.585235500803249,24.85323728784288,4.999855434488103]","[0.07360932388159838,0.04023620699361782,0.2000057827866742]",,2712531.2559040464,65.46767452602715,2712531.272990233,65.46767406608596,direct_vp,direct_vp,False,[],False,1.0,nan,nan,,,nan,nan,nan,False,nan,,,False,,nan,nan,,,nan,nan,nan,False,nan,,,,False,nan,nan,force_ris_only,0.00033571343226609094,0.04901365702717594,3,decoupled_robust,legacy_multistart,0.0
fig5,oracle_init_vp,20,3607282624,-5.0,snr_db,-5.0,3,3,3,3,full_6d,3607282624,,,nan,,False,,32.869047784013674,0.0002426537420669848,0.0002426537420669848,2.1470800902865782e-05,0.00021354206567756966,4.266614385810813e-13,1.8082282756500065,False,oracle_init_vp,global_exact_spherical_vp,,False,,adaptive_jones,cupy,True,0,cupy,cupy.linalg.solve,explicit,matrix_free,analytic_reduced_vp_explicit_gradient,False,matrix_free_cpu_only_gpu_backend,,0,0,0,0,,,,,,fixed_pol_anchor,False,,fixed_pol_anchor,nan,nan,nan,nan,False,3,4,3096725.458075429,3096743.2980027846,"[13.579447953050991,24.8426494580095,4.997725415381246]","[0.07364069610515672,0.04025335549114501,0.2000910247924692]","[1.0531042487700059e-07,4.100271127284865e-08,7.971439387816665e-08]",oracle_init_vp,"[""oracle_truth_initialization""]",nan,,,nan,nan,nan,nan,,0.0,32.86758141289465,32.86758141289465,nan,nan,nan,nan,nan,nan,nan,,,nan,nan,nan,nan,nan,nan,nan,nan,nan,,,,nan,nan,nan,nan,nan,,False,,nan,,,nan,nan,nan,,,,,,,,nan,nan,nan,nan,nan,nan,False,,,,,,,,,nan,nan,nan,nan,,,,[],False,nan,nan,nan,,,nan,nan,nan,False,nan,,,False,,nan,nan,,,nan,nan,nan,False,nan,,,,False,nan,nan,,nan,nan,,,legacy_multistart,
fig5,direct_vp,22,3206710796,-5.0,snr_db,-5.0,3,3,3,3,full_6d,3206710796,,,nan,,False,,53.9516078568995,0.0003555819204761278,0.0003555819204761278,1.5981816802285193e-05,0.00011506553545589095,1.9098751926168355e-12,0.3387933904752502,False,direct_vp,global_exact_spherical_vp,proposed_post_stage1,False,ab87e372e29ec770,adaptive_jones,cpu,False,,legacy_least_squares,cpu,explicit,,legacy_least_squares_numerical,False,,,0,0,,,,,,,,fixed_pol_anchor,True,fixed_anchor_then_adaptive_jones_score_selection,fixed_pol_anchor,6.962845471941257,22.329723600949983,12.361907552640687,0.0,True,3,4,3093356.8134610266,nan,"[7.793153585030819,6.962845471941257,22.329723600949983]","[0.1283177585403961,0.14361944466853646,0.044783357727505725]",,direct_vp,"[""poor_clock_consistency""]",3093207.355385598,3096560,True,1798176.583183239,85.42557011215641,13.518969683228647,0.10808381001704734,"[4.875588880772286,4.8277402393258555,5.077169273035082]",29.51983675500378,49.690282865194604,80.00309838796966,nan,nan,nan,nan,nan,nan,nan,,,nan,nan,nan,nan,nan,nan,nan,nan,nan,,,,nan,nan,nan,nan,nan,,False,,nan,,,nan,nan,nan,,,,,,,,0.0003555819204761278,1.5981816802285193e-05,0.3387933904752502,nan,nan,nan,False,not_run,not_requested,"[7.793153585030819,6.962845471941257,22.329723600949983]","[0.1283177585403961,0.14361944466853646,0.044783357727505725]",,,,,1798176.583183239,85.42557011215641,nan,nan,ris_only_stage2_then_vp,direct_vp,True,"[""poor_clock_consistency""]",False,1.0,nan,nan,,,nan,nan,nan,False,nan,,,False,,nan,nan,,,nan,nan,nan,False,nan,,,,False,nan,nan,reliability_gated,nan,nan,,decoupled_robust,legacy_multistart,0.0
fig5,old_gated,22,3206710796,-5.0,snr_db,-5.0,3,3,3,3,full_6d,3206710796,,,nan,,False,,45.361490819836035,0.0003555819204761278,0.0003555819204761278,1.5981816802285193e-05,0.00011506553545589095,1.9098751926168355e-12,0.3387933904752502,False,direct_vp,global_exact_spherical_vp,main_single_proposed,True,cba16de85c9ac50f,adaptive_jones,cpu,False,,legacy_least_squares,cpu,explicit,,legacy_least_squares_numerical,False,,,0,0,,,,,,,,fixed_pol_anchor,True,fixed_anchor_then_adaptive_jones_score_selection,fixed_pol_anchor,6.962845471941257,22.329723600949983,12.361907552640687,0.0,True,3,4,3093356.8134610266,nan,"[7.793153585030819,6.962845471941257,22.329723600949983]","[0.1283177585403961,0.14361944466853646,0.044783357727505725]",,direct_vp,"[""poor_clock_consistency""]",3093207.355385598,3096560,True,1798176.583183239,85.42557011215641,13.518969683228647,0.10808381001704734,"[4.875588880772286,4.8277402393258555,5.077169273035082]",29.51983675500378,41.27274488611147,71.58556040888652,nan,nan,nan,nan,nan,nan,nan,,,nan,nan,nan,nan,nan,nan,nan,nan,nan,,,,nan,nan,nan,nan,nan,,False,,nan,,,nan,nan,nan,,,,,,,,0.0003555819204761278,1.5981816802285193e-05,0.3387933904752502,nan,nan,nan,False,not_run,not_requested,"[7.793153585030819,6.962845471941257,22.329723600949983]","[0.1283177585403961,0.14361944466853646,0.044783357727505725]",,,,,1798176.583183239,85.42557011215641,nan,nan,ris_only_stage2_then_vp,direct_vp,True,"[""poor_clock_consistency""]",False,1.0,nan,nan,,,nan,nan,nan,False,nan,,,False,,nan,nan,,,nan,nan,nan,False,nan,,,,False,nan,nan,reliability_gated_ris_only,nan,nan,,decoupled_robust,legacy_multistart,0.0
fig5,adaptive_jones_vp_proposed,22,3206710796,-5.0,snr_db,-5.0,3,3,3,3,full_6d,3206710796,,,nan,,False,,43.902161438018084,0.0003555819204761278,0.0003555819204761278,1.5981816802285193e-05,0.00011506553545589095,1.9098751926168355e-12,0.3387933904752502,False,direct_vp,global_exact_spherical_vp,main_single_proposed,True,3bf05de4cc9e00d5,adaptive_jones,cpu,False,,legacy_least_squares,cpu,explicit,,legacy_least_squares_numerical,False,,,0,0,,,,,,,,fixed_pol_anchor,True,fixed_anchor_then_adaptive_jones_score_selection,fixed_pol_anchor,6.962845471941257,22.329723600949983,12.361907552640687,0.0,True,3,4,3093356.8134610266,nan,"[7.793153585030819,6.962845471941257,22.329723600949983]","[0.1283177585403961,0.14361944466853646,0.044783357727505725]",,direct_vp,"[""poor_clock_consistency""]",3093207.355385598,3096560,True,1798176.583183239,85.42557011215641,13.518969683228647,0.10808381001704734,"[4.875588880772286,4.8277402393258555,5.077169273035082]",29.51983675500378,39.79607956716791,70.10889508994296,nan,nan,nan,nan,nan,nan,nan,,,nan,nan,nan,nan,nan,nan,nan,nan,nan,,,,nan,nan,nan,nan,nan,,False,,nan,,,nan,nan,nan,,,,,,,,0.0003555819204761278,1.5981816802285193e-05,0.3387933904752502,nan,nan,nan,False,not_run,not_requested,"[7.793153585030819,6.962845471941257,22.329723600949983]","[0.1283177585403961,0.14361944466853646,0.044783357727505725]",,,,,1798176.583183239,85.42557011215641,nan,nan,ris_only_stage2_then_vp,direct_vp,True,"[""poor_clock_consistency""]",True,1.0,0.008351300937211979,0.008351300937211979,2,data_only_efim_tau_crb,0.02638070781400046,4.5921419429330524e-05,4.5921419429330524e-05,True,0.00839722235664131,green,clock_green,False,ngc_green_skip_rescue,nan,nan,2,,nan,nan,nan,False,nan,,candidate_unavailable,ngc_green_skip_rescue,False,9.21034037197618,13.815510557964274,ngc_certified_ris_only,nan,nan,,decoupled_robust,legacy_multistart,0.0
fig5,force_rescue,22,3206710796,-5.0,snr_db,-5.0,3,3,3,3,full_6d,3206710796,,,nan,,False,,110.74861498991959,0.0003555819204761278,0.0003555819204761278,1.5981816802285193e-05,0.00011506553545589095,1.9098751926168355e-12,0.3387933904752502,False,direct_vp_rollback,global_exact_spherical_vp,main_single_proposed,True,141a4c559ace8189,adaptive_jones,cpu,False,,legacy_least_squares,cpu,explicit,,legacy_least_squares_numerical,False,,,0,0,,,,,,,,fixed_pol_anchor,True,fixed_anchor_then_adaptive_jones_score_selection,fixed_pol_anchor,6.962845471941257,22.329723600949983,12.361907552640687,0.0,True,3,4,3093356.8134610266,nan,"[7.793153585030819,6.962845471941257,22.329723600949983]","[0.1283177585403961,0.14361944466853646,0.044783357727505725]",,jnpp_then_vp,"[""poor_clock_consistency""]",3093207.355385598,3096560,True,1798176.583183239,85.42557011215641,13.518969683228647,0.10808381001704734,"[4.875588880772286,4.8277402393258555,5.077169273035082]",29.51983675500378,40.07093746284954,70.3837529856246,nan,nan,nan,nan,nan,nan,nan,,,nan,nan,nan,nan,nan,nan,nan,nan,nan,,,,nan,nan,nan,nan,nan,,False,,nan,,,nan,nan,nan,,,,,,,,0.0003555819204761278,1.5981816802285193e-05,0.3387933904752502,0.0003555944140723941,1.5981838657901177e-05,0.338793390475249,True,rollback,existing_selector_rollback,"[7.793153585030819,6.962845471941257,22.329723600949983]","[0.1283177585403961,0.14361944466853646,0.044783357727505725]",,"[7.793153585382299,6.962845473371349,22.32972360356079]","[0.1283177585346088,0.1436194446390386,0.04478335772226962]",,1798176.583183239,85.42557011215641,1798176.699112125,85.42556455499437,ris_only_stage2_then_vp,direct_vp,True,"[""poor_clock_consistency""]",False,1.0,nan,nan,,,nan,nan,nan,False,nan,,,False,,nan,nan,,,nan,nan,nan,False,nan,,,,False,nan,nan,force_ris_only,0.0008596131904554439,0.10820270183998978,3,decoupled_robust,legacy_multistart,0.0
fig5,oracle_init_vp,22,3206710796,-5.0,snr_db,-5.0,3,3,3,3,full_6d,3206710796,,,nan,,False,,26.81426465185359,0.0003556103739387445,0.0003556103739387445,1.598179434674088e-05,0.00011506944977457443,1.909854494023027e-12,0.3387933904752503,False,oracle_init_vp,global_exact_spherical_vp,,False,,adaptive_jones,cupy,True,0,cupy,cupy.linalg.solve,explicit,matrix_free,analytic_reduced_vp_explicit_gradient,False,matrix_free_cpu_only_gpu_backend,,0,0,0,0,,,,,,fixed_pol_anchor,False,,fixed_pol_anchor,nan,nan,nan,nan,False,3,4,3096725.458075429,3096738.13608434,"[7.784675719621907,6.955270862765858,22.30543196279458]","[0.12845750240715026,0.14377585283506572,0.04483212885747709]","[4.192240678996366e-08,4.367993979724313e-08,2.841471257626751e-08]",oracle_init_vp,"[""oracle_truth_initialization""]",nan,,,nan,nan,nan,nan,,0.0,26.812474209116772,26.812474209116772,nan,nan,nan,nan,nan,nan,nan,,,nan,nan,nan,nan,nan,nan,nan,nan,nan,,,,nan,nan,nan,nan,nan,,False,,nan,,,nan,nan,nan,,,,,,,,nan,nan,nan,nan,nan,nan,False,,,,,,,,,nan,nan,nan,nan,,,,[],False,nan,nan,nan,,,nan,nan,nan,False,nan,,,False,,nan,nan,,,nan,nan,nan,False,nan,,,,False,nan,nan,,nan,nan,,,legacy_multistart,
fig5,direct_vp,5,2290547997,-5.0,snr_db,-5.0,3,3,3,3,full_6d,2290547997,,,nan,,False,,126.56702173501253,0.000964010279069543,0.000964010279069543,1.4236559718081728e-05,0.00010082370811056748,1.4920877822663185e-12,0.8625737414877831,False,direct_vp,global_exact_spherical_vp,proposed_post_stage1,False,252b92b75203f26a,adaptive_jones,cpu,False,,legacy_least_squares,cpu,explicit,,legacy_least_squares_numerical,False,,,0,0,,,,,,,,fixed_pol_anchor,True,fixed_anchor_then_adaptive_jones_score_selection,fixed_pol_anchor,5.477749106748352,18.697898267285563,13.221559843283055,0.0,True,3,10,3147190.8195000454,nan,"[18.697898267285563,5.477749106748352,15.489032155815252]","[0.053481946777458614,0.18255673644537043,0.06456181315428851]",,direct_vp,[],3093962.1565101873,3096560,True,2274041.9533342514,74.73013903692404,10.368966942006981,0.05611187941825848,"[4.979594275868978,5.04707825350686,5.117032350076658]",28.476733051007614,121.26662106602453,151.17578662303276,nan,nan,nan,nan,nan,nan,nan,,,nan,nan,nan,nan,nan,nan,nan,nan,nan,,,,nan,nan,nan,nan,nan,,False,,nan,,,nan,nan,nan,,,,,,,,0.000964010279069543,1.4236559718081728e-05,0.8625737414877831,nan,nan,nan,False,not_run,not_requested,"[18.697898267285563,5.477749106748352,15.489032155815252]","[0.053481946777458614,0.18255673644537043,0.06456181315428851]",,,,,2274041.9533342514,74.73013903692404,nan,nan,direct_vp,direct_vp,False,[],False,1.0,nan,nan,,,nan,nan,nan,False,nan,,,False,,nan,nan,,,nan,nan,nan,False,nan,,,,False,nan,nan,reliability_gated,nan,nan,,decoupled_robust,legacy_multistart,0.0
fig5,old_gated,5,2290547997,-5.0,snr_db,-5.0,3,3,3,3,full_6d,2290547997,,,nan,,False,,124.89380597299896,0.000964010279069543,0.000964010279069543,1.4236559718081728e-05,0.00010082370811056748,1.4920877822663185e-12,0.8625737414877831,False,direct_vp,global_exact_spherical_vp,main_single_proposed,True,2a5b03de0f40a5f6,adaptive_jones,cpu,False,,legacy_least_squares,cpu,explicit,,legacy_least_squares_numerical,False,,,0,0,,,,,,,,fixed_pol_anchor,True,fixed_anchor_then_adaptive_jones_score_selection,fixed_pol_anchor,5.477749106748352,18.697898267285563,13.221559843283055,0.0,True,3,10,3147190.8195000454,nan,"[18.697898267285563,5.477749106748352,15.489032155815252]","[0.053481946777458614,0.18255673644537043,0.06456181315428851]",,direct_vp,[],3093962.1565101873,3096560,True,2274041.9533342514,74.73013903692404,10.368966942006981,0.05611187941825848,"[4.979594275868978,5.04707825350686,5.117032350076658]",28.476733051007614,120.33601009007543,150.24517564708367,nan,nan,nan,nan,nan,nan,nan,,,nan,nan,nan,nan,nan,nan,nan,nan,nan,,,,nan,nan,nan,nan,nan,,False,,nan,,,nan,nan,nan,,,,,,,,0.000964010279069543,1.4236559718081728e-05,0.8625737414877831,nan,nan,nan,False,not_run,not_requested,"[18.697898267285563,5.477749106748352,15.489032155815252]","[0.053481946777458614,0.18255673644537043,0.06456181315428851]",,,,,2274041.9533342514,74.73013903692404,nan,nan,direct_vp,direct_vp,False,[],False,1.0,nan,nan,,,nan,nan,nan,False,nan,,,False,,nan,nan,,,nan,nan,nan,False,nan,,,,False,nan,nan,reliability_gated_ris_only,nan,nan,,decoupled_robust,legacy_multistart,0.0
fig5,adaptive_jones_vp_proposed,5,2290547997,-5.0,snr_db,-5.0,3,3,3,3,full_6d,2290547997,,,nan,,False,,125.74053075094707,0.000964010279069543,0.000964010279069543,1.4236559718081728e-05,0.00010082370811056748,1.4920877822663185e-12,0.8625737414877831,False,direct_vp,global_exact_spherical_vp,main_single_proposed,True,a09f606cf9ea0603,adaptive_jones,cpu,False,,legacy_least_squares,cpu,explicit,,legacy_least_squares_numerical,False,,,0,0,,,,,,,,fixed_pol_anchor,True,fixed_anchor_then_adaptive_jones_score_selection,fixed_pol_anchor,5.477749106748352,18.697898267285563,13.221559843283055,0.0,True,3,10,3147190.8195000454,nan,"[18.697898267285563,5.477749106748352,15.489032155815252]","[0.053481946777458614,0.18255673644537043,0.06456181315428851]",,direct_vp,[],3093962.1565101873,3096560,True,2274041.9533342514,74.73013903692404,10.368966942006981,0.05611187941825848,"[4.979594275868978,5.04707825350686,5.117032350076658]",28.476733051007614,120.6247010959778,150.53386665298603,nan,nan,nan,nan,nan,nan,nan,,,nan,nan,nan,nan,nan,nan,nan,nan,nan,,,,nan,nan,nan,nan,nan,,False,,nan,,,nan,nan,nan,,,,,,,,0.000964010279069543,1.4236559718081728e-05,0.8625737414877831,nan,nan,nan,False,not_run,not_requested,"[18.697898267285563,5.477749106748352,15.489032155815252]","[0.053481946777458614,0.18255673644537043,0.06456181315428851]",,,,,2274041.9533342514,74.73013903692404,nan,nan,direct_vp,direct_vp,False,[],True,1.0,0.007786391252306343,0.007786391252306343,2,data_only_efim_tau_crb,0.02547284706687094,7.439439402334307e-05,7.439439402334307e-05,True,0.007860785646329686,green,clock_green,False,ngc_green_skip_rescue,nan,nan,2,,nan,nan,nan,False,nan,,candidate_unavailable,ngc_green_skip_rescue,False,9.21034037197618,13.815510557964274,ngc_certified_ris_only,nan,nan,,decoupled_robust,legacy_multistart,0.0
fig5,force_rescue,5,2290547997,-5.0,snr_db,-5.0,3,3,3,3,full_6d,2290547997,,,nan,,False,,245.40821616002358,0.000964010279069543,0.000964010279069543,1.4236559718081728e-05,0.00010082370811056748,1.4920877822663185e-12,0.8625737414877831,False,direct_vp_rollback,global_exact_spherical_vp,main_single_proposed,True,39758a11e0528375,adaptive_jones,cpu,False,,legacy_least_squares,cpu,explicit,,legacy_least_squares_numerical,False,,,0,0,,,,,,,,fixed_pol_anchor,True,fixed_anchor_then_adaptive_jones_score_selection,fixed_pol_anchor,5.477749106748352,18.697898267285563,13.221559843283055,0.0,True,3,10,3147190.8195000454,nan,"[18.697898267285563,5.477749106748352,15.489032155815252]","[0.053481946777458614,0.18255673644537043,0.06456181315428851]",,jnpp_then_vp,[],3093962.1565101873,3096560,True,2274041.9533342514,74.73013903692404,10.368966942006981,0.05611187941825848,"[4.979594275868978,5.04707825350686,5.117032350076658]",28.476733051007614,120.6820188970305,150.59118445403874,nan,nan,nan,nan,nan,nan,nan,,,nan,nan,nan,nan,nan,nan,nan,nan,nan,,,,nan,nan,nan,nan,nan,,False,,nan,,,nan,nan,nan,,,,,,,,0.000964010279069543,1.4236559718081728e-05,0.8625737414877831,0.000963971251521578,1.4236382953878875e-05,0.8625737414877862,True,rollback,existing_selector_rollback,"[18.697898267285563,5.477749106748352,15.489032155815252]","[0.053481946777458614,0.18255673644537043,0.06456181315428851]",,"[18.697898089364735,5.477749112363217,15.48903224324018]","[0.05348194728636888,0.18255673625824406,0.0645618127898815]",,2274041.9533342514,74.73013903692404,2274041.571097391,74.73015146293514,direct_vp,direct_vp,False,[],False,1.0,nan,nan,,,nan,nan,nan,False,nan,,,False,,nan,nan,,,nan,nan,nan,False,nan,,,,False,nan,nan,force_ris_only,0.7000000824281509,0.03223637468215209,3,decoupled_robust,legacy_multistart,0.0
fig5,oracle_init_vp,5,2290547997,-5.0,snr_db,-5.0,3,3,3,3,full_6d,2290547997,,,nan,,False,,32.863275363110006,0.0009639606322861336,0.0009639606322861336,1.423626113932914e-05,0.00010081947363474008,1.4921034300229727e-12,0.8625737414877838,False,oracle_init_vp,global_exact_spherical_vp,,False,,adaptive_jones,cupy,True,0,cupy,cupy.linalg.solve,explicit,matrix_free,analytic_reduced_vp_explicit_gradient,False,matrix_free_cpu_only_gpu_backend,,0,0,0,0,,,,,,fixed_pol_anchor,False,,fixed_pol_anchor,nan,nan,nan,nan,False,3,4,3096725.458075429,3096740.876670317,"[18.263422756010616,5.399578420161196,12.831217889071436]","[0.05475424915368779,0.18519964378343948,0.07793492469946174]","[5.2636617725873206e-08,9.740806408438575e-08,7.398780782390874e-09]",oracle_init_vp,"[""oracle_truth_initialization""]",nan,,,nan,nan,nan,nan,,0.0,32.861727982992306,32.861727982992306,nan,nan,nan,nan,nan,nan,nan,,,nan,nan,nan,nan,nan,nan,nan,nan,nan,,,,nan,nan,nan,nan,nan,,False,,nan,,,nan,nan,nan,,,,,,,,nan,nan,nan,nan,nan,nan,False,,,,,,,,,nan,nan,nan,nan,,,,[],False,nan,nan,nan,,,nan,nan,nan,False,nan,,,False,,nan,nan,,,nan,nan,nan,False,nan,,,,False,nan,nan,,nan,nan,,,legacy_multistart,
fig5,direct_vp,3,3422926171,-5.0,snr_db,-5.0,3,3,3,3,full_6d,3422926171,,,nan,,False,,121.20381992892362,0.0009143444784500473,0.0009143444784500473,3.611422872128894e-05,0.0004244047572634536,2.250825650026558e-12,0.8795708682294711,False,direct_vp,global_exact_spherical_vp,proposed_post_stage1,False,d03d2ecf4ba76d4d,adaptive_jones,cpu,False,,legacy_least_squares,cpu,explicit,,legacy_least_squares_numerical,False,,,0,0,,,,,,,,fixed_pol_anchor,True,fixed_anchor_then_adaptive_jones_score_selection,fixed_pol_anchor,7.773478074839068,28.118078189838723,14.751829745094339,0.0,True,3,10,3199994.719433387,3209695.5243141404,"[28.118078189838723,7.773478074839068,8.363932970605227]","[0.035564308243984495,0.1286425446067691,0.11956097729454598]","[1.0902910500248625e-07,3.298395743808931e-08,1.4849625393758403e-09]",direct_vp,"[""poor_clock_consistency""]",3097490.080989114,3096560,True,2710085.680090034,79.21195629758721,9.106664703388127,0.12097388239950337,"[4.881544244473012,4.8762710016550965,5.135491343680303]",20.782497942913324,115.96366151887923,137.48225966468453,nan,nan,nan,nan,nan,nan,nan,,,nan,nan,nan,nan,nan,nan,nan,nan,nan,,,,nan,nan,nan,nan,nan,,False,,nan,,,nan,nan,nan,,,,,,,,0.0009143444784500473,3.611422872128894e-05,0.8795708682294711,nan,nan,nan,False,not_run,not_requested,"[28.118078189838723,7.773478074839068,8.363932970605227]","[0.035564308243984495,0.1286425446067691,0.11956097729454598]","[1.0902910500248625e-07,3.298395743808931e-08,1.4849625393758403e-09]",,,,2710085.680090034,79.21195629758721,nan,nan,ris_only_stage2_then_vp,direct_vp,True,"[""poor_clock_consistency""]",False,1.0,nan,nan,,,nan,nan,nan,False,nan,,,False,,nan,nan,,,nan,nan,nan,False,nan,,,,False,nan,nan,reliability_gated,nan,nan,,decoupled_robust,legacy_multistart,0.0
fig5,old_gated,3,3422926171,-5.0,snr_db,-5.0,3,3,3,3,full_6d,3422926171,,,nan,,False,,205.9624046839308,0.0009143379830119732,0.0009143379830119732,3.611417424293068e-05,0.000424402878782225,2.250825990494729e-12,0.8795708682294777,False,ris_only_stage2_then_vp,global_exact_spherical_vp,main_single_proposed,True,80a08db0a7fdf7b4,adaptive_jones,cpu,False,,legacy_least_squares,cpu,explicit,,legacy_least_squares_numerical,False,,,0,0,,,,,,,,fixed_pol_anchor,True,fixed_anchor_then_adaptive_jones_score_selection,fixed_pol_anchor,7.773478065554236,28.1180782501766,14.751829766482176,0.0,True,3,10,3199994.719433386,3200031.0736670755,"[28.1180782501766,7.773478065554236,8.3639329837157]","[0.035564308167667945,0.12864254476042292,0.11956097710713405]","[1.1288643212063078e-07,2.4194746530694048e-08,1.8983082402846745e-09]",jnpp_then_vp,"[""poor_clock_consistency""]",3199845.261357958,3096560,False,871605.5019265035,209.52095513194953,9.106664703388127,0.12097388239950337,"[4.881544244473012,4.8762710016550965,5.135491343680303]",20.782497942913324,89.92718523717485,139.61370859690942,nan,nan,nan,nan,nan,nan,nan,,,nan,nan,nan,nan,nan,nan,nan,nan,nan,,,,nan,nan,nan,nan,nan,,False,,nan,,,nan,nan,nan,,,,,,,,0.7000005973526573,0.10426839583431576,0.9086358958843971,0.0009143379830119732,3.611417424293068e-05,0.8795708682294777,True,accepted,accepted,"[28.118078189838723,7.773478074839068,8.363932970605227]","[0.035564308243984495,0.1286425446067691,0.11956097729454598]","[1.0902910500248625e-07,3.298395743808931e-08,1.4849625393758403e-09]","[28.1180782501766,7.773478065554236,8.3639329837157]","[0.035564308167667945,0.12864254476042292,0.11956097710713405]","[1.1288643212063078e-07,2.4194746530694048e-08,1.8983082402846745e-09]",871605.5019265035,209.52095513194953,2710085.646371299,79.21195739502933,ris_only_stage2_then_vp,jnpp_then_vp,True,"[""poor_clock_consistency""]",False,1.0,nan,nan,,,nan,nan,nan,False,nan,,,False,,nan,nan,,,nan,nan,nan,False,nan,,,,False,nan,nan,reliability_gated_ris_only,0.7000000945559761,0.07330492711111389,3,decoupled_robust,legacy_multistart,0.0
fig5,adaptive_jones_vp_proposed,3,3422926171,-5.0,snr_db,-5.0,3,3,3,3,full_6d,3422926171,,,nan,,False,,73.46420524409041,0.7000005973526573,0.7000005973526573,0.10426839583431576,0.01772858588193285,5.3657845240946644e-11,0.9086358958843971,True,direct_vp,global_exact_spherical_vp,main_single_proposed,True,3533c21919156190,adaptive_jones,cupy,True,0,cupy,cupy.linalg.solve,explicit,matrix_free,analytic_reduced_vp_explicit_gradient,False,matrix_free_cpu_only_gpu_backend,,0,0,0,0,,,,,,fixed_pol_anchor,True,fixed_anchor_then_adaptive_jones_score_selection,fixed_pol_anchor,7.773478074839068,28.118078189838723,14.751829745094339,0.0,True,3,4,3199994.719433387,3209695.5243141404,"[28.118078189838723,7.773478074839068,8.363932970605227]","[0.035564308243984495,0.1286425446067691,0.11956097729454598]","[1.0902910500248625e-07,3.298395743808931e-08,1.4849625393758403e-09]",direct_vp,"[""poor_clock_consistency""]",3199845.261357958,3096560,False,871605.5019265035,209.52095513194953,9.106664703388127,0.12097388239950337,"[4.881544244473012,4.8762710016550965,5.135491343680303]",20.782497942913324,66.88333015004173,88.40192829584703,nan,nan,nan,nan,nan,nan,nan,,,nan,nan,nan,nan,nan,nan,nan,nan,nan,,,,nan,nan,nan,nan,nan,,False,,nan,,,nan,nan,nan,,,,,,,,0.7000005973526573,0.10426839583431576,0.9086358958843971,nan,nan,nan,False,not_run,not_requested,"[28.118078189838723,7.773478074839068,8.363932970605227]","[0.035564308243984495,0.1286425446067691,0.11956097729454598]","[1.0902910500248625e-07,3.298395743808931e-08,1.4849625393758403e-09]",,,,871605.5019265035,209.52095513194953,nan,nan,ris_only_stage2_then_vp,jnpp_then_vp,True,"[""poor_clock_consistency""]",True,1.0,0.17578888977038132,0.17578888977038132,2,data_only_efim_tau_crb,0.12103335964737895,0.17882217012018495,0.17882217012018495,True,0.3546110598905663,green,clock_green,False,ngc_green_skip_rescue,nan,nan,2,,nan,nan,nan,False,nan,,candidate_unavailable,ngc_green_skip_rescue,False,9.21034037197618,13.815510557964274,ngc_certified_ris_only,nan,nan,,decoupled_robust,legacy_multistart,0.0
fig5,force_rescue,3,3422926171,-5.0,snr_db,-5.0,3,3,3,3,full_6d,3422926171,,,nan,,False,,256.60536662186496,0.0009143379830119732,0.0009143379830119732,3.611417424293068e-05,0.000424402878782225,2.250825990494729e-12,0.8795708682294777,False,ris_only_stage2_then_vp,global_exact_spherical_vp,main_single_proposed,True,8bd88b2866fbad8b,adaptive_jones,cpu,False,,legacy_least_squares,cpu,explicit,,legacy_least_squares_numerical,False,,,0,0,,,,,,,,fixed_pol_anchor,True,fixed_anchor_then_adaptive_jones_score_selection,fixed_pol_anchor,7.773478065554236,28.1180782501766,14.751829766482176,0.0,True,3,10,3199994.719433386,3200031.0736670755,"[28.1180782501766,7.773478065554236,8.3639329837157]","[0.035564308167667945,0.12864254476042292,0.11956097710713405]","[1.1288643212063078e-07,2.4194746530694048e-08,1.8983082402846745e-09]",jnpp_then_vp,"[""poor_clock_consistency""]",3199845.261357958,3096560,False,871605.5019265035,209.52095513194953,9.106664703388127,0.12097388239950337,"[4.881544244473012,4.8762710016550965,5.135491343680303]",20.782497942913324,103.1201164291706,166.37986668827944,nan,nan,nan,nan,nan,nan,nan,,,nan,nan,nan,nan,nan,nan,nan,nan,nan,,,,nan,nan,nan,nan,nan,,False,,nan,,,nan,nan,nan,,,,,,,,0.7000005973526573,0.10426839583431576,0.9086358958843971,0.0009143379830119732,3.611417424293068e-05,0.8795708682294777,True,accepted,accepted,"[28.118078189838723,7.773478074839068,8.363932970605227]","[0.035564308243984495,0.1286425446067691,0.11956097729454598]","[1.0902910500248625e-07,3.298395743808931e-08,1.4849625393758403e-09]","[28.1180782501766,7.773478065554236,8.3639329837157]","[0.035564308167667945,0.12864254476042292,0.11956097710713405]","[1.1288643212063078e-07,2.4194746530694048e-08,1.8983082402846745e-09]",871605.5019265035,209.52095513194953,2710085.646371299,79.21195739502933,ris_only_stage2_then_vp,jnpp_then_vp,True,"[""poor_clock_consistency""]",False,1.0,nan,nan,,,nan,nan,nan,False,nan,,,False,,nan,nan,,,nan,nan,nan,False,nan,,,,False,nan,nan,force_ris_only,0.7000000945559761,0.07330492711111389,3,decoupled_robust,legacy_multistart,0.0
fig5,oracle_init_vp,3,3422926171,-5.0,snr_db,-5.0,3,3,3,3,full_6d,3422926171,,,nan,,False,,31.295797540107742,0.0009142855221770129,0.0009142855221770129,3.611346567198246e-05,0.0004243797115690118,2.2508196518565504e-12,0.8795708682294751,False,oracle_init_vp,global_exact_spherical_vp,,False,,adaptive_jones,cupy,True,0,cupy,cupy.linalg.solve,explicit,matrix_free,analytic_reduced_vp_explicit_gradient,False,matrix_free_cpu_only_gpu_backend,,0,0,0,0,,,,,,fixed_pol_anchor,False,,fixed_pol_anchor,nan,nan,nan,nan,False,3,4,3096725.458075429,3096756.8364632498,"[27.806285875804438,7.684643040451559,6.655185477221819]","[0.03596309138295744,0.1301296618110129,0.15025877241377664]","[1.356653654142071e-07,2.3830131535266314e-07,6.522383956727573e-08]",oracle_init_vp,"[""oracle_truth_initialization""]",nan,,,nan,nan,nan,nan,,0.0,31.293705495772883,31.293705495772883,nan,nan,nan,nan,nan,nan,nan,,,nan,nan,nan,nan,nan,nan,nan,nan,nan,,,,nan,nan,nan,nan,nan,,False,,nan,,,nan,nan,nan,,,,,,,,nan,nan,nan,nan,nan,nan,False,,,,,,,,,nan,nan,nan,nan,,,,[],False,nan,nan,nan,,,nan,nan,nan,False,nan,,,False,,nan,nan,,,nan,nan,nan,False,nan,,,,False,nan,nan,,nan,nan,,,legacy_multistart,
fig5,direct_vp,15,2734808712,-5.0,snr_db,-5.0,3,3,3,3,full_6d,2734808712,,,nan,,False,,77.76938669383526,0.0007280532591801238,0.0007280532591801238,1.5028111966416926e-05,0.0003103161514491146,2.875019339903744e-12,0.3650893510290455,False,direct_vp,global_exact_spherical_vp,proposed_post_stage1,False,1671d4c9401220c6,adaptive_jones,cpu,False,,legacy_least_squares,cpu,explicit,,legacy_least_squares_numerical,False,,,0,0,,,,,,,,fixed_pol_anchor,True,fixed_anchor_then_adaptive_jones_score_selection,fixed_pol_anchor,6.400417785046397,34.954953705407945,16.36018660624363,0.0,True,3,4,3099516.951347525,nan,"[34.954953705407945,6.400417785046397,7.725188328276544]","[0.028608248444349484,0.15623980083455608,0.12944668239762777]",,direct_vp,"[""poor_clock_consistency""]",3099367.4932720964,3096560,True,2740598.782390709,70.07775910003997,6.703700150414673,0.23519442639547852,"[4.5881557072186885,5.099536806231698,5.073608983495501]",47.17056795791723,70.66134570911527,118.95511754299514,nan,nan,nan,nan,nan,nan,nan,,,nan,nan,nan,nan,nan,nan,nan,nan,nan,,,,nan,nan,nan,nan,nan,,False,,nan,,,nan,nan,nan,,,,,,,,0.0007280532591801238,1.5028111966416926e-05,0.3650893510290455,nan,nan,nan,False,not_run,not_requested,"[34.954953705407945,6.400417785046397,7.725188328276544]","[0.028608248444349484,0.15623980083455608,0.12944668239762777]",,,,,2740598.782390709,70.07775910003997,nan,nan,ris_only_stage2_then_vp,direct_vp,True,"[""poor_clock_consistency""]",False,1.0,nan,nan,,,nan,nan,nan,False,nan,,,False,,nan,nan,,,nan,nan,nan,False,nan,,,,False,nan,nan,reliability_gated,nan,nan,,decoupled_robust,legacy_multistart,0.0
fig5,old_gated,15,2734808712,-5.0,snr_db,-5.0,3,3,3,3,full_6d,2734808712,,,nan,,False,,76.89693046011962,0.0007280532591801238,0.0007280532591801238,1.5028111966416926e-05,0.0003103161514491146,2.875019339903744e-12,0.3650893510290455,False,direct_vp,global_exact_spherical_vp,main_single_proposed,True,24d2212b190ce30e,adaptive_jones,cpu,False,,legacy_least_squares,cpu,explicit,,legacy_least_squares_numerical,False,,,0,0,,,,,,,,fixed_pol_anchor,True,fixed_anchor_then_adaptive_jones_score_selection,fixed_pol_anchor,6.400417785046397,34.954953705407945,16.36018660624363,0.0,True,3,4,3099516.951347525,nan,"[34.954953705407945,6.400417785046397,7.725188328276544]","[0.028608248444349484,0.15623980083455608,0.12944668239762777]",,direct_vp,"[""poor_clock_consistency""]",3099367.4932720964,3096560,True,2740598.782390709,70.07775910003997,6.703700150414673,0.23519442639547852,"[4.5881557072186885,5.099536806231698,5.073608983495501]",47.17056795791723,70.35955651313998,118.65332834701985,nan,nan,nan,nan,nan,nan,nan,,,nan,nan,nan,nan,nan,nan,nan,nan,nan,,,,nan,nan,nan,nan,nan,,False,,nan,,,nan,nan,nan,,,,,,,,0.0007280532591801238,1.5028111966416926e-05,0.3650893510290455,nan,nan,nan,False,not_run,not_requested,"[34.954953705407945,6.400417785046397,7.725188328276544]","[0.028608248444349484,0.15623980083455608,0.12944668239762777]",,,,,2740598.782390709,70.07775910003997,nan,nan,ris_only_stage2_then_vp,direct_vp,True,"[""poor_clock_consistency""]",False,1.0,nan,nan,,,nan,nan,nan,False,nan,,,False,,nan,nan,,,nan,nan,nan,False,nan,,,,False,nan,nan,reliability_gated_ris_only,nan,nan,,decoupled_robust,legacy_multistart,0.0
fig5,adaptive_jones_vp_proposed,15,2734808712,-5.0,snr_db,-5.0,3,3,3,3,full_6d,2734808712,,,nan,,False,,77.03996296599507,0.0007280532591801238,0.0007280532591801238,1.5028111966416926e-05,0.0003103161514491146,2.875019339903744e-12,0.3650893510290455,False,direct_vp,global_exact_spherical_vp,main_single_proposed,True,2e360582f734456b,adaptive_jones,cpu,False,,legacy_least_squares,cpu,explicit,,legacy_least_squares_numerical,False,,,0,0,,,,,,,,fixed_pol_anchor,True,fixed_anchor_then_adaptive_jones_score_selection,fixed_pol_anchor,6.400417785046397,34.954953705407945,16.36018660624363,0.0,True,3,4,3099516.951347525,nan,"[34.954953705407945,6.400417785046397,7.725188328276544]","[0.028608248444349484,0.15623980083455608,0.12944668239762777]",,direct_vp,"[""poor_clock_consistency""]",3099367.4932720964,3096560,True,2740598.782390709,70.07775910003997,6.703700150414673,0.23519442639547852,"[4.5881557072186885,5.099536806231698,5.073608983495501]",47.17056795791723,70.32034176797606,118.61411360185593,nan,nan,nan,nan,nan,nan,nan,,,nan,nan,nan,nan,nan,nan,nan,nan,nan,,,,nan,nan,nan,nan,nan,,False,,nan,,,nan,nan,nan,,,,,,,,0.0007280532591801238,1.5028111966416926e-05,0.3650893510290455,nan,nan,nan,False,not_run,not_requested,"[34.954953705407945,6.400417785046397,7.725188328276544]","[0.028608248444349484,0.15623980083455608,0.12944668239762777]",,,,,2740598.782390709,70.07775910003997,nan,nan,ris_only_stage2_then_vp,direct_vp,True,"[""poor_clock_consistency""]",True,1.0,0.013447505065765232,0.013447505065765232,2,data_only_efim_tau_crb,0.03347574378781004,0.00016325538140731728,0.00016325538140731728,True,0.013610760447172549,green,clock_green,False,ngc_green_skip_rescue,nan,nan,2,,nan,nan,nan,False,nan,,candidate_unavailable,ngc_green_skip_rescue,False,9.21034037197618,13.815510557964274,ngc_certified_ris_only,nan,nan,,decoupled_robust,legacy_multistart,0.0
fig5,force_rescue,15,2734808712,-5.0,snr_db,-5.0,3,3,3,3,full_6d,2734808712,,,nan,,False,,167.3357184450142,0.0007280532591801238,0.0007280532591801238,1.5028111966416926e-05,0.0003103161514491146,2.875019339903744e-12,0.3650893510290455,False,direct_vp_rollback,global_exact_spherical_vp,main_single_proposed,True,673b42bb8f5a48f8,adaptive_jones,cpu,False,,legacy_least_squares,cpu,explicit,,legacy_least_squares_numerical,False,,,0,0,,,,,,,,fixed_pol_anchor,True,fixed_anchor_then_adaptive_jones_score_selection,fixed_pol_anchor,6.400417785046397,34.954953705407945,16.36018660624363,0.0,True,3,4,3099516.951347525,nan,"[34.954953705407945,6.400417785046397,7.725188328276544]","[0.028608248444349484,0.15623980083455608,0.12944668239762777]",,jnpp_then_vp,"[""poor_clock_consistency""]",3099367.4932720964,3096560,True,2740598.782390709,70.07775910003997,6.703700150414673,0.23519442639547852,"[4.5881557072186885,5.099536806231698,5.073608983495501]",47.17056795791723,70.42916254512966,118.72293437900953,nan,nan,nan,nan,nan,nan,nan,,,nan,nan,nan,nan,nan,nan,nan,nan,nan,,,,nan,nan,nan,nan,nan,,False,,nan,,,nan,nan,nan,,,,,,,,0.0007280532591801238,1.5028111966416926e-05,0.3650893510290455,0.0007280237420543299,1.502799150166724e-05,0.3650893510290454,True,rollback,existing_selector_rollback,"[34.954953705407945,6.400417785046397,7.725188328276544]","[0.028608248444349484,0.15623980083455608,0.12944668239762777]",,"[34.954953568933306,6.400417784941214,7.725188334601995]","[0.02860824855604468,0.15623980083712366,0.1294466822916357]",,2740598.782390709,70.07775910003997,2740599.018382992,70.0777526240414,ris_only_stage2_then_vp,direct_vp,True,"[""poor_clock_consistency""]",False,1.0,nan,nan,,,nan,nan,nan,False,nan,,,False,,nan,nan,,,nan,nan,nan,False,nan,,,,False,nan,nan,force_ris_only,0.0012729057455462215,0.05620482589404427,3,decoupled_robust,legacy_multistart,0.0
fig5,oracle_init_vp,15,2734808712,-5.0,snr_db,-5.0,3,3,3,3,full_6d,2734808712,,,nan,,False,,33.11681198794395,0.0007280073384169619,0.0007280073384169619,1.5027739022256524e-05,0.0003103172378396253,2.874952222308846e-12,0.36508935102904655,False,oracle_init_vp,global_exact_spherical_vp,,False,,adaptive_jones,cupy,True,0,cupy,cupy.linalg.solve,explicit,matrix_free,analytic_reduced_vp_explicit_gradient,False,matrix_free_cpu_only_gpu_backend,,0,0,0,0,,,,,,fixed_pol_anchor,False,,fixed_pol_anchor,nan,nan,nan,nan,False,3,4,3096725.458075429,3096738.9260283303,"[34.98646464667533,6.406187615725427,7.732152419060238]","[0.028582482113123163,0.15609908107262876,0.12933009410512983]","[1.1276560274858734e-09,7.308003265484216e-09,1.5102460060977923e-07]",oracle_init_vp,"[""oracle_truth_initialization""]",nan,,,nan,nan,nan,nan,,0.0,33.11536951013841,33.11536951013841,nan,nan,nan,nan,nan,nan,nan,,,nan,nan,nan,nan,nan,nan,nan,nan,nan,,,,nan,nan,nan,nan,nan,,False,,nan,,,nan,nan,nan,,,,,,,,nan,nan,nan,nan,nan,nan,False,,,,,,,,,nan,nan,nan,nan,,,,[],False,nan,nan,nan,,,nan,nan,nan,False,nan,,,False,,nan,nan,,,nan,nan,nan,False,nan,,,,False,nan,nan,,nan,nan,,,legacy_multistart,
fig5,direct_vp,21,4000820147,-5.0,snr_db,-5.0,3,3,3,3,full_6d,4000820147,,,nan,,False,,54.69661025586538,0.00039853208707790874,0.00039853208707790874,9.737865990281687e-06,0.00022533146644524305,2.207784489369538e-12,1.099979725328047,False,direct_vp,global_exact_spherical_vp,proposed_post_stage1,False,12d9240bf157d9b0,adaptive_jones,cpu,False,,legacy_least_squares,cpu,explicit,,legacy_least_squares_numerical,False,,,0,0,,,,,,,,fixed_pol_anchor,True,fixed_anchor_then_adaptive_jones_score_selection,fixed_pol_anchor,3.62950072633801,143.8573669152096,59.027132334841816,0.0,True,3,4,3096158.0520660644,nan,"[3.62950072633801,143.8573669152096,29.59452936297783]","[0.2755199889449594,0.006951329787966636,0.03379002881598062]",,direct_vp,"[""poor_clock_consistency""]",3096008.5939906356,3096560,True,1615727.376042552,135.88652653211489,5.940319259157892,0.1565718155766205,"[4.982322395639062,5.359966433356123,5.113221741640732]",23.30195874418132,50.069364672061056,73.93519500736147,nan,nan,nan,nan,nan,nan,nan,,,nan,nan,nan,nan,nan,nan,nan,nan,nan,,,,nan,nan,nan,nan,nan,,False,,nan,,,nan,nan,nan,,,,,,,,0.00039853208707790874,9.737865990281687e-06,1.099979725328047,nan,nan,nan,False,not_run,not_requested,"[3.62950072633801,143.8573669152096,29.59452936297783]","[0.2755199889449594,0.006951329787966636,0.03379002881598062]",,,,,1615727.376042552,135.88652653211489,nan,nan,ris_only_stage2_then_vp,direct_vp,True,"[""poor_clock_consistency""]",False,1.0,nan,nan,,,nan,nan,nan,False,nan,,,False,,nan,nan,,,nan,nan,nan,False,nan,,,,False,nan,nan,reliability_gated,nan,nan,,decoupled_robust,legacy_multistart,0.0
fig5,old_gated,21,4000820147,-5.0,snr_db,-5.0,3,3,3,3,full_6d,4000820147,,,nan,,False,,52.90938961901702,0.00039853208707790874,0.00039853208707790874,9.737865990281687e-06,0.00022533146644524305,2.207784489369538e-12,1.099979725328047,False,direct_vp,global_exact_spherical_vp,main_single_proposed,True,f0e6c666bf00605c,adaptive_jones,cpu,False,,legacy_least_squares,cpu,explicit,,legacy_least_squares_numerical,False,,,0,0,,,,,,,,fixed_pol_anchor,True,fixed_anchor_then_adaptive_jones_score_selection,fixed_pol_anchor,3.62950072633801,143.8573669152096,59.027132334841816,0.0,True,3,4,3096158.0520660644,nan,"[3.62950072633801,143.8573669152096,29.59452936297783]","[0.2755199889449594,0.006951329787966636,0.03379002881598062]",,direct_vp,"[""poor_clock_consistency""]",3096008.5939906356,3096560,True,1615727.376042552,135.88652653211489,5.940319259157892,0.1565718155766205,"[4.982322395639062,5.359966433356123,5.113221741640732]",23.30195874418132,48.75577987008728,72.6216102053877,nan,nan,nan,nan,nan,nan,nan,,,nan,nan,nan,nan,nan,nan,nan,nan,nan,,,,nan,nan,nan,nan,nan,,False,,nan,,,nan,nan,nan,,,,,,,,0.00039853208707790874,9.737865990281687e-06,1.099979725328047,nan,nan,nan,False,not_run,not_requested,"[3.62950072633801,143.8573669152096,29.59452936297783]","[0.2755199889449594,0.006951329787966636,0.03379002881598062]",,,,,1615727.376042552,135.88652653211489,nan,nan,ris_only_stage2_then_vp,direct_vp,True,"[""poor_clock_consistency""]",False,1.0,nan,nan,,,nan,nan,nan,False,nan,,,False,,nan,nan,,,nan,nan,nan,False,nan,,,,False,nan,nan,reliability_gated_ris_only,nan,nan,,decoupled_robust,legacy_multistart,0.0
fig5,adaptive_jones_vp_proposed,21,4000820147,-5.0,snr_db,-5.0,3,3,3,3,full_6d,4000820147,,,nan,,False,,64.52979024103843,0.00039853208707790874,0.00039853208707790874,9.737865990281687e-06,0.00022533146644524305,2.207784489369538e-12,1.099979725328047,False,direct_vp,global_exact_spherical_vp,main_single_proposed,True,d6be557c27fe6d0e,adaptive_jones,cpu,False,,legacy_least_squares,cpu,explicit,,legacy_least_squares_numerical,False,,,0,0,,,,,,,,fixed_pol_anchor,True,fixed_anchor_then_adaptive_jones_score_selection,fixed_pol_anchor,3.62950072633801,143.8573669152096,59.027132334841816,0.0,True,3,4,3096158.0520660644,nan,"[3.62950072633801,143.8573669152096,29.59452936297783]","[0.2755199889449594,0.006951329787966636,0.03379002881598062]",,direct_vp,"[""poor_clock_consistency""]",3096008.5939906356,3096560,True,1615727.376042552,135.88652653211489,5.940319259157892,0.1565718155766205,"[4.982322395639062,5.359966433356123,5.113221741640732]",23.30195874418132,57.89005789812654,81.75588823342696,nan,nan,nan,nan,nan,nan,nan,,,nan,nan,nan,nan,nan,nan,nan,nan,nan,,,,nan,nan,nan,nan,nan,,False,,nan,,,nan,nan,nan,,,,,,,,0.00039853208707790874,9.737865990281687e-06,1.099979725328047,nan,nan,nan,False,not_run,not_requested,"[3.62950072633801,143.8573669152096,29.59452936297783]","[0.2755199889449594,0.006951329787966636,0.03379002881598062]",,,,,1615727.376042552,135.88652653211489,nan,nan,ris_only_stage2_then_vp,direct_vp,True,"[""poor_clock_consistency""]",True,1.0,0.007145077847057495,0.007145077847057495,2,data_only_efim_tau_crb,0.024401294103417098,0.00026465427286896854,0.00026465427286896854,True,0.007409732119926463,green,clock_green,False,ngc_green_skip_rescue,nan,nan,2,,nan,nan,nan,False,nan,,candidate_unavailable,ngc_green_skip_rescue,False,9.21034037197618,13.815510557964274,ngc_certified_ris_only,nan,nan,,decoupled_robust,legacy_multistart,0.0
fig5,force_rescue,21,4000820147,-5.0,snr_db,-5.0,3,3,3,3,full_6d,4000820147,,,nan,,False,,166.77418948686682,0.00039853208707790874,0.00039853208707790874,9.737865990281687e-06,0.00022533146644524305,2.207784489369538e-12,1.099979725328047,False,direct_vp_rollback,global_exact_spherical_vp,main_single_proposed,True,170c5740aa392d5a,adaptive_jones,cpu,False,,legacy_least_squares,cpu,explicit,,legacy_least_squares_numerical,False,,,0,0,,,,,,,,fixed_pol_anchor,True,fixed_anchor_then_adaptive_jones_score_selection,fixed_pol_anchor,3.62950072633801,143.8573669152096,59.027132334841816,0.0,True,3,4,3096158.0520660644,nan,"[3.62950072633801,143.8573669152096,29.59452936297783]","[0.2755199889449594,0.006951329787966636,0.03379002881598062]",,jnpp_then_vp,"[""poor_clock_consistency""]",3096008.5939906356,3096560,True,1615727.376042552,135.88652653211489,5.940319259157892,0.1565718155766205,"[4.982322395639062,5.359966433356123,5.113221741640732]",23.30195874418132,85.05562122887932,108.92145156417973,nan,nan,nan,nan,nan,nan,nan,,,nan,nan,nan,nan,nan,nan,nan,nan,nan,,,,nan,nan,nan,nan,nan,,False,,nan,,,nan,nan,nan,,,,,,,,0.00039853208707790874,9.737865990281687e-06,1.099979725328047,0.000398564326167618,9.738907126978506e-06,1.0999797253280994,True,rollback,existing_selector_rollback,"[3.62950072633801,143.8573669152096,29.59452936297783]","[0.2755199889449594,0.006951329787966636,0.03379002881598062]",,"[3.62950072593335,143.85736663842476,29.59452951795782]","[0.27551998897567764,0.006951329801341152,0.03379002863902973]",,1615727.376042552,135.88652653211489,1615727.6811920812,135.8865047583745,ris_only_stage2_then_vp,direct_vp,True,"[""poor_clock_consistency""]",False,1.0,nan,nan,,,nan,nan,nan,False,nan,,,False,,nan,nan,,,nan,nan,nan,False,nan,,,,False,nan,nan,force_ris_only,0.0019584270813110816,0.2204091316129746,3,decoupled_robust,legacy_multistart,0.0
fig5,oracle_init_vp,21,4000820147,-5.0,snr_db,-5.0,3,3,3,3,full_6d,4000820147,,,nan,,False,,26.224965959088877,0.0003984928756391186,0.0003984928756391186,9.737013943309354e-06,0.0002252797819435246,2.2077001726482767e-12,1.099979725328067,False,oracle_init_vp,global_exact_spherical_vp,,False,,adaptive_jones,cupy,True,0,cupy,cupy.linalg.solve,explicit,matrix_free,analytic_reduced_vp_explicit_gradient,False,matrix_free_cpu_only_gpu_backend,,0,0,0,0,,,,,,fixed_pol_anchor,False,,fixed_pol_anchor,nan,nan,nan,nan,False,3,4,3096725.458075429,3096735.6748403474,"[3.6288356688812624,143.8310078248814,29.589106418073207]","[0.27557048354979996,0.006952603718620252,0.03379622168514034]","[2.0634896751402172e-08,2.540059490018812e-09,2.177074745636506e-09]",oracle_init_vp,"[""oracle_truth_initialization""]",nan,,,nan,nan,nan,nan,,0.0,26.22333560604602,26.22333560604602,nan,nan,nan,nan,nan,nan,nan,,,nan,nan,nan,nan,nan,nan,nan,nan,nan,,,,nan,nan,nan,nan,nan,,False,,nan,,,nan,nan,nan,,,,,,,,nan,nan,nan,nan,nan,nan,False,,,,,,,,,nan,nan,nan,nan,,,,[],False,nan,nan,nan,,,nan,nan,nan,False,nan,,,False,,nan,nan,,,nan,nan,nan,False,nan,,,,False,nan,nan,,nan,nan,,,legacy_multistart,
fig5,direct_vp,0,3147786918,0.0,snr_db,0.0,3,3,3,3,full_6d,3147786918,,,nan,,False,,58.82131938403472,0.000372373494517901,0.000372373494517901,2.594469033586336e-06,5.721566784079379e-05,3.14338607000307e-13,0.39631128991806563,False,direct_vp,global_exact_spherical_vp,proposed_post_stage1,False,747e17811aa2ff61,adaptive_jones,cpu,False,,legacy_least_squares,cpu,explicit,,legacy_least_squares_numerical,False,,,0,0,,,,,,,,fixed_pol_anchor,True,fixed_anchor_then_adaptive_jones_score_selection,fixed_pol_anchor,1.872659716842746,7.277669047151797,4.058210366929955,0.0,True,3,4,3095619.274685642,nan,"[7.277669047151797,1.872659716842746,3.0243023367953223]","[0.13740663301858777,0.5339998457830345,0.3306547721206398]",,direct_vp,[],3095469.8166102134,3096560,True,8234768.83872713,69.74848101388133,17.59004316344412,0.024734332352737302,"[5.003074189140686,4.942551725889123,4.970401325767951]",25.60207698214799,53.49046181002632,79.66327642509714,nan,nan,nan,nan,nan,nan,nan,,,nan,nan,nan,nan,nan,nan,nan,nan,nan,,,,nan,nan,nan,nan,nan,,False,,nan,,,nan,nan,nan,,,,,,,,0.000372373494517901,2.594469033586336e-06,0.39631128991806563,nan,nan,nan,False,not_run,not_requested,"[7.277669047151797,1.872659716842746,3.0243023367953223]","[0.13740663301858777,0.5339998457830345,0.3306547721206398]",,,,,8234768.83872713,69.74848101388133,nan,nan,direct_vp,direct_vp,False,[],False,1.0,nan,nan,,,nan,nan,nan,False,nan,,,False,,nan,nan,,,nan,nan,nan,False,nan,,,,False,nan,nan,reliability_gated,nan,nan,,decoupled_robust,legacy_multistart,0.0
fig5,old_gated,0,3147786918,0.0,snr_db,0.0,3,3,3,3,full_6d,3147786918,,,nan,,False,,55.79952050209977,0.000372373494517901,0.000372373494517901,2.594469033586336e-06,5.721566784079379e-05,3.14338607000307e-13,0.39631128991806563,False,direct_vp,global_exact_spherical_vp,main_single_proposed,True,1e77c108919d42f1,adaptive_jones,cpu,False,,legacy_least_squares,cpu,explicit,,legacy_least_squares_numerical,False,,,0,0,,,,,,,,fixed_pol_anchor,True,fixed_anchor_then_adaptive_jones_score_selection,fixed_pol_anchor,1.872659716842746,7.277669047151797,4.058210366929955,0.0,True,3,4,3095619.274685642,nan,"[7.277669047151797,1.872659716842746,3.0243023367953223]","[0.13740663301858777,0.5339998457830345,0.3306547721206398]",,direct_vp,[],3095469.8166102134,3096560,True,8234768.83872713,69.74848101388133,17.59004316344412,0.024734332352737302,"[5.003074189140686,4.942551725889123,4.970401325767951]",25.60207698214799,51.6664416459389,77.83925626100972,nan,nan,nan,nan,nan,nan,nan,,,nan,nan,nan,nan,nan,nan,nan,nan,nan,,,,nan,nan,nan,nan,nan,,False,,nan,,,nan,nan,nan,,,,,,,,0.000372373494517901,2.594469033586336e-06,0.39631128991806563,nan,nan,nan,False,not_run,not_requested,"[7.277669047151797,1.872659716842746,3.0243023367953223]","[0.13740663301858777,0.5339998457830345,0.3306547721206398]",,,,,8234768.83872713,69.74848101388133,nan,nan,direct_vp,direct_vp,False,[],False,1.0,nan,nan,,,nan,nan,nan,False,nan,,,False,,nan,nan,,,nan,nan,nan,False,nan,,,,False,nan,nan,reliability_gated_ris_only,nan,nan,,decoupled_robust,legacy_multistart,0.0
fig5,adaptive_jones_vp_proposed,0,3147786918,0.0,snr_db,0.0,3,3,3,3,full_6d,3147786918,,,nan,,False,,44.085143689997494,0.000372373494517901,0.000372373494517901,2.594469033586336e-06,5.721566784079379e-05,3.14338607000307e-13,0.39631128991806563,False,direct_vp,global_exact_spherical_vp,main_single_proposed,True,c0a0c6bba2544f61,adaptive_jones,cpu,False,,legacy_least_squares,cpu,explicit,,legacy_least_squares_numerical,False,,,0,0,,,,,,,,fixed_pol_anchor,True,fixed_anchor_then_adaptive_jones_score_selection,fixed_pol_anchor,1.872659716842746,7.277669047151797,4.058210366929955,0.0,True,3,4,3095619.274685642,nan,"[7.277669047151797,1.872659716842746,3.0243023367953223]","[0.13740663301858777,0.5339998457830345,0.3306547721206398]",,direct_vp,[],3095469.8166102134,3096560,True,8234768.83872713,69.74848101388133,17.59004316344412,0.024734332352737302,"[5.003074189140686,4.942551725889123,4.970401325767951]",25.60207698214799,40.13925020303577,66.31206481810659,nan,nan,nan,nan,nan,nan,nan,,,nan,nan,nan,nan,nan,nan,nan,nan,nan,,,,nan,nan,nan,nan,nan,,False,,nan,,,nan,nan,nan,,,,,,,,0.000372373494517901,2.594469033586336e-06,0.39631128991806563,nan,nan,nan,False,not_run,not_requested,"[7.277669047151797,1.872659716842746,3.0243023367953223]","[0.13740663301858777,0.5339998457830345,0.3306547721206398]",,,,,8234768.83872713,69.74848101388133,nan,nan,direct_vp,direct_vp,False,[],True,1.0,0.0021551752922890285,0.0021551752922890285,2,data_only_efim_tau_crb,0.013401415635076982,2.101432024493371e-05,2.101432024493371e-05,True,0.002176189612533962,green,clock_green,False,ngc_green_skip_rescue,nan,nan,2,,nan,nan,nan,False,nan,,candidate_unavailable,ngc_green_skip_rescue,False,9.21034037197618,13.815510557964274,ngc_certified_ris_only,nan,nan,,decoupled_robust,legacy_multistart,0.0
fig5,force_rescue,0,3147786918,0.0,snr_db,0.0,3,3,3,3,full_6d,3147786918,,,nan,,False,,110.84003614983521,0.000372373494517901,0.000372373494517901,2.594469033586336e-06,5.721566784079379e-05,3.14338607000307e-13,0.39631128991806563,False,direct_vp_rollback,global_exact_spherical_vp,main_single_proposed,True,883eb5a2e0c66c17,adaptive_jones,cpu,False,,legacy_least_squares,cpu,explicit,,legacy_least_squares_numerical,False,,,0,0,,,,,,,,fixed_pol_anchor,True,fixed_anchor_then_adaptive_jones_score_selection,fixed_pol_anchor,1.872659716842746,7.277669047151797,4.058210366929955,0.0,True,3,4,3095619.274685642,nan,"[7.277669047151797,1.872659716842746,3.0243023367953223]","[0.13740663301858777,0.5339998457830345,0.3306547721206398]",,jnpp_then_vp,[],3095469.8166102134,3096560,True,8234768.83872713,69.74848101388133,17.59004316344412,0.024734332352737302,"[5.003074189140686,4.942551725889123,4.970401325767951]",25.60207698214799,41.73766267602332,67.91047729109414,nan,nan,nan,nan,nan,nan,nan,,,nan,nan,nan,nan,nan,nan,nan,nan,nan,,,,nan,nan,nan,nan,nan,,False,,nan,,,nan,nan,nan,,,,,,,,0.000372373494517901,2.594469033586336e-06,0.39631128991806563,0.0003723907349043008,2.594541566348928e-06,0.39631128991806397,True,rollback,existing_selector_rollback,"[7.277669047151797,1.872659716842746,3.0243023367953223]","[0.13740663301858777,0.5339998457830345,0.3306547721206398]",,"[7.277669040092496,1.8726597165438172,3.0243023375205]","[0.1374066331518715,0.5339998458682758,0.33065477204135424]",,8234768.83872713,69.74848101388133,8234769.370347067,69.74847750589097,direct_vp,direct_vp,False,[],False,1.0,nan,nan,,,nan,nan,nan,False,nan,,,False,,nan,nan,,,nan,nan,nan,False,nan,,,,False,nan,nan,force_ris_only,0.00039620654469936745,0.015756853026145337,3,decoupled_robust,legacy_multistart,0.0
fig5,oracle_init_vp,0,3147786918,0.0,snr_db,0.0,3,3,3,3,full_6d,3147786918,,,nan,,False,,32.63965848600492,0.00037237985330861744,0.00037237985330861744,2.594481750215533e-06,5.721624323536384e-05,3.1433814951440913e-13,0.3963112899180626,False,oracle_init_vp,global_exact_spherical_vp,,False,,adaptive_jones,cupy,True,0,cupy,cupy.linalg.solve,explicit,matrix_free,analytic_reduced_vp_explicit_gradient,False,matrix_free_cpu_only_gpu_backend,,0,0,0,0,,,,,,fixed_pol_anchor,False,,fixed_pol_anchor,nan,nan,nan,nan,False,3,4,3096725.458075429,3096749.004529336,"[7.275069260080837,1.8719907503875437,3.0232219715944386]","[0.1374557360546164,0.5341906736404044,0.3307729334441095]","[1.0182480552819253e-08,1.0394494010228893e-07,7.5068977904661e-09]",oracle_init_vp,"[""oracle_truth_initialization""]",nan,,,nan,nan,nan,nan,,0.0,32.638045146130025,32.638045146130025,nan,nan,nan,nan,nan,nan,nan,,,nan,nan,nan,nan,nan,nan,nan,nan,nan,,,,nan,nan,nan,nan,nan,,False,,nan,,,nan,nan,nan,,,,,,,,nan,nan,nan,nan,nan,nan,False,,,,,,,,,nan,nan,nan,nan,,,,[],False,nan,nan,nan,,,nan,nan,nan,False,nan,,,False,,nan,nan,,,nan,nan,nan,False,nan,,,,False,nan,nan,,nan,nan,,,legacy_multistart,
fig5,direct_vp,13,634888206,-5.0,snr_db,-5.0,3,3,3,3,full_6d,634888206,,,nan,,False,,91.83220963506028,0.000893686390010683,0.000893686390010683,1.3137593339436348e-05,0.00023414893817145504,1.241540331982888e-12,0.6465740918407167,False,direct_vp,global_exact_spherical_vp,proposed_post_stage1,False,59a16da52ed288a4,adaptive_jones,cpu,False,,legacy_least_squares,cpu,explicit,,legacy_least_squares_numerical,False,,,0,0,,,,,,,,fixed_pol_anchor,True,fixed_anchor_then_adaptive_jones_score_selection,fixed_pol_anchor,5.382627206877224,81.25054679400773,31.729486872762823,0.0,True,3,4,3095329.057491864,nan,"[5.382627206877224,81.25054679400773,8.555286617403507]","[0.1857828828860648,0.012307609479281683,0.11688679114001917]",,direct_vp,"[""poor_clock_consistency""]",3095179.599416435,3096560,True,2384615.504457135,80.5510220645287,10.511275089155427,0.1467222105959164,"[5.002810888737747,5.360003164065922,5.21581037949564]",43.04606421710923,84.5408129838761,128.51901227305643,nan,nan,nan,nan,nan,nan,nan,,,nan,nan,nan,nan,nan,nan,nan,nan,nan,,,,nan,nan,nan,nan,nan,,False,,nan,,,nan,nan,nan,,,,,,,,0.000893686390010683,1.3137593339436348e-05,0.6465740918407167,nan,nan,nan,False,not_run,not_requested,"[5.382627206877224,81.25054679400773,8.555286617403507]","[0.1857828828860648,0.012307609479281683,0.11688679114001917]",,,,,2384615.504457135,80.5510220645287,nan,nan,ris_only_stage2_then_vp,direct_vp,True,"[""poor_clock_consistency""]",False,1.0,nan,nan,,,nan,nan,nan,False,nan,,,False,,nan,nan,,,nan,nan,nan,False,nan,,,,False,nan,nan,reliability_gated,nan,nan,,decoupled_robust,legacy_multistart,0.0
fig5,old_gated,13,634888206,-5.0,snr_db,-5.0,3,3,3,3,full_6d,634888206,,,nan,,False,,92.1202162138652,0.000893686390010683,0.000893686390010683,1.3137593339436348e-05,0.00023414893817145504,1.241540331982888e-12,0.6465740918407167,False,direct_vp,global_exact_spherical_vp,main_single_proposed,True,bf81f297108db942,adaptive_jones,cpu,False,,legacy_least_squares,cpu,explicit,,legacy_least_squares_numerical,False,,,0,0,,,,,,,,fixed_pol_anchor,True,fixed_anchor_then_adaptive_jones_score_selection,fixed_pol_anchor,5.382627206877224,81.25054679400773,31.729486872762823,0.0,True,3,4,3095329.057491864,nan,"[5.382627206877224,81.25054679400773,8.555286617403507]","[0.1857828828860648,0.012307609479281683,0.11688679114001917]",,direct_vp,"[""poor_clock_consistency""]",3095179.599416435,3096560,True,2384615.504457135,80.5510220645287,10.511275089155427,0.1467222105959164,"[5.002810888737747,5.360003164065922,5.21581037949564]",43.04606421710923,85.26153156906366,129.239730858244,nan,nan,nan,nan,nan,nan,nan,,,nan,nan,nan,nan,nan,nan,nan,nan,nan,,,,nan,nan,nan,nan,nan,,False,,nan,,,nan,nan,nan,,,,,,,,0.000893686390010683,1.3137593339436348e-05,0.6465740918407167,nan,nan,nan,False,not_run,not_requested,"[5.382627206877224,81.25054679400773,8.555286617403507]","[0.1857828828860648,0.012307609479281683,0.11688679114001917]",,,,,2384615.504457135,80.5510220645287,nan,nan,ris_only_stage2_then_vp,direct_vp,True,"[""poor_clock_consistency""]",False,1.0,nan,nan,,,nan,nan,nan,False,nan,,,False,,nan,nan,,,nan,nan,nan,False,nan,,,,False,nan,nan,reliability_gated_ris_only,nan,nan,,decoupled_robust,legacy_multistart,0.0
fig5,adaptive_jones_vp_proposed,13,634888206,-5.0,snr_db,-5.0,3,3,3,3,full_6d,634888206,,,nan,,False,,91.5616027249489,0.000893686390010683,0.000893686390010683,1.3137593339436348e-05,0.00023414893817145504,1.241540331982888e-12,0.6465740918407167,False,direct_vp,global_exact_spherical_vp,main_single_proposed,True,2c1770f7819c52bb,adaptive_jones,cpu,False,,legacy_least_squares,cpu,explicit,,legacy_least_squares_numerical,False,,,0,0,,,,,,,,fixed_pol_anchor,True,fixed_anchor_then_adaptive_jones_score_selection,fixed_pol_anchor,5.382627206877224,81.25054679400773,31.729486872762823,0.0,True,3,4,3095329.057491864,nan,"[5.382627206877224,81.25054679400773,8.555286617403507]","[0.1857828828860648,0.012307609479281683,0.11688679114001917]",,direct_vp,"[""poor_clock_consistency""]",3095179.599416435,3096560,True,2384615.504457135,80.5510220645287,10.511275089155427,0.1467222105959164,"[5.002810888737747,5.360003164065922,5.21581037949564]",43.04606421710923,84.85639982298017,128.8345991121605,nan,nan,nan,nan,nan,nan,nan,,,nan,nan,nan,nan,nan,nan,nan,nan,nan,,,,nan,nan,nan,nan,nan,,False,,nan,,,nan,nan,nan,,,,,,,,0.000893686390010683,1.3137593339436348e-05,0.6465740918407167,nan,nan,nan,False,not_run,not_requested,"[5.382627206877224,81.25054679400773,8.555286617403507]","[0.1857828828860648,0.012307609479281683,0.11688679114001917]",,,,,2384615.504457135,80.5510220645287,nan,nan,ris_only_stage2_then_vp,direct_vp,True,"[""poor_clock_consistency""]",True,1.0,0.009304545416717035,0.009304545416717035,2,data_only_efim_tau_crb,0.02784562415760185,0.0001225274792852328,0.0001225274792852328,True,0.009427072896002267,green,clock_green,False,ngc_green_skip_rescue,nan,nan,2,,nan,nan,nan,False,nan,,candidate_unavailable,ngc_green_skip_rescue,False,9.21034037197618,13.815510557964274,ngc_certified_ris_only,nan,nan,,decoupled_robust,legacy_multistart,0.0
fig5,force_rescue,13,634888206,-5.0,snr_db,-5.0,3,3,3,3,full_6d,634888206,,,nan,,False,,197.0975115809124,0.000893686390010683,0.000893686390010683,1.3137593339436348e-05,0.00023414893817145504,1.241540331982888e-12,0.6465740918407167,False,direct_vp_rollback,global_exact_spherical_vp,main_single_proposed,True,66386a9ef26f8f39,adaptive_jones,cpu,False,,legacy_least_squares,cpu,explicit,,legacy_least_squares_numerical,False,,,0,0,,,,,,,,fixed_pol_anchor,True,fixed_anchor_then_adaptive_jones_score_selection,fixed_pol_anchor,5.382627206877224,81.25054679400773,31.729486872762823,0.0,True,3,4,3095329.057491864,nan,"[5.382627206877224,81.25054679400773,8.555286617403507]","[0.1857828828860648,0.012307609479281683,0.11688679114001917]",,jnpp_then_vp,"[""poor_clock_consistency""]",3095179.599416435,3096560,True,2384615.504457135,80.5510220645287,10.511275089155427,0.1467222105959164,"[5.002810888737747,5.360003164065922,5.21581037949564]",43.04606421710923,84.62306241691113,128.60126170609146,nan,nan,nan,nan,nan,nan,nan,,,nan,nan,nan,nan,nan,nan,nan,nan,nan,,,,nan,nan,nan,nan,nan,,False,,nan,,,nan,nan,nan,,,,,,,,0.000893686390010683,1.3137593339436348e-05,0.6465740918407167,0.0008937071097916191,1.3137719361754148e-05,0.6465740918407131,True,rollback,existing_selector_rollback,"[5.382627206877224,81.25054679400773,8.555286617403507]","[0.1857828828860648,0.012307609479281683,0.11688679114001917]",,"[5.382627206740205,81.25054674801268,8.555286614320378]","[0.18578288289079403,0.012307609486248886,0.11688679118214246]",,2384615.504457135,80.5510220645287,2384615.6433141083,80.55101713789881,ris_only_stage2_then_vp,direct_vp,True,"[""poor_clock_consistency""]",False,1.0,nan,nan,,,nan,nan,nan,False,nan,,,False,,nan,nan,,,nan,nan,nan,False,nan,,,,False,nan,nan,force_ris_only,0.0007068907470402473,0.09425614652301874,3,decoupled_robust,legacy_multistart,0.0
fig5,oracle_init_vp,13,634888206,-5.0,snr_db,-5.0,3,3,3,3,full_6d,634888206,,,nan,,False,,39.18944671400823,0.0008936885065607282,0.0008936885065607282,1.3137511894999201e-05,0.0002341476030833529,1.241499017632279e-12,0.6465740918407159,False,oracle_init_vp,global_exact_spherical_vp,,False,,adaptive_jones,cupy,True,0,cupy,cupy.linalg.solve,explicit,matrix_free,analytic_reduced_vp_explicit_gradient,False,matrix_free_cpu_only_gpu_backend,,0,0,0,0,,,,,,fixed_pol_anchor,False,,fixed_pol_anchor,nan,nan,nan,nan,False,3,4,3096725.458075429,3096741.7797855022,"[5.380199910248175,81.21390708365016,8.551428614594155]","[0.1858666995049432,0.012313162065812054,0.11693952496835616]","[5.296671377608032e-08,1.2655916258426591e-08,7.835525377341982e-08]",oracle_init_vp,"[""oracle_truth_initialization""]",nan,,,nan,nan,nan,nan,,0.0,39.187879387056455,39.187879387056455,nan,nan,nan,nan,nan,nan,nan,,,nan,nan,nan,nan,nan,nan,nan,nan,nan,,,,nan,nan,nan,nan,nan,,False,,nan,,,nan,nan,nan,,,,,,,,nan,nan,nan,nan,nan,nan,False,,,,,,,,,nan,nan,nan,nan,,,,[],False,nan,nan,nan,,,nan,nan,nan,False,nan,,,False,,nan,nan,,,nan,nan,nan,False,nan,,,,False,nan,nan,,nan,nan,,,legacy_multistart,
fig5,direct_vp,9,3933360494,-5.0,snr_db,-5.0,3,3,3,3,full_6d,3933360494,,,nan,,False,,139.59559434000403,0.00017841697678673793,0.00017841697678673793,1.611894197329829e-05,4.519005485835358e-05,6.595609708277876e-13,0.37669894444264995,False,direct_vp,global_exact_spherical_vp,proposed_post_stage1,False,1d5576db341f229e,adaptive_jones,cpu,False,,legacy_least_squares,cpu,explicit,,legacy_least_squares_numerical,False,,,0,0,,,,,,,,fixed_pol_anchor,True,fixed_anchor_then_adaptive_jones_score_selection,fixed_pol_anchor,7.131931989078996,14.307925533964317,11.18124446182266,0.0,True,3,10,3169288.1792292106,3170270.0633896776,"[7.131931989078996,12.103875862424667,14.307925533964317]","[0.1402144610358246,0.0826181639132884,0.06989133383535444]","[7.551896792337432e-08,5.970677260375214e-08,4.959473311299039e-07]",direct_vp,"[""poor_clock_consistency""]",3096586.573494339,3096560,True,2276657.891290145,77.04781296069812,11.207531773022717,0.10371332424694349,"[5.170917068354428,4.942202646769527,4.960792815538661]",26.791841465979815,134.1829564999789,161.78569840895943,nan,nan,nan,nan,nan,nan,nan,,,nan,nan,nan,nan,nan,nan,nan,nan,nan,,,,nan,nan,nan,nan,nan,,False,,nan,,,nan,nan,nan,,,,,,,,0.00017841697678673793,1.611894197329829e-05,0.37669894444264995,nan,nan,nan,False,not_run,not_requested,"[7.131931989078996,12.103875862424667,14.307925533964317]","[0.1402144610358246,0.0826181639132884,0.06989133383535444]","[7.551896792337432e-08,5.970677260375214e-08,4.959473311299039e-07]",,,,2276657.891290145,77.04781296069812,nan,nan,ris_only_stage2_then_vp,direct_vp,True,"[""poor_clock_consistency""]",False,1.0,nan,nan,,,nan,nan,nan,False,nan,,,False,,nan,nan,,,nan,nan,nan,False,nan,,,,False,nan,nan,reliability_gated,nan,nan,,decoupled_robust,legacy_multistart,0.0
fig5,old_gated,9,3933360494,-5.0,snr_db,-5.0,3,3,3,3,full_6d,3933360494,,,nan,,False,,216.82713912706822,0.0001783989717008994,0.0001783989717008994,1.6118930186356926e-05,4.519158813797827e-05,6.595618336160652e-13,0.37669894444264823,False,ris_only_stage2_then_vp,global_exact_spherical_vp,main_single_proposed,True,85d099cfd2e60580,adaptive_jones,cpu,False,,legacy_least_squares,cpu,explicit,,legacy_least_squares_numerical,False,,,0,0,,,,,,,,fixed_pol_anchor,True,fixed_anchor_then_adaptive_jones_score_selection,fixed_pol_anchor,7.13193197568412,14.307925608680561,11.181244478533308,0.0,True,3,10,3169288.17922924,3169326.010985258,"[7.13193197568412,12.103875851235244,14.307925608680561]","[0.14021446129916915,0.08261816398966472,0.06989133347038064]","[7.665650359150731e-08,6.642912328490063e-08,4.759528142908883e-07]",jnpp_then_vp,"[""poor_clock_consistency""]",3169138.7211537817,3096560,False,1184236.0225457482,133.459051593262,11.207531773022717,0.10371332424694349,"[5.170917068354428,4.942202646769527,4.960792815538661]",26.791841465979815,90.22818747302517,147.2882771480363,nan,nan,nan,nan,nan,nan,nan,,,nan,nan,nan,nan,nan,nan,nan,nan,nan,,,,nan,nan,nan,nan,nan,,False,,nan,,,nan,nan,nan,,,,,,,,0.7000005070245996,0.07415470197914516,0.38552489417526753,0.0001783989717008994,1.6118930186356926e-05,0.37669894444264823,True,accepted,accepted,"[7.131931989078996,12.103875862424667,14.307925533964317]","[0.1402144610358246,0.0826181639132884,0.06989133383535444]","[7.551896792337432e-08,5.970677260375214e-08,4.959473311299039e-07]","[7.13193197568412,12.103875851235244,14.307925608680561]","[0.14021446129916915,0.08261816398966472,0.06989133347038064]","[7.665650359150731e-08,6.642912328490063e-08,4.759528142908883e-07]",1184236.0225457482,133.459051593262,2276658.066830421,77.04780637118823,ris_only_stage2_then_vp,jnpp_then_vp,True,"[""poor_clock_consistency""]",False,1.0,nan,nan,,,nan,nan,nan,False,nan,,,False,,nan,nan,,,nan,nan,nan,False,nan,,,,False,nan,nan,reliability_gated_ris_only,0.7000007132022774,0.03574962689846087,3,decoupled_robust,legacy_multistart,0.0
fig5,adaptive_jones_vp_proposed,9,3933360494,-5.0,snr_db,-5.0,3,3,3,3,full_6d,3933360494,,,nan,,False,,89.70950035587884,0.7000005070245996,0.7000005070245996,0.07415470197914516,0.01770824447473977,5.364351595385557e-11,0.38552489417526753,True,direct_vp,global_exact_spherical_vp,main_single_proposed,True,4e7ae7df9bd806a8,adaptive_jones,cupy,True,0,cupy,cupy.linalg.solve,explicit,matrix_free,analytic_reduced_vp_explicit_gradient,False,matrix_free_cpu_only_gpu_backend,,0,0,0,0,,,,,,fixed_pol_anchor,True,fixed_anchor_then_adaptive_jones_score_selection,fixed_pol_anchor,7.131931989078996,14.307925533964317,11.18124446182266,0.0,True,3,4,3169288.1792292106,3170270.0633896776,"[7.131931989078996,12.103875862424667,14.307925533964317]","[0.1402144610358246,0.0826181639132884,0.06989133383535444]","[7.551896792337432e-08,5.970677260375214e-08,4.959473311299039e-07]",direct_vp,"[""poor_clock_consistency""]",3169138.7211537817,3096560,False,1184236.0225457482,133.459051593262,11.207531773022717,0.10371332424694349,"[5.170917068354428,4.942202646769527,4.960792815538661]",26.791841465979815,84.73993546213023,112.34267737111077,nan,nan,nan,nan,nan,nan,nan,,,nan,nan,nan,nan,nan,nan,nan,nan,nan,,,,nan,nan,nan,nan,nan,,False,,nan,,,nan,nan,nan,,,,,,,,0.7000005070245996,0.07415470197914516,0.38552489417526753,nan,nan,nan,False,not_run,not_requested,"[7.131931989078996,12.103875862424667,14.307925533964317]","[0.1402144610358246,0.0826181639132884,0.06989133383535444]","[7.551896792337432e-08,5.970677260375214e-08,4.959473311299039e-07]",,,,1184236.0225457482,133.459051593262,nan,nan,ris_only_stage2_then_vp,jnpp_then_vp,True,"[""poor_clock_consistency""]",True,1.0,0.03743137995122316,0.03743137995122316,2,data_only_efim_tau_crb,0.05585052965372782,0.18499331903375038,0.18499331903375038,True,0.22242469898497352,green,clock_green,False,ngc_green_skip_rescue,nan,nan,2,,nan,nan,nan,False,nan,,candidate_unavailable,ngc_green_skip_rescue,False,9.21034037197618,13.815510557964274,ngc_certified_ris_only,nan,nan,,decoupled_robust,legacy_multistart,0.0
fig5,force_rescue,9,3933360494,-5.0,snr_db,-5.0,3,3,3,3,full_6d,3933360494,,,nan,,False,,215.589883324923,0.0001783989717008994,0.0001783989717008994,1.6118930186356926e-05,4.519158813797827e-05,6.595618336160652e-13,0.37669894444264823,False,ris_only_stage2_then_vp,global_exact_spherical_vp,main_single_proposed,True,bab32a7c3587ac1d,adaptive_jones,cpu,False,,legacy_least_squares,cpu,explicit,,legacy_least_squares_numerical,False,,,0,0,,,,,,,,fixed_pol_anchor,True,fixed_anchor_then_adaptive_jones_score_selection,fixed_pol_anchor,7.13193197568412,14.307925608680561,11.181244478533308,0.0,True,3,10,3169288.17922924,3169326.010985258,"[7.13193197568412,12.103875851235244,14.307925608680561]","[0.14021446129916915,0.08261816398966472,0.06989133347038064]","[7.665650359150731e-08,6.642912328490063e-08,4.759528142908883e-07]",jnpp_then_vp,"[""poor_clock_consistency""]",3169138.7211537817,3096560,False,1184236.0225457482,133.459051593262,11.207531773022717,0.10371332424694349,"[5.170917068354428,4.942202646769527,4.960792815538661]",26.791841465979815,89.7621893780306,146.8514599967748,nan,nan,nan,nan,nan,nan,nan,,,nan,nan,nan,nan,nan,nan,nan,nan,nan,,,,nan,nan,nan,nan,nan,,False,,nan,,,nan,nan,nan,,,,,,,,0.7000005070245996,0.07415470197914516,0.38552489417526753,0.0001783989717008994,1.6118930186356926e-05,0.37669894444264823,True,accepted,accepted,"[7.131931989078996,12.103875862424667,14.307925533964317]","[0.1402144610358246,0.0826181639132884,0.06989133383535444]","[7.551896792337432e-08,5.970677260375214e-08,4.959473311299039e-07]","[7.13193197568412,12.103875851235244,14.307925608680561]","[0.14021446129916915,0.08261816398966472,0.06989133347038064]","[7.665650359150731e-08,6.642912328490063e-08,4.759528142908883e-07]",1184236.0225457482,133.459051593262,2276658.066830421,77.04780637118823,ris_only_stage2_then_vp,jnpp_then_vp,True,"[""poor_clock_consistency""]",False,1.0,nan,nan,,,nan,nan,nan,False,nan,,,False,,nan,nan,,,nan,nan,nan,False,nan,,,,False,nan,nan,force_ris_only,0.7000007132022774,0.03574962689846087,3,decoupled_robust,legacy_multistart,0.0
fig5,oracle_init_vp,9,3933360494,-5.0,snr_db,-5.0,3,3,3,3,full_6d,3933360494,,,nan,,False,,34.07174388808198,0.00017841397741280153,0.00017841397741280153,1.6118440131164672e-05,4.518939767972312e-05,6.595014956708489e-13,0.3766989444426609,False,oracle_init_vp,global_exact_spherical_vp,,False,,adaptive_jones,cupy,True,0,cupy,cupy.linalg.solve,explicit,matrix_free,analytic_reduced_vp_explicit_gradient,False,matrix_free_cpu_only_gpu_backend,,0,0,0,0,,,,,,fixed_pol_anchor,False,,fixed_pol_anchor,nan,nan,nan,nan,False,3,4,3096725.458075429,3096736.1429723185,"[7.042957602808922,11.898696013785182,11.105999905847435]","[0.14198580431523966,0.08404282274541308,0.09004141981510216]","[3.8576868692744986e-09,4.868007055796578e-09,5.358292573796665e-08]",oracle_init_vp,"[""oracle_truth_initialization""]",nan,,,nan,nan,nan,nan,,0.0,34.069558068877086,34.069558068877086,nan,nan,nan,nan,nan,nan,nan,,,nan,nan,nan,nan,nan,nan,nan,nan,nan,,,,nan,nan,nan,nan,nan,,False,,nan,,,nan,nan,nan,,,,,,,,nan,nan,nan,nan,nan,nan,False,,,,,,,,,nan,nan,nan,nan,,,,[],False,nan,nan,nan,,,nan,nan,nan,False,nan,,,False,,nan,nan,,,nan,nan,nan,False,nan,,,,False,nan,nan,,nan,nan,,,legacy_multistart,
fig5,direct_vp,2,3251202663,0.0,snr_db,0.0,3,3,3,3,full_6d,3251202663,,,nan,,False,,57.12626555119641,0.0001488757765433337,0.0001488757765433337,8.108067929204675e-06,0.00011461822768714062,2.0410847558626598e-13,0.2285056847778084,False,direct_vp,global_exact_spherical_vp,proposed_post_stage1,False,a10b876b6e68d5dc,adaptive_jones,cpu,False,,legacy_least_squares,cpu,explicit,,legacy_least_squares_numerical,False,,,0,0,,,,,,,,fixed_pol_anchor,True,fixed_anchor_then_adaptive_jones_score_selection,fixed_pol_anchor,2.168589957099707,6.1171880976788975,3.6494924753013755,0.0,True,3,4,3094017.0786056984,nan,"[6.1171880976788975,2.168589957099707,2.6626993711255227]","[0.16347380267304878,0.4611291298864268,0.3755587321803578]",,direct_vp,[],3093867.6205302696,3096560,True,8435432.987358822,73.87091198358779,23.103180981413246,0.05420222766457926,"[4.903094411271899,5.010853977270947,5.02414095412245]",26.218826923985034,51.57138359895907,78.84927622391842,nan,nan,nan,nan,nan,nan,nan,,,nan,nan,nan,nan,nan,nan,nan,nan,nan,,,,nan,nan,nan,nan,nan,,False,,nan,,,nan,nan,nan,,,,,,,,0.0001488757765433337,8.108067929204675e-06,0.2285056847778084,nan,nan,nan,False,not_run,not_requested,"[6.1171880976788975,2.168589957099707,2.6626993711255227]","[0.16347380267304878,0.4611291298864268,0.3755587321803578]",,,,,8435432.987358822,73.87091198358779,nan,nan,direct_vp,direct_vp,False,[],False,1.0,nan,nan,,,nan,nan,nan,False,nan,,,False,,nan,nan,,,nan,nan,nan,False,nan,,,,False,nan,nan,reliability_gated,nan,nan,,decoupled_robust,legacy_multistart,0.0
fig5,old_gated,2,3251202663,0.0,snr_db,0.0,3,3,3,3,full_6d,3251202663,,,nan,,False,,50.82883307011798,0.0001488757765433337,0.0001488757765433337,8.108067929204675e-06,0.00011461822768714062,2.0410847558626598e-13,0.2285056847778084,False,direct_vp,global_exact_spherical_vp,main_single_proposed,True,d01fc82a44110eef,adaptive_jones,cpu,False,,legacy_least_squares,cpu,explicit,,legacy_least_squares_numerical,False,,,0,0,,,,,,,,fixed_pol_anchor,True,fixed_anchor_then_adaptive_jones_score_selection,fixed_pol_anchor,2.168589957099707,6.1171880976788975,3.6494924753013755,0.0,True,3,4,3094017.0786056984,nan,"[6.1171880976788975,2.168589957099707,2.6626993711255227]","[0.16347380267304878,0.4611291298864268,0.3755587321803578]",,direct_vp,[],3093867.6205302696,3096560,True,8435432.987358822,73.87091198358779,23.103180981413246,0.05420222766457926,"[4.903094411271899,5.010853977270947,5.02414095412245]",26.218826923985034,47.485023363959044,74.7629159889184,nan,nan,nan,nan,nan,nan,nan,,,nan,nan,nan,nan,nan,nan,nan,nan,nan,,,,nan,nan,nan,nan,nan,,False,,nan,,,nan,nan,nan,,,,,,,,0.0001488757765433337,8.108067929204675e-06,0.2285056847778084,nan,nan,nan,False,not_run,not_requested,"[6.1171880976788975,2.168589957099707,2.6626993711255227]","[0.16347380267304878,0.4611291298864268,0.3755587321803578]",,,,,8435432.987358822,73.87091198358779,nan,nan,direct_vp,direct_vp,False,[],False,1.0,nan,nan,,,nan,nan,nan,False,nan,,,False,,nan,nan,,,nan,nan,nan,False,nan,,,,False,nan,nan,reliability_gated_ris_only,nan,nan,,decoupled_robust,legacy_multistart,0.0
fig5,adaptive_jones_vp_proposed,2,3251202663,0.0,snr_db,0.0,3,3,3,3,full_6d,3251202663,,,nan,,False,,46.19825724698603,0.0001488757765433337,0.0001488757765433337,8.108067929204675e-06,0.00011461822768714062,2.0410847558626598e-13,0.2285056847778084,False,direct_vp,global_exact_spherical_vp,main_single_proposed,True,1052d8084dc604c4,adaptive_jones,cpu,False,,legacy_least_squares,cpu,explicit,,legacy_least_squares_numerical,False,,,0,0,,,,,,,,fixed_pol_anchor,True,fixed_anchor_then_adaptive_jones_score_selection,fixed_pol_anchor,2.168589957099707,6.1171880976788975,3.6494924753013755,0.0,True,3,4,3094017.0786056984,nan,"[6.1171880976788975,2.168589957099707,2.6626993711255227]","[0.16347380267304878,0.4611291298864268,0.3755587321803578]",,direct_vp,[],3093867.6205302696,3096560,True,8435432.987358822,73.87091198358779,23.103180981413246,0.05420222766457926,"[4.903094411271899,5.010853977270947,5.02414095412245]",26.218826923985034,42.1272325029131,69.40512512787245,nan,nan,nan,nan,nan,nan,nan,,,nan,nan,nan,nan,nan,nan,nan,nan,nan,,,,nan,nan,nan,nan,nan,,False,,nan,,,nan,nan,nan,,,,,,,,0.0001488757765433337,8.108067929204675e-06,0.2285056847778084,nan,nan,nan,False,not_run,not_requested,"[6.1171880976788975,2.168589957099707,2.6626993711255227]","[0.16347380267304878,0.4611291298864268,0.3755587321803578]",,,,,8435432.987358822,73.87091198358779,nan,nan,direct_vp,direct_vp,False,[],True,1.0,0.00015917956135163674,0.00015917956135163674,2,data_only_efim_tau_crb,0.003642109752048904,5.703807278152121e-05,5.703807278152121e-05,True,0.00021621763413315795,green,clock_green,False,ngc_green_skip_rescue,nan,nan,2,,nan,nan,nan,False,nan,,candidate_unavailable,ngc_green_skip_rescue,False,9.21034037197618,13.815510557964274,ngc_certified_ris_only,nan,nan,,decoupled_robust,legacy_multistart,0.0
fig5,force_rescue,2,3251202663,0.0,snr_db,0.0,3,3,3,3,full_6d,3251202663,,,nan,,False,,143.30609578103758,0.0001488757765433337,0.0001488757765433337,8.108067929204675e-06,0.00011461822768714062,2.0410847558626598e-13,0.2285056847778084,False,direct_vp_rollback,global_exact_spherical_vp,main_single_proposed,True,7431a0ebf3f41080,adaptive_jones,cpu,False,,legacy_least_squares,cpu,explicit,,legacy_least_squares_numerical,False,,,0,0,,,,,,,,fixed_pol_anchor,True,fixed_anchor_then_adaptive_jones_score_selection,fixed_pol_anchor,2.168589957099707,6.1171880976788975,3.6494924753013755,0.0,True,3,4,3094017.0786056984,nan,"[6.1171880976788975,2.168589957099707,2.6626993711255227]","[0.16347380267304878,0.4611291298864268,0.3755587321803578]",,jnpp_then_vp,[],3093867.6205302696,3096560,True,8435432.987358822,73.87091198358779,23.103180981413246,0.05420222766457926,"[4.903094411271899,5.010853977270947,5.02414095412245]",26.218826923985034,48.90476418402977,76.18265680898912,nan,nan,nan,nan,nan,nan,nan,,,nan,nan,nan,nan,nan,nan,nan,nan,nan,,,,nan,nan,nan,nan,nan,,False,,nan,,,nan,nan,nan,,,,,,,,0.0001488757765433337,8.108067929204675e-06,0.2285056847778084,0.00014887723776563886,8.10806626510252e-06,0.22850568477780975,True,rollback,existing_selector_rollback,"[6.1171880976788975,2.168589957099707,2.6626993711255227]","[0.16347380267304878,0.4611291298864268,0.3755587321803578]",,"[6.11718809707297,2.1685899568229052,2.662699371217062]","[0.16347380268924142,0.46112912994528593,0.37555873216744673]",,8435432.987358822,73.87091198358779,8435432.938126221,73.8709124417724,direct_vp,direct_vp,False,[],False,1.0,nan,nan,,,nan,nan,nan,False,nan,,,False,,nan,nan,,,nan,nan,nan,False,nan,,,,False,nan,nan,force_ris_only,0.0001147133069322978,0.00024789724745107386,3,decoupled_robust,legacy_multistart,0.0
fig5,oracle_init_vp,2,3251202663,0.0,snr_db,0.0,3,3,3,3,full_6d,3251202663,,,nan,,False,,34.17806363897398,0.00014887996250169923,0.00014887996250169923,8.108033772091536e-06,0.00011461746967237279,2.0409383048016463e-13,0.22850568477780997,False,oracle_init_vp,global_exact_spherical_vp,,False,,adaptive_jones,cupy,True,0,cupy,cupy.linalg.solve,explicit,matrix_free,analytic_reduced_vp_explicit_gradient,False,matrix_free_cpu_only_gpu_backend,,0,0,0,0,,,,,,fixed_pol_anchor,False,,fixed_pol_anchor,nan,nan,nan,nan,False,3,4,3096725.458075429,3096757.989974195,"[6.111837780540343,2.166693228126648,2.6603704757788313]","[0.16361690802360904,0.46153280354434234,0.37588749728722903]","[4.924817321999011e-07,1.0571802722611407e-07,1.5839254872802653e-08]",oracle_init_vp,"[""oracle_truth_initialization""]",nan,,,nan,nan,nan,nan,,0.0,34.17631435394287,34.17631435394287,nan,nan,nan,nan,nan,nan,nan,,,nan,nan,nan,nan,nan,nan,nan,nan,nan,,,,nan,nan,nan,nan,nan,,False,,nan,,,nan,nan,nan,,,,,,,,nan,nan,nan,nan,nan,nan,False,,,,,,,,,nan,nan,nan,nan,,,,[],False,nan,nan,nan,,,nan,nan,nan,False,nan,,,False,,nan,nan,,,nan,nan,nan,False,nan,,,,False,nan,nan,,nan,nan,,,legacy_multistart,
fig5,direct_vp,4,287230138,0.0,snr_db,0.0,3,3,3,3,full_6d,287230138,,,nan,,False,,57.1706105498597,0.00033733147290384484,0.00033733147290384484,4.566385366961194e-06,0.0002615332465639209,2.843725914792501e-13,0.4943092024372641,False,direct_vp,global_exact_spherical_vp,proposed_post_stage1,False,87cdddd3052bba9e,adaptive_jones,cpu,False,,legacy_least_squares,cpu,explicit,,legacy_least_squares_numerical,False,,,0,0,,,,,,,,fixed_pol_anchor,True,fixed_anchor_then_adaptive_jones_score_selection,fixed_pol_anchor,2.004992513919679,14.224810737028712,6.179342940634463,0.0,True,3,4,3096418.315721703,nan,"[14.224810737028712,2.308225570954998,2.004992513919679]","[0.0702997051048748,0.43323322147581744,0.49875497941038976]",,direct_vp,[],3096268.8576462744,3096560,True,9219335.61059049,76.14797572267192,15.496679580552948,0.0559188463836046,"[4.896569901408858,4.981495486964772,5.032101818510718]",23.372419487917796,52.692932586884126,76.78167642676271,nan,nan,nan,nan,nan,nan,nan,,,nan,nan,nan,nan,nan,nan,nan,nan,nan,,,,nan,nan,nan,nan,nan,,False,,nan,,,nan,nan,nan,,,,,,,,0.00033733147290384484,4.566385366961194e-06,0.4943092024372641,nan,nan,nan,False,not_run,not_requested,"[14.224810737028712,2.308225570954998,2.004992513919679]","[0.0702997051048748,0.43323322147581744,0.49875497941038976]",,,,,9219335.61059049,76.14797572267192,nan,nan,direct_vp,direct_vp,False,[],False,1.0,nan,nan,,,nan,nan,nan,False,nan,,,False,,nan,nan,,,nan,nan,nan,False,nan,,,,False,nan,nan,reliability_gated,nan,nan,,decoupled_robust,legacy_multistart,0.0
fig5,old_gated,4,287230138,0.0,snr_db,0.0,3,3,3,3,full_6d,287230138,,,nan,,False,,45.58422952913679,0.00033733147290384484,0.00033733147290384484,4.566385366961194e-06,0.0002615332465639209,2.843725914792501e-13,0.4943092024372641,False,direct_vp,global_exact_spherical_vp,main_single_proposed,True,4ad129ca63853676,adaptive_jones,cpu,False,,legacy_least_squares,cpu,explicit,,legacy_least_squares_numerical,False,,,0,0,,,,,,,,fixed_pol_anchor,True,fixed_anchor_then_adaptive_jones_score_selection,fixed_pol_anchor,2.004992513919679,14.224810737028712,6.179342940634463,0.0,True,3,4,3096418.315721703,nan,"[14.224810737028712,2.308225570954998,2.004992513919679]","[0.0702997051048748,0.43323322147581744,0.49875497941038976]",,direct_vp,[],3096268.8576462744,3096560,True,9219335.61059049,76.14797572267192,15.496679580552948,0.0559188463836046,"[4.896569901408858,4.981495486964772,5.032101818510718]",23.372419487917796,41.530355935916305,65.6190997757949,nan,nan,nan,nan,nan,nan,nan,,,nan,nan,nan,nan,nan,nan,nan,nan,nan,,,,nan,nan,nan,nan,nan,,False,,nan,,,nan,nan,nan,,,,,,,,0.00033733147290384484,4.566385366961194e-06,0.4943092024372641,nan,nan,nan,False,not_run,not_requested,"[14.224810737028712,2.308225570954998,2.004992513919679]","[0.0702997051048748,0.43323322147581744,0.49875497941038976]",,,,,9219335.61059049,76.14797572267192,nan,nan,direct_vp,direct_vp,False,[],False,1.0,nan,nan,,,nan,nan,nan,False,nan,,,False,,nan,nan,,,nan,nan,nan,False,nan,,,,False,nan,nan,reliability_gated_ris_only,nan,nan,,decoupled_robust,legacy_multistart,0.0
fig5,adaptive_jones_vp_proposed,4,287230138,0.0,snr_db,0.0,3,3,3,3,full_6d,287230138,,,nan,,False,,44.26442725700326,0.00033733147290384484,0.00033733147290384484,4.566385366961194e-06,0.0002615332465639209,2.843725914792501e-13,0.4943092024372641,False,direct_vp,global_exact_spherical_vp,main_single_proposed,True,3ba809757558c46e,adaptive_jones,cpu,False,,legacy_least_squares,cpu,explicit,,legacy_least_squares_numerical,False,,,0,0,,,,,,,,fixed_pol_anchor,True,fixed_anchor_then_adaptive_jones_score_selection,fixed_pol_anchor,2.004992513919679,14.224810737028712,6.179342940634463,0.0,True,3,4,3096418.315721703,nan,"[14.224810737028712,2.308225570954998,2.004992513919679]","[0.0702997051048748,0.43323322147581744,0.49875497941038976]",,direct_vp,[],3096268.8576462744,3096560,True,9219335.61059049,76.14797572267192,15.496679580552948,0.0559188463836046,"[4.896569901408858,4.981495486964772,5.032101818510718]",23.372419487917796,40.12989212409593,64.21863596397452,nan,nan,nan,nan,nan,nan,nan,,,nan,nan,nan,nan,nan,nan,nan,nan,nan,,,,nan,nan,nan,nan,nan,,False,,nan,,,nan,nan,nan,,,,,,,,0.00033733147290384484,4.566385366961194e-06,0.4943092024372641,nan,nan,nan,False,not_run,not_requested,"[14.224810737028712,2.308225570954998,2.004992513919679]","[0.0702997051048748,0.43323322147581744,0.49875497941038976]",,,,,9219335.61059049,76.14797572267192,nan,nan,direct_vp,direct_vp,False,[],True,1.0,0.0015245641783802276,0.0015245641783802276,2,data_only_efim_tau_crb,0.011271513423893837,4.3393842623000565e-05,4.3393842623000565e-05,True,0.0015679580210032282,green,clock_green,False,ngc_green_skip_rescue,nan,nan,2,,nan,nan,nan,False,nan,,candidate_unavailable,ngc_green_skip_rescue,False,9.21034037197618,13.815510557964274,ngc_certified_ris_only,nan,nan,,decoupled_robust,legacy_multistart,0.0
fig5,force_rescue,4,287230138,0.0,snr_db,0.0,3,3,3,3,full_6d,287230138,,,nan,,False,,109.72946139681153,0.00033733147290384484,0.00033733147290384484,4.566385366961194e-06,0.0002615332465639209,2.843725914792501e-13,0.4943092024372641,False,direct_vp_rollback,global_exact_spherical_vp,main_single_proposed,True,dba32525ba424747,adaptive_jones,cpu,False,,legacy_least_squares,cpu,explicit,,legacy_least_squares_numerical,False,,,0,0,,,,,,,,fixed_pol_anchor,True,fixed_anchor_then_adaptive_jones_score_selection,fixed_pol_anchor,2.004992513919679,14.224810737028712,6.179342940634463,0.0,True,3,4,3096418.315721703,nan,"[14.224810737028712,2.308225570954998,2.004992513919679]","[0.0702997051048748,0.43323322147581744,0.49875497941038976]",,jnpp_then_vp,[],3096268.8576462744,3096560,True,9219335.61059049,76.14797572267192,15.496679580552948,0.0559188463836046,"[4.896569901408858,4.981495486964772,5.032101818510718]",23.372419487917796,39.36154738301411,63.4502912228927,nan,nan,nan,nan,nan,nan,nan,,,nan,nan,nan,nan,nan,nan,nan,nan,nan,,,,nan,nan,nan,nan,nan,,False,,nan,,,nan,nan,nan,,,,,,,,0.00033733147290384484,4.566385366961194e-06,0.4943092024372641,0.000337325154382458,4.566368320617366e-06,0.49430920243726245,True,rollback,existing_selector_rollback,"[14.224810737028712,2.308225570954998,2.004992513919679]","[0.0702997051048748,0.43323322147581744,0.49875497941038976]",,"[14.224810729783053,2.3082255708961017,2.004992513922655]","[0.07029970514068319,0.43323322148687177,0.49875497940964936]",,9219335.61059049,76.14797572267192,9219335.548161812,76.1479762910299,direct_vp,direct_vp,False,[],False,1.0,nan,nan,,,nan,nan,nan,False,nan,,,False,,nan,nan,,,nan,nan,nan,False,nan,,,,False,nan,nan,force_ris_only,0.0006714306357414263,0.015932712976174174,3,decoupled_robust,legacy_multistart,0.0
fig5,oracle_init_vp,4,287230138,0.0,snr_db,0.0,3,3,3,3,full_6d,287230138,,,nan,,False,,32.10517868003808,0.0003373290665782531,0.0003373290665782531,4.566354161569068e-06,0.0002615317512023732,2.8437388994986053e-13,0.494309202437261,False,oracle_init_vp,global_exact_spherical_vp,,False,,adaptive_jones,cupy,True,0,cupy,cupy.linalg.solve,explicit,matrix_free,analytic_reduced_vp_explicit_gradient,False,matrix_free_cpu_only_gpu_backend,,0,0,0,0,,,,,,fixed_pol_anchor,False,,fixed_pol_anchor,nan,nan,nan,nan,False,3,4,3096725.458075429,3096752.296306711,"[14.223399810180567,2.307996623138346,2.004793643262677]","[0.07030667866553358,0.4332761971886776,0.4988044546921833]","[7.834848866952285e-09,7.444821796967269e-08,3.0234992973529526e-08]",oracle_init_vp,"[""oracle_truth_initialization""]",nan,,,nan,nan,nan,nan,,0.0,32.103554036002606,32.103554036002606,nan,nan,nan,nan,nan,nan,nan,,,nan,nan,nan,nan,nan,nan,nan,nan,nan,,,,nan,nan,nan,nan,nan,,False,,nan,,,nan,nan,nan,,,,,,,,nan,nan,nan,nan,nan,nan,False,,,,,,,,,nan,nan,nan,nan,,,,[],False,nan,nan,nan,,,nan,nan,nan,False,nan,,,False,,nan,nan,,,nan,nan,nan,False,nan,,,,False,nan,nan,,nan,nan,,,legacy_multistart,
fig5,direct_vp,23,2043173887,-5.0,snr_db,-5.0,3,3,3,3,full_6d,2043173887,,,nan,,False,,77.86049360898323,0.0009366504286219634,0.0009366504286219634,1.6267383563447536e-05,7.032840511060471e-05,2.5821800030260274e-13,1.035743664702432,False,direct_vp,global_exact_spherical_vp,proposed_post_stage1,False,69a5faac5d91ca52,adaptive_jones,cpu,False,,legacy_least_squares,cpu,explicit,,legacy_least_squares_numerical,False,,,0,0,,,,,,,,fixed_pol_anchor,True,fixed_anchor_then_adaptive_jones_score_selection,fixed_pol_anchor,6.5727103230113215,39.19397674390741,17.662982926166496,0.0,True,3,4,3096396.004938645,nan,"[39.19397674390741,6.5727103230113215,7.222261711580747]","[0.02551412444046656,0.15214423743769556,0.1384607813905855]",,direct_vp,"[""poor_clock_consistency""]",3096246.546863216,3096560,True,2651762.199931236,64.07560613620869,10.421220075720028,0.1205534276887305,"[5.17042352649764,4.882454979002152,4.969829475204286]",46.64627989078872,70.89472514018416,118.42003979394212,nan,nan,nan,nan,nan,nan,nan,,,nan,nan,nan,nan,nan,nan,nan,nan,nan,,,,nan,nan,nan,nan,nan,,False,,nan,,,nan,nan,nan,,,,,,,,0.0009366504286219634,1.6267383563447536e-05,1.035743664702432,nan,nan,nan,False,not_run,not_requested,"[39.19397674390741,6.5727103230113215,7.222261711580747]","[0.02551412444046656,0.15214423743769556,0.1384607813905855]",,,,,2651762.199931236,64.07560613620869,nan,nan,ris_only_stage2_then_vp,direct_vp,True,"[""poor_clock_consistency""]",False,1.0,nan,nan,,,nan,nan,nan,False,nan,,,False,,nan,nan,,,nan,nan,nan,False,nan,,,,False,nan,nan,reliability_gated,nan,nan,,decoupled_robust,legacy_multistart,0.0
fig5,old_gated,23,2043173887,-5.0,snr_db,-5.0,3,3,3,3,full_6d,2043173887,,,nan,,False,,77.59767530695535,0.0009366504286219634,0.0009366504286219634,1.6267383563447536e-05,7.032840511060471e-05,2.5821800030260274e-13,1.035743664702432,False,direct_vp,global_exact_spherical_vp,main_single_proposed,True,9b8c2f4d3f78fa6e,adaptive_jones,cpu,False,,legacy_least_squares,cpu,explicit,,legacy_least_squares_numerical,False,,,0,0,,,,,,,,fixed_pol_anchor,True,fixed_anchor_then_adaptive_jones_score_selection,fixed_pol_anchor,6.5727103230113215,39.19397674390741,17.662982926166496,0.0,True,3,4,3096396.004938645,nan,"[39.19397674390741,6.5727103230113215,7.222261711580747]","[0.02551412444046656,0.15214423743769556,0.1384607813905855]",,direct_vp,"[""poor_clock_consistency""]",3096246.546863216,3096560,True,2651762.199931236,64.07560613620869,10.421220075720028,0.1205534276887305,"[5.17042352649764,4.882454979002152,4.969829475204286]",46.64627989078872,70.63923511095345,118.16454976471141,nan,nan,nan,nan,nan,nan,nan,,,nan,nan,nan,nan,nan,nan,nan,nan,nan,,,,nan,nan,nan,nan,nan,,False,,nan,,,nan,nan,nan,,,,,,,,0.0009366504286219634,1.6267383563447536e-05,1.035743664702432,nan,nan,nan,False,not_run,not_requested,"[39.19397674390741,6.5727103230113215,7.222261711580747]","[0.02551412444046656,0.15214423743769556,0.1384607813905855]",,,,,2651762.199931236,64.07560613620869,nan,nan,ris_only_stage2_then_vp,direct_vp,True,"[""poor_clock_consistency""]",False,1.0,nan,nan,,,nan,nan,nan,False,nan,,,False,,nan,nan,,,nan,nan,nan,False,nan,,,,False,nan,nan,reliability_gated_ris_only,nan,nan,,decoupled_robust,legacy_multistart,0.0
fig5,adaptive_jones_vp_proposed,23,2043173887,-5.0,snr_db,-5.0,3,3,3,3,full_6d,2043173887,,,nan,,False,,69.90105163585395,0.0009366504286219634,0.0009366504286219634,1.6267383563447536e-05,7.032840511060471e-05,2.5821800030260274e-13,1.035743664702432,False,direct_vp,global_exact_spherical_vp,main_single_proposed,True,0d38a735ddd96294,adaptive_jones,cpu,False,,legacy_least_squares,cpu,explicit,,legacy_least_squares_numerical,False,,,0,0,,,,,,,,fixed_pol_anchor,True,fixed_anchor_then_adaptive_jones_score_selection,fixed_pol_anchor,6.5727103230113215,39.19397674390741,17.662982926166496,0.0,True,3,4,3096396.004938645,nan,"[39.19397674390741,6.5727103230113215,7.222261711580747]","[0.02551412444046656,0.15214423743769556,0.1384607813905855]",,direct_vp,"[""poor_clock_consistency""]",3096246.546863216,3096560,True,2651762.199931236,64.07560613620869,10.421220075720028,0.1205534276887305,"[5.17042352649764,4.882454979002152,4.969829475204286]",46.64627989078872,64.74922149209306,112.27453614585102,nan,nan,nan,nan,nan,nan,nan,,,nan,nan,nan,nan,nan,nan,nan,nan,nan,,,,nan,nan,nan,nan,nan,,False,,nan,,,nan,nan,nan,,,,,,,,0.0009366504286219634,1.6267383563447536e-05,1.035743664702432,nan,nan,nan,False,not_run,not_requested,"[39.19397674390741,6.5727103230113215,7.222261711580747]","[0.02551412444046656,0.15214423743769556,0.1384607813905855]",,,,,2651762.199931236,64.07560613620869,nan,nan,ris_only_stage2_then_vp,direct_vp,True,"[""poor_clock_consistency""]",True,1.0,0.017189549484983083,0.017189549484983083,2,data_only_efim_tau_crb,0.0378478857676611,7.295165717482324e-05,7.295165717482324e-05,True,0.017262501142157907,green,clock_green,False,ngc_green_skip_rescue,nan,nan,2,,nan,nan,nan,False,nan,,candidate_unavailable,ngc_green_skip_rescue,False,9.21034037197618,13.815510557964274,ngc_certified_ris_only,nan,nan,,decoupled_robust,legacy_multistart,0.0
fig5,force_rescue,23,2043173887,-5.0,snr_db,-5.0,3,3,3,3,full_6d,2043173887,,,nan,,False,,131.5604049738031,0.0009366504286219634,0.0009366504286219634,1.6267383563447536e-05,7.032840511060471e-05,2.5821800030260274e-13,1.035743664702432,False,direct_vp_rollback,global_exact_spherical_vp,main_single_proposed,True,4f624883f993a62a,adaptive_jones,cpu,False,,legacy_least_squares,cpu,explicit,,legacy_least_squares_numerical,False,,,0,0,,,,,,,,fixed_pol_anchor,True,fixed_anchor_then_adaptive_jones_score_selection,fixed_pol_anchor,6.5727103230113215,39.19397674390741,17.662982926166496,0.0,True,3,4,3096396.004938645,nan,"[39.19397674390741,6.5727103230113215,7.222261711580747]","[0.02551412444046656,0.15214423743769556,0.1384607813905855]",,jnpp_then_vp,"[""poor_clock_consistency""]",3096246.546863216,3096560,True,2651762.199931236,64.07560613620869,10.421220075720028,0.1205534276887305,"[5.17042352649764,4.882454979002152,4.969829475204286]",46.64627989078872,51.620950097218156,99.14626475097612,nan,nan,nan,nan,nan,nan,nan,,,nan,nan,nan,nan,nan,nan,nan,nan,nan,,,,nan,nan,nan,nan,nan,,False,,nan,,,nan,nan,nan,,,,,,,,0.0009366504286219634,1.6267383563447536e-05,1.035743664702432,0.0009366255714273276,1.626720960460426e-05,1.0357436647024292,True,rollback,existing_selector_rollback,"[39.19397674390741,6.5727103230113215,7.222261711580747]","[0.02551412444046656,0.15214423743769556,0.1384607813905855]",,"[39.19397674767714,6.572710321963639,7.22226171297876]","[0.025514124438012577,0.1521442374619472,0.13846078136378365]",,2651762.199931236,64.07560613620869,2651762.3476802185,64.07560281422754,ris_only_stage2_then_vp,direct_vp,True,"[""poor_clock_consistency""]",False,1.0,nan,nan,,,nan,nan,nan,False,nan,,,False,,nan,nan,,,nan,nan,nan,False,nan,,,,False,nan,nan,force_ris_only,0.00022977338731934376,0.03829079457231144,3,decoupled_robust,legacy_multistart,0.0
fig5,oracle_init_vp,23,2043173887,-5.0,snr_db,-5.0,3,3,3,3,full_6d,2043173887,,,nan,,False,,32.397232932038605,0.0009366213747000961,0.0009366213747000961,1.6267082387280543e-05,7.033178161131934e-05,2.5819875683864315e-13,1.0357436647024316,False,oracle_init_vp,global_exact_spherical_vp,,False,,adaptive_jones,cupy,True,0,cupy,cupy.linalg.solve,explicit,matrix_free,analytic_reduced_vp_explicit_gradient,False,matrix_free_cpu_only_gpu_backend,,0,0,0,0,,,,,,fixed_pol_anchor,False,,fixed_pol_anchor,nan,nan,nan,nan,False,3,4,3096725.458075429,3096743.372291725,"[39.189806751220395,6.572011030651371,7.22149331553892]","[0.025516839271723882,0.15216042628801174,0.13847551417668955]","[4.000879649112366e-08,9.900860585765595e-08,6.652562153489218e-09]",oracle_init_vp,"[""oracle_truth_initialization""]",nan,,,nan,nan,nan,nan,,0.0,32.39574760897085,32.39574760897085,nan,nan,nan,nan,nan,nan,nan,,,nan,nan,nan,nan,nan,nan,nan,nan,nan,,,,nan,nan,nan,nan,nan,,False,,nan,,,nan,nan,nan,,,,,,,,nan,nan,nan,nan,nan,nan,False,,,,,,,,,nan,nan,nan,nan,,,,[],False,nan,nan,nan,,,nan,nan,nan,False,nan,,,False,,nan,nan,,,nan,nan,nan,False,nan,,,,False,nan,nan,,nan,nan,,,legacy_multistart,
fig5,direct_vp,11,3685333214,-5.0,snr_db,-5.0,3,3,3,3,full_6d,3685333214,,,nan,,False,,134.66027399688028,5.668193201908238e-05,5.668193201908238e-05,8.17489449936671e-06,2.4324415606454114e-05,1.0034976722204165e-12,0.9054006288681186,False,direct_vp,global_exact_spherical_vp,proposed_post_stage1,False,c6889dea82f40b05,adaptive_jones,cpu,False,,legacy_least_squares,cpu,explicit,,legacy_least_squares_numerical,False,,,0,0,,,,,,,,fixed_pol_anchor,True,fixed_anchor_then_adaptive_jones_score_selection,fixed_pol_anchor,3.8724723753694987,103.48034495541062,44.68691826416193,0.0,True,3,10,3126175.4019837123,nan,"[103.48034495541062,3.8724723753694987,26.707937461705683]","[0.009663670915741697,0.2582329589635125,0.03744205262600715]",,direct_vp,"[""poor_clock_consistency""]",3091929.025714227,3096560,True,1900340.9921867116,91.89679132134216,4.0660684620973395,0.5087444991321559,"[6.051067762937558,4.9368653024577105,5.010635381122426]",26.322718364885077,129.37991750705987,156.65252384892665,nan,nan,nan,nan,nan,nan,nan,,,nan,nan,nan,nan,nan,nan,nan,nan,nan,,,,nan,nan,nan,nan,nan,,False,,nan,,,nan,nan,nan,,,,,,,,5.668193201908238e-05,8.17489449936671e-06,0.9054006288681186,nan,nan,nan,False,not_run,not_requested,"[103.48034495541062,3.8724723753694987,26.707937461705683]","[0.009663670915741697,0.2582329589635125,0.03744205262600715]",,,,,1900340.9921867116,91.89679132134216,nan,nan,ris_only_stage2_then_vp,direct_vp,True,"[""poor_clock_consistency""]",False,1.0,nan,nan,,,nan,nan,nan,False,nan,,,False,,nan,nan,,,nan,nan,nan,False,nan,,,,False,nan,nan,reliability_gated,nan,nan,,decoupled_robust,legacy_multistart,0.0
fig5,old_gated,11,3685333214,-5.0,snr_db,-5.0,3,3,3,3,full_6d,3685333214,,,nan,,False,,215.28026403021067,5.6671815758065854e-05,5.6671815758065854e-05,8.174891133905029e-06,2.43221186457125e-05,1.0034986886014429e-12,0.9054006288681151,False,ris_only_stage2_then_vp,global_exact_spherical_vp,main_single_proposed,True,86919f121d468918,adaptive_jones,cpu,False,,legacy_least_squares,cpu,explicit,,legacy_least_squares_numerical,False,,,0,0,,,,,,,,fixed_pol_anchor,True,fixed_anchor_then_adaptive_jones_score_selection,fixed_pol_anchor,3.8724723702264945,103.48034656017371,44.686918786987086,0.0,True,3,10,3126175.4019836984,nan,"[103.48034656017371,3.8724723702264945,26.707937430561053]","[0.009663670765878433,0.25823295930646994,0.03744205266966904]",,jnpp_then_vp,"[""poor_clock_consistency""]",3126025.9439082835,3096560,False,879448.9398735752,191.32175242091714,4.0660684620973395,0.5087444991321559,"[6.051067762937558,4.9368653024577105,5.010635381122426]",26.322718364885077,90.32151826005429,146.99713899591006,nan,nan,nan,nan,nan,nan,nan,,,nan,nan,nan,nan,nan,nan,nan,nan,nan,,,,nan,nan,nan,nan,nan,,False,,nan,,,nan,nan,nan,,,,,,,,0.7000001769943426,0.0344512443349567,0.9153851307498305,5.6671815758065854e-05,8.174891133905029e-06,0.9054006288681151,True,accepted,accepted,"[103.48034495541062,3.8724723753694987,26.707937461705683]","[0.009663670915741697,0.2582329589635125,0.03744205262600715]",,"[103.48034656017371,3.8724723702264945,26.707937430561053]","[0.009663670765878433,0.25823295930646994,0.03744205266966904]",,879448.9398735752,191.32175242091714,1900341.1221282422,91.89678502891694,ris_only_stage2_then_vp,jnpp_then_vp,True,"[""poor_clock_consistency""]",False,1.0,nan,nan,,,nan,nan,nan,False,nan,,,False,,nan,nan,,,nan,nan,nan,False,nan,,,,False,nan,nan,reliability_gated_ris_only,0.7000000350468519,0.16837817971175853,3,decoupled_robust,legacy_multistart,0.0
fig5,adaptive_jones_vp_proposed,11,3685333214,-5.0,snr_db,-5.0,3,3,3,3,full_6d,3685333214,,,nan,,False,,89.25855534896255,0.7000001769943426,0.7000001769943426,0.0344512443349567,0.018448074787656737,5.1711293929735155e-11,0.9153851307498305,True,direct_vp,global_exact_spherical_vp,main_single_proposed,True,fb6087e14f614b59,adaptive_jones,cpu,False,,legacy_least_squares,cpu,explicit,,legacy_least_squares_numerical,False,,,0,0,,,,,,,,fixed_pol_anchor,True,fixed_anchor_then_adaptive_jones_score_selection,fixed_pol_anchor,3.8724723753694987,103.48034495541062,44.68691826416193,0.0,True,3,4,3126175.4019837123,nan,"[103.48034495541062,3.8724723753694987,26.707937461705683]","[0.009663670915741697,0.2582329589635125,0.03744205262600715]",,direct_vp,"[""poor_clock_consistency""]",3126025.9439082835,3096560,False,879448.9398735752,191.32175242091714,4.0660684620973395,0.5087444991321559,"[6.051067762937558,4.9368653024577105,5.010635381122426]",26.322718364885077,84.13040174683556,111.40300808870234,nan,nan,nan,nan,nan,nan,nan,,,nan,nan,nan,nan,nan,nan,nan,nan,nan,,,,nan,nan,nan,nan,nan,,False,,nan,,,nan,nan,nan,,,,,,,,0.7000001769943426,0.0344512443349567,0.9153851307498305,nan,nan,nan,False,not_run,not_requested,"[103.48034495541062,3.8724723753694987,26.707937461705683]","[0.009663670915741697,0.2582329589635125,0.03744205262600715]",,,,,879448.9398735752,191.32175242091714,nan,nan,ris_only_stage2_then_vp,jnpp_then_vp,True,"[""poor_clock_consistency""]",True,1.0,0.4253998914632202,0.4253998914632202,2,data_only_efim_tau_crb,0.18828167981847932,0.13560402127617557,0.13560402127617557,True,0.5610039127393958,green,clock_green,False,ngc_green_skip_rescue,nan,nan,2,,nan,nan,nan,False,nan,,candidate_unavailable,ngc_green_skip_rescue,False,9.21034037197618,13.815510557964274,ngc_certified_ris_only,nan,nan,,decoupled_robust,legacy_multistart,0.0
fig5,force_rescue,11,3685333214,-5.0,snr_db,-5.0,3,3,3,3,full_6d,3685333214,,,nan,,False,,209.54791645985097,5.6671815758065854e-05,5.6671815758065854e-05,8.174891133905029e-06,2.43221186457125e-05,1.0034986886014429e-12,0.9054006288681151,False,ris_only_stage2_then_vp,global_exact_spherical_vp,main_single_proposed,True,5aaccd28efd61554,adaptive_jones,cpu,False,,legacy_least_squares,cpu,explicit,,legacy_least_squares_numerical,False,,,0,0,,,,,,,,fixed_pol_anchor,True,fixed_anchor_then_adaptive_jones_score_selection,fixed_pol_anchor,3.8724723702264945,103.48034656017371,44.686918786987086,0.0,True,3,10,3126175.4019836984,nan,"[103.48034656017371,3.8724723702264945,26.707937430561053]","[0.009663670765878433,0.25823295930646994,0.03744205266966904]",,jnpp_then_vp,"[""poor_clock_consistency""]",3126025.9439082835,3096560,False,879448.9398735752,191.32175242091714,4.0660684620973395,0.5087444991321559,"[6.051067762937558,4.9368653024577105,5.010635381122426]",26.322718364885077,88.30418142699637,143.4523085388355,nan,nan,nan,nan,nan,nan,nan,,,nan,nan,nan,nan,nan,nan,nan,nan,nan,,,,nan,nan,nan,nan,nan,,False,,nan,,,nan,nan,nan,,,,,,,,0.7000001769943426,0.0344512443349567,0.9153851307498305,5.6671815758065854e-05,8.174891133905029e-06,0.9054006288681151,True,accepted,accepted,"[103.48034495541062,3.8724723753694987,26.707937461705683]","[0.009663670915741697,0.2582329589635125,0.03744205262600715]",,"[103.48034656017371,3.8724723702264945,26.707937430561053]","[0.009663670765878433,0.25823295930646994,0.03744205266966904]",,879448.9398735752,191.32175242091714,1900341.1221282422,91.89678502891694,ris_only_stage2_then_vp,jnpp_then_vp,True,"[""poor_clock_consistency""]",False,1.0,nan,nan,,,nan,nan,nan,False,nan,,,False,,nan,nan,,,nan,nan,nan,False,nan,,,,False,nan,nan,force_ris_only,0.7000000350468519,0.16837817971175853,3,decoupled_robust,legacy_multistart,0.0
fig5,oracle_init_vp,11,3685333214,-5.0,snr_db,-5.0,3,3,3,3,full_6d,3685333214,,,nan,,False,,32.67404268588871,5.668668690868551e-05,5.668668690868551e-05,8.174897910067823e-06,2.4323136461311293e-05,1.0034832643931254e-12,0.9054006288681165,False,oracle_init_vp,global_exact_spherical_vp,,False,,adaptive_jones,cupy,True,0,cupy,cupy.linalg.solve,explicit,matrix_free,analytic_reduced_vp_explicit_gradient,False,matrix_free_cpu_only_gpu_backend,,0,0,0,0,,,,,,fixed_pol_anchor,False,,fixed_pol_anchor,nan,nan,nan,nan,False,3,4,3096725.458075429,3096736.0056162123,"[101.737018559354,3.820948784462456,22.204476485787627]","[0.009829263861461173,0.26171510177330537,0.04503596383449362]","[3.1634256669593e-09,3.6196300220865514e-08,1.9457861424976897e-08]",oracle_init_vp,"[""oracle_truth_initialization""]",nan,,,nan,nan,nan,nan,,0.0,32.67250822484493,32.67250822484493,nan,nan,nan,nan,nan,nan,nan,,,nan,nan,nan,nan,nan,nan,nan,nan,nan,,,,nan,nan,nan,nan,nan,,False,,nan,,,nan,nan,nan,,,,,,,,nan,nan,nan,nan,nan,nan,False,,,,,,,,,nan,nan,nan,nan,,,,[],False,nan,nan,nan,,,nan,nan,nan,False,nan,,,False,,nan,nan,,,nan,nan,nan,False,nan,,,,False,nan,nan,,nan,nan,,,legacy_multistart,
fig5,direct_vp,3,3422926171,0.0,snr_db,0.0,3,3,3,3,full_6d,3422926171,,,nan,,False,,58.8100085160695,0.0005148605476302542,0.0005148605476302542,1.1422056360385016e-05,0.00023846665943483324,1.2655607710215245e-12,0.27814473046342897,False,direct_vp,global_exact_spherical_vp,proposed_post_stage1,False,a11f9d6b56cc8cfb,adaptive_jones,cpu,False,,legacy_least_squares,cpu,explicit,,legacy_least_squares_numerical,False,,,0,0,,,,,,,,fixed_pol_anchor,True,fixed_anchor_then_adaptive_jones_score_selection,fixed_pol_anchor,2.106166752631329,8.76462768641353,4.433256097125322,0.0,True,3,4,3097639.536277504,nan,"[8.76462768641353,2.4289738523311066,2.106166752631329]","[0.11409497764992156,0.4116964861675488,0.47479621390307725]",,direct_vp,[],3097490.0782020753,3096560,True,8562001.356229417,79.26211348098252,17.189856276472103,0.06614394343648955,"[4.934496155550932,4.931805944366974,5.073444199160267]",31.965013162000105,53.47284463699907,86.15727734914981,nan,nan,nan,nan,nan,nan,nan,,,nan,nan,nan,nan,nan,nan,nan,nan,nan,,,,nan,nan,nan,nan,nan,,False,,nan,,,nan,nan,nan,,,,,,,,0.0005148605476302542,1.1422056360385016e-05,0.27814473046342897,nan,nan,nan,False,not_run,not_requested,"[8.76462768641353,2.4289738523311066,2.106166752631329]","[0.11409497764992156,0.4116964861675488,0.47479621390307725]",,,,,8562001.356229417,79.26211348098252,nan,nan,direct_vp,direct_vp,False,[],False,1.0,nan,nan,,,nan,nan,nan,False,nan,,,False,,nan,nan,,,nan,nan,nan,False,nan,,,,False,nan,nan,reliability_gated,nan,nan,,decoupled_robust,legacy_multistart,0.0
fig5,old_gated,3,3422926171,0.0,snr_db,0.0,3,3,3,3,full_6d,3422926171,,,nan,,False,,57.67863715183921,0.0005148605476302542,0.0005148605476302542,1.1422056360385016e-05,0.00023846665943483324,1.2655607710215245e-12,0.27814473046342897,False,direct_vp,global_exact_spherical_vp,main_single_proposed,True,05aad755bed63ff6,adaptive_jones,cpu,False,,legacy_least_squares,cpu,explicit,,legacy_least_squares_numerical,False,,,0,0,,,,,,,,fixed_pol_anchor,True,fixed_anchor_then_adaptive_jones_score_selection,fixed_pol_anchor,2.106166752631329,8.76462768641353,4.433256097125322,0.0,True,3,4,3097639.536277504,nan,"[8.76462768641353,2.4289738523311066,2.106166752631329]","[0.11409497764992156,0.4116964861675488,0.47479621390307725]",,direct_vp,[],3097490.0782020753,3096560,True,8562001.356229417,79.26211348098252,17.189856276472103,0.06614394343648955,"[4.934496155550932,4.931805944366974,5.073444199160267]",31.965013162000105,53.00499743595719,85.68943014810793,nan,nan,nan,nan,nan,nan,nan,,,nan,nan,nan,nan,nan,nan,nan,nan,nan,,,,nan,nan,nan,nan,nan,,False,,nan,,,nan,nan,nan,,,,,,,,0.0005148605476302542,1.1422056360385016e-05,0.27814473046342897,nan,nan,nan,False,not_run,not_requested,"[8.76462768641353,2.4289738523311066,2.106166752631329]","[0.11409497764992156,0.4116964861675488,0.47479621390307725]",,,,,8562001.356229417,79.26211348098252,nan,nan,direct_vp,direct_vp,False,[],False,1.0,nan,nan,,,nan,nan,nan,False,nan,,,False,,nan,nan,,,nan,nan,nan,False,nan,,,,False,nan,nan,reliability_gated_ris_only,nan,nan,,decoupled_robust,legacy_multistart,0.0
fig5,adaptive_jones_vp_proposed,3,3422926171,0.0,snr_db,0.0,3,3,3,3,full_6d,3422926171,,,nan,,False,,57.97471902985126,0.0005148605476302542,0.0005148605476302542,1.1422056360385016e-05,0.00023846665943483324,1.2655607710215245e-12,0.27814473046342897,False,direct_vp,global_exact_spherical_vp,main_single_proposed,True,19f26ae1328b5ca4,adaptive_jones,cpu,False,,legacy_least_squares,cpu,explicit,,legacy_least_squares_numerical,False,,,0,0,,,,,,,,fixed_pol_anchor,True,fixed_anchor_then_adaptive_jones_score_selection,fixed_pol_anchor,2.106166752631329,8.76462768641353,4.433256097125322,0.0,True,3,4,3097639.536277504,nan,"[8.76462768641353,2.4289738523311066,2.106166752631329]","[0.11409497764992156,0.4116964861675488,0.47479621390307725]",,direct_vp,[],3097490.0782020753,3096560,True,8562001.356229417,79.26211348098252,17.189856276472103,0.06614394343648955,"[4.934496155550932,4.931805944366974,5.073444199160267]",31.965013162000105,52.903127630008385,85.58756034215912,nan,nan,nan,nan,nan,nan,nan,,,nan,nan,nan,nan,nan,nan,nan,nan,nan,,,,nan,nan,nan,nan,nan,,False,,nan,,,nan,nan,nan,,,,,,,,0.0005148605476302542,1.1422056360385016e-05,0.27814473046342897,nan,nan,nan,False,not_run,not_requested,"[8.76462768641353,2.4289738523311066,2.106166752631329]","[0.11409497764992156,0.4116964861675488,0.47479621390307725]",,,,,8562001.356229417,79.26211348098252,nan,nan,direct_vp,direct_vp,False,[],True,1.0,0.018860082527466925,0.018860082527466925,2,data_only_efim_tau_crb,0.039644338107169566,4.3472647365157445e-05,4.3472647365157445e-05,True,0.018903555174832082,green,clock_green,False,ngc_green_skip_rescue,nan,nan,2,,nan,nan,nan,False,nan,,candidate_unavailable,ngc_green_skip_rescue,False,9.21034037197618,13.815510557964274,ngc_certified_ris_only,nan,nan,,decoupled_robust,legacy_multistart,0.0
fig5,force_rescue,3,3422926171,0.0,snr_db,0.0,3,3,3,3,full_6d,3422926171,,,nan,,False,,130.2285937310662,0.0005148605476302542,0.0005148605476302542,1.1422056360385016e-05,0.00023846665943483324,1.2655607710215245e-12,0.27814473046342897,False,direct_vp_rollback,global_exact_spherical_vp,main_single_proposed,True,537206c36f308cfa,adaptive_jones,cpu,False,,legacy_least_squares,cpu,explicit,,legacy_least_squares_numerical,False,,,0,0,,,,,,,,fixed_pol_anchor,True,fixed_anchor_then_adaptive_jones_score_selection,fixed_pol_anchor,2.106166752631329,8.76462768641353,4.433256097125322,0.0,True,3,4,3097639.536277504,nan,"[8.76462768641353,2.4289738523311066,2.106166752631329]","[0.11409497764992156,0.4116964861675488,0.47479621390307725]",,jnpp_then_vp,[],3097490.0782020753,3096560,True,8562001.356229417,79.26211348098252,17.189856276472103,0.06614394343648955,"[4.934496155550932,4.931805944366974,5.073444199160267]",31.965013162000105,49.97778605786152,82.66221877001226,nan,nan,nan,nan,nan,nan,nan,,,nan,nan,nan,nan,nan,nan,nan,nan,nan,,,,nan,nan,nan,nan,nan,,False,,nan,,,nan,nan,nan,,,,,,,,0.0005148605476302542,1.1422056360385016e-05,0.27814473046342897,0.0005148789600287072,1.1422105125603879e-05,0.2781447304634275,True,rollback,existing_selector_rollback,"[8.76462768641353,2.4289738523311066,2.106166752631329]","[0.11409497764992156,0.4116964861675488,0.47479621390307725]",,"[8.764627690315843,2.4289738522561355,2.1061667530142474]","[0.11409497759912254,0.4116964861802559,0.47479621381675535]",,8562001.356229417,79.26211348098252,8562001.71482427,79.26211020581302,direct_vp,direct_vp,False,[],False,1.0,nan,nan,,,nan,nan,nan,False,nan,,,False,,nan,nan,,,nan,nan,nan,False,nan,,,,False,nan,nan,force_ris_only,0.0008952513542927888,0.037827749015777255,3,decoupled_robust,legacy_multistart,0.0
fig5,oracle_init_vp,3,3422926171,0.0,snr_db,0.0,3,3,3,3,full_6d,3422926171,,,nan,,False,,31.334831029875204,0.0005148717174868191,0.0005148717174868191,1.1422041046790734e-05,0.00023846537172207702,1.265554852540895e-12,0.2781447304634277,False,oracle_init_vp,global_exact_spherical_vp,,False,,adaptive_jones,cupy,True,0,cupy,cupy.linalg.solve,explicit,matrix_free,analytic_reduced_vp_explicit_gradient,False,matrix_free_cpu_only_gpu_backend,,0,0,0,0,,,,,,fixed_pol_anchor,False,,fixed_pol_anchor,nan,nan,nan,nan,False,3,4,3096725.458075429,3096765.7063989034,"[8.767214916680482,2.429690860939545,2.1067884719987644]","[0.11406130789478368,0.4115749933762673,0.47465610016802856]","[3.7210256747674873e-07,4.838290509402714e-07,1.2548597799748004e-07]",oracle_init_vp,"[""oracle_truth_initialization""]",nan,,,nan,nan,nan,nan,,0.0,31.33325445605442,31.33325445605442,nan,nan,nan,nan,nan,nan,nan,,,nan,nan,nan,nan,nan,nan,nan,nan,nan,,,,nan,nan,nan,nan,nan,,False,,nan,,,nan,nan,nan,,,,,,,,nan,nan,nan,nan,nan,nan,False,,,,,,,,,nan,nan,nan,nan,,,,[],False,nan,nan,nan,,,nan,nan,nan,False,nan,,,False,,nan,nan,,,nan,nan,nan,False,nan,,,,False,nan,nan,,nan,nan,,,legacy_multistart,
fig5,direct_vp,14,1092560480,-5.0,snr_db,-5.0,3,3,3,3,full_6d,1092560480,,,nan,,False,,99.26018691412173,0.0006228718226054619,0.0006228718226054619,1.9181982599568265e-05,0.000445133470057912,1.2250450617323702e-12,0.6836063151740367,False,direct_vp,global_exact_spherical_vp,proposed_post_stage1,False,9c3c14d5e9b50e46,adaptive_jones,cpu,False,,legacy_least_squares,cpu,explicit,,legacy_least_squares_numerical,False,,,0,0,,,,,,,,fixed_pol_anchor,True,fixed_anchor_then_adaptive_jones_score_selection,fixed_pol_anchor,8.66024480328022,12.01989310437241,10.68497238455138,0.0,True,3,10,3179552.5555898114,3180772.224246102,"[12.01989310437241,11.37477924600151,8.66024480328022]","[0.08319541540882884,0.08791379404924694,0.11547017696457867]","[1.59108801036861e-07,1.6522068591252169e-07,2.547899586785087e-07]",direct_vp,[],3094527.3717987123,3096560,True,2507723.425214986,68.75081382942405,9.692225035568665,0.07799215222950431,"[5.121347710491847,4.950588948973062,4.9617822450151445]",24.522430002922192,94.7994134509936,119.8036307587754,nan,nan,nan,nan,nan,nan,nan,,,nan,nan,nan,nan,nan,nan,nan,nan,nan,,,,nan,nan,nan,nan,nan,,False,,nan,,,nan,nan,nan,,,,,,,,0.0006228718226054619,1.9181982599568265e-05,0.6836063151740367,nan,nan,nan,False,not_run,not_requested,"[12.01989310437241,11.37477924600151,8.66024480328022]","[0.08319541540882884,0.08791379404924694,0.11547017696457867]","[1.59108801036861e-07,1.6522068591252169e-07,2.547899586785087e-07]",,,,2507723.425214986,68.75081382942405,nan,nan,direct_vp,direct_vp,False,[],False,1.0,nan,nan,,,nan,nan,nan,False,nan,,,False,,nan,nan,,,nan,nan,nan,False,nan,,,,False,nan,nan,reliability_gated,nan,nan,,decoupled_robust,legacy_multistart,0.0
fig5,old_gated,14,1092560480,-5.0,snr_db,-5.0,3,3,3,3,full_6d,1092560480,,,nan,,False,,100.59973612101749,0.0006228718226054619,0.0006228718226054619,1.9181982599568265e-05,0.000445133470057912,1.2250450617323702e-12,0.6836063151740367,False,direct_vp,global_exact_spherical_vp,main_single_proposed,True,b47e5ffe7dba81fa,adaptive_jones,cpu,False,,legacy_least_squares,cpu,explicit,,legacy_least_squares_numerical,False,,,0,0,,,,,,,,fixed_pol_anchor,True,fixed_anchor_then_adaptive_jones_score_selection,fixed_pol_anchor,8.66024480328022,12.01989310437241,10.68497238455138,0.0,True,3,10,3179552.5555898114,3180772.224246102,"[12.01989310437241,11.37477924600151,8.66024480328022]","[0.08319541540882884,0.08791379404924694,0.11547017696457867]","[1.59108801036861e-07,1.6522068591252169e-07,2.547899586785087e-07]",direct_vp,[],3094527.3717987123,3096560,True,2507723.425214986,68.75081382942405,9.692225035568665,0.07799215222950431,"[5.121347710491847,4.950588948973062,4.9617822450151445]",24.522430002922192,96.84141210699454,121.84562941477634,nan,nan,nan,nan,nan,nan,nan,,,nan,nan,nan,nan,nan,nan,nan,nan,nan,,,,nan,nan,nan,nan,nan,,False,,nan,,,nan,nan,nan,,,,,,,,0.0006228718226054619,1.9181982599568265e-05,0.6836063151740367,nan,nan,nan,False,not_run,not_requested,"[12.01989310437241,11.37477924600151,8.66024480328022]","[0.08319541540882884,0.08791379404924694,0.11547017696457867]","[1.59108801036861e-07,1.6522068591252169e-07,2.547899586785087e-07]",,,,2507723.425214986,68.75081382942405,nan,nan,direct_vp,direct_vp,False,[],False,1.0,nan,nan,,,nan,nan,nan,False,nan,,,False,,nan,nan,,,nan,nan,nan,False,nan,,,,False,nan,nan,reliability_gated_ris_only,nan,nan,,decoupled_robust,legacy_multistart,0.0
fig5,adaptive_jones_vp_proposed,14,1092560480,-5.0,snr_db,-5.0,3,3,3,3,full_6d,1092560480,,,nan,,False,,100.63617086596787,0.0006228718226054619,0.0006228718226054619,1.9181982599568265e-05,0.000445133470057912,1.2250450617323702e-12,0.6836063151740367,False,direct_vp,global_exact_spherical_vp,main_single_proposed,True,19aa83cf8d326519,adaptive_jones,cpu,False,,legacy_least_squares,cpu,explicit,,legacy_least_squares_numerical,False,,,0,0,,,,,,,,fixed_pol_anchor,True,fixed_anchor_then_adaptive_jones_score_selection,fixed_pol_anchor,8.66024480328022,12.01989310437241,10.68497238455138,0.0,True,3,10,3179552.5555898114,3180772.224246102,"[12.01989310437241,11.37477924600151,8.66024480328022]","[0.08319541540882884,0.08791379404924694,0.11547017696457867]","[1.59108801036861e-07,1.6522068591252169e-07,2.547899586785087e-07]",direct_vp,[],3094527.3717987123,3096560,True,2507723.425214986,68.75081382942405,9.692225035568665,0.07799215222950431,"[5.121347710491847,4.950588948973062,4.9617822450151445]",24.522430002922192,96.69896811293438,121.70318542071618,nan,nan,nan,nan,nan,nan,nan,,,nan,nan,nan,nan,nan,nan,nan,nan,nan,,,,nan,nan,nan,nan,nan,,False,,nan,,,nan,nan,nan,,,,,,,,0.0006228718226054619,1.9181982599568265e-05,0.6836063151740367,nan,nan,nan,False,not_run,not_requested,"[12.01989310437241,11.37477924600151,8.66024480328022]","[0.08319541540882884,0.08791379404924694,0.11547017696457867]","[1.59108801036861e-07,1.6522068591252169e-07,2.547899586785087e-07]",,,,2507723.425214986,68.75081382942405,nan,nan,direct_vp,direct_vp,False,[],True,1.0,0.007371833092865066,0.007371833092865066,2,data_only_efim_tau_crb,0.024785468008601777,6.172560907291847e-05,6.172560907291847e-05,True,0.007433558701937984,green,clock_green,False,ngc_green_skip_rescue,nan,nan,2,,nan,nan,nan,False,nan,,candidate_unavailable,ngc_green_skip_rescue,False,9.21034037197618,13.815510557964274,ngc_certified_ris_only,nan,nan,,decoupled_robust,legacy_multistart,0.0
fig5,force_rescue,14,1092560480,-5.0,snr_db,-5.0,3,3,3,3,full_6d,1092560480,,,nan,,False,,304.56892255321145,0.0006228718226054619,0.0006228718226054619,1.9181982599568265e-05,0.000445133470057912,1.2250450617323702e-12,0.6836063151740367,False,direct_vp_rollback,global_exact_spherical_vp,main_single_proposed,True,3111c2e6b751c4b7,adaptive_jones,cpu,False,,legacy_least_squares,cpu,explicit,,legacy_least_squares_numerical,False,,,0,0,,,,,,,,fixed_pol_anchor,True,fixed_anchor_then_adaptive_jones_score_selection,fixed_pol_anchor,8.66024480328022,12.01989310437241,10.68497238455138,0.0,True,3,10,3179552.5555898114,3180772.224246102,"[12.01989310437241,11.37477924600151,8.66024480328022]","[0.08319541540882884,0.08791379404924694,0.11547017696457867]","[1.59108801036861e-07,1.6522068591252169e-07,2.547899586785087e-07]",jnpp_then_vp,[],3094527.3717987123,3096560,True,2507723.425214986,68.75081382942405,9.692225035568665,0.07799215222950431,"[5.121347710491847,4.950588948973062,4.9617822450151445]",24.522430002922192,123.98733321600594,148.99155052378774,nan,nan,nan,nan,nan,nan,nan,,,nan,nan,nan,nan,nan,nan,nan,nan,nan,,,,nan,nan,nan,nan,nan,,False,,nan,,,nan,nan,nan,,,,,,,,0.0006228718226054619,1.9181982599568265e-05,0.6836063151740367,0.0006228712078285582,1.918198261745783e-05,0.6836063151740414,True,rollback,existing_selector_rollback,"[12.01989310437241,11.37477924600151,8.66024480328022]","[0.08319541540882884,0.08791379404924694,0.11547017696457867]","[1.59108801036861e-07,1.6522068591252169e-07,2.547899586785087e-07]","[12.019893091670154,11.374779215451298,8.660244816288138]","[0.08319541549674722,0.0879137942853645,0.11547017679113938]","[1.5806642710050215e-07,1.7710282301012531e-07,2.441002358458612e-07]",2507723.425214986,68.75081382942405,2507723.4177367208,68.75081403643327,direct_vp,direct_vp,False,[],False,1.0,nan,nan,,,nan,nan,nan,False,nan,,,False,,nan,nan,,,nan,nan,nan,False,nan,,,,False,nan,nan,force_ris_only,0.700000732166312,0.05324497708622524,3,decoupled_robust,legacy_multistart,0.0
fig5,oracle_init_vp,14,1092560480,-5.0,snr_db,-5.0,3,3,3,3,full_6d,1092560480,,,nan,,False,,43.406098501058295,0.0006228569918308794,0.0006228569918308794,1.918178199227902e-05,0.00044512524888006867,1.2250117850533733e-12,0.6836063151740376,False,oracle_init_vp,global_exact_spherical_vp,,False,,adaptive_jones,cupy,True,0,cupy,cupy.linalg.solve,explicit,matrix_free,analytic_reduced_vp_explicit_gradient,False,matrix_free_cpu_only_gpu_backend,,0,0,0,0,,,,,,fixed_pol_anchor,False,,fixed_pol_anchor,nan,nan,nan,nan,False,3,4,3096725.458075429,3096742.106998858,"[11.846627036118738,11.15493591401033,7.119045022611052]","[0.08441221260189004,0.08964641372191741,0.14046827865489617]","[2.5639296582918857e-08,5.1200770017015326e-08,6.706979891110105e-08]",oracle_init_vp,"[""oracle_truth_initialization""]",nan,,,nan,nan,nan,nan,,0.0,43.40403402992524,43.40403402992524,nan,nan,nan,nan,nan,nan,nan,,,nan,nan,nan,nan,nan,nan,nan,nan,nan,,,,nan,nan,nan,nan,nan,,False,,nan,,,nan,nan,nan,,,,,,,,nan,nan,nan,nan,nan,nan,False,,,,,,,,,nan,nan,nan,nan,,,,[],False,nan,nan,nan,,,nan,nan,nan,False,nan,,,False,,nan,nan,,,nan,nan,nan,False,nan,,,,False,nan,nan,,nan,nan,,,legacy_multistart,
fig5,direct_vp,16,1080178429,-5.0,snr_db,-5.0,3,3,3,3,full_6d,1080178429,,,nan,,False,,159.26837161392905,0.0001506613349978326,0.0001506613349978326,5.911944292148225e-06,0.00012596251929268093,1.7712802736681882e-12,1.5208307015374576,False,direct_vp,global_exact_spherical_vp,proposed_post_stage1,False,4f4f2545673514ff,adaptive_jones,cpu,False,,legacy_least_squares,cpu,explicit,,legacy_least_squares_numerical,False,,,0,0,,,,,,,,fixed_pol_anchor,True,fixed_anchor_then_adaptive_jones_score_selection,fixed_pol_anchor,4.99470847320006,631.658724703017,215.16369253913535,0.0,True,3,10,3101124.589799444,nan,"[8.837644441188974,631.658724703017,4.99470847320006]","[0.11315232318360016,0.0015831333602468723,0.20021188531035833]",,jnpp_then_vp,"[""poor_clock_consistency""]",3100975.131724001,3096560,False,2712945.5567151383,87.55639075692723,5.9001990880273265,0.4702942181673386,"[5.016941895940542,3.9214139049287957,4.7776560164650475]",27.308890871936455,99.39491038885899,128.1000843315851,nan,nan,nan,nan,nan,nan,nan,,,nan,nan,nan,nan,nan,nan,nan,nan,nan,,,,nan,nan,nan,nan,nan,,False,,nan,,,nan,nan,nan,,,,,,,,0.0001506613349978326,5.911944292148225e-06,1.5208307015374576,nan,nan,nan,False,not_run,not_requested,"[8.837644441188974,631.658724703017,4.99470847320006]","[0.11315232318360016,0.0015831333602468723,0.20021188531035833]",,,,,2712945.5567151383,87.55639075692723,nan,nan,ris_only_stage2_then_vp,jnpp_then_vp,True,"[""poor_clock_consistency""]",False,1.0,nan,nan,,,nan,nan,nan,False,nan,,,False,,nan,nan,,,nan,nan,nan,False,nan,,,,False,nan,nan,reliability_gated,nan,nan,,decoupled_robust,legacy_multistart,0.0
fig5,old_gated,16,1080178429,-5.0,snr_db,-5.0,3,3,3,3,full_6d,1080178429,,,nan,,False,,160.5917750080116,0.00015069818000299184,0.00015069818000299184,5.911983166707351e-06,0.0001259802089097045,1.7713079632705538e-12,1.5208307015374645,False,direct_vp_rollback,global_exact_spherical_vp,main_single_proposed,True,cc302f88f0c003fc,adaptive_jones,cpu,False,,legacy_least_squares,cpu,explicit,,legacy_least_squares_numerical,False,,,0,0,,,,,,,,fixed_pol_anchor,True,fixed_anchor_then_adaptive_jones_score_selection,fixed_pol_anchor,4.99470847320006,631.658724703017,215.16369253913535,0.0,True,3,4,3101124.589799444,nan,"[8.837644441188974,631.658724703017,4.99470847320006]","[0.11315232318360016,0.0015831333602468723,0.20021188531035833]",,jnpp_then_vp,"[""poor_clock_consistency""]",3100975.1317240153,3096560,False,2712945.463771374,87.55639502054385,5.9001990880273265,0.4702942181673386,"[5.016941895940542,3.9214139049287957,4.7776560164650475]",27.308890871936455,53.070494920015335,81.77566886274144,nan,nan,nan,nan,nan,nan,nan,,,nan,nan,nan,nan,nan,nan,nan,nan,nan,,,,nan,nan,nan,nan,nan,,False,,nan,,,nan,nan,nan,,,,,,,,0.00015069818000299184,5.911983166707351e-06,1.5208307015374645,0.00015067379180800343,5.9119539490098595e-06,1.5208307015374578,True,rollback,existing_selector_rollback,"[8.837644441188974,631.658724703017,4.99470847320006]","[0.11315232318360016,0.0015831333602468723,0.20021188531035833]",,"[8.837644443560748,631.6587274678058,4.994708472231204]","[0.11315232315323327,0.001583133353317451,0.2002118853491947]",,2712945.463771374,87.55639502054385,2712945.5227920264,87.55639228575117,ris_only_stage2_then_vp,jnpp_then_vp,True,"[""poor_clock_consistency""]",False,1.0,nan,nan,,,nan,nan,nan,False,nan,,,False,,nan,nan,,,nan,nan,nan,False,nan,,,,False,nan,nan,reliability_gated_ris_only,0.0016057176014844187,0.46830287978500473,3,decoupled_robust,legacy_multistart,0.0
fig5,adaptive_jones_vp_proposed,16,1080178429,-5.0,snr_db,-5.0,3,3,3,3,full_6d,1080178429,,,nan,,False,,75.37323225894943,0.00015069818000299184,0.00015069818000299184,5.911983166707351e-06,0.0001259802089097045,1.7713079632705538e-12,1.5208307015374645,False,direct_vp,global_exact_spherical_vp,main_single_proposed,True,281b02a48bc247a0,adaptive_jones,cpu,False,,legacy_least_squares,cpu,explicit,,legacy_least_squares_numerical,False,,,0,0,,,,,,,,fixed_pol_anchor,True,fixed_anchor_then_adaptive_jones_score_selection,fixed_pol_anchor,4.99470847320006,631.658724703017,215.16369253913535,0.0,True,3,4,3101124.589799444,nan,"[8.837644441188974,631.658724703017,4.99470847320006]","[0.11315232318360016,0.0015831333602468723,0.20021188531035833]",,direct_vp,"[""poor_clock_consistency""]",3100975.1317240153,3096560,False,2712945.463771374,87.55639502054385,5.9001990880273265,0.4702942181673386,"[5.016941895940542,3.9214139049287957,4.7776560164650475]",27.308890871936455,68.65528637706302,97.36046031978913,nan,nan,nan,nan,nan,nan,nan,,,nan,nan,nan,nan,nan,nan,nan,nan,nan,,,,nan,nan,nan,nan,nan,,False,,nan,,,nan,nan,nan,,,,,,,,0.00015069818000299184,5.911983166707351e-06,1.5208307015374645,nan,nan,nan,False,not_run,not_requested,"[8.837644441188974,631.658724703017,4.99470847320006]","[0.11315232318360016,0.0015831333602468723,0.20021188531035833]",,,,,2712945.463771374,87.55639502054385,nan,nan,ris_only_stage2_then_vp,jnpp_then_vp,True,"[""poor_clock_consistency""]",True,1.0,4.719194767463082,4.719194767463082,2,data_only_efim_tau_crb,0.6271094247592868,0.0005293566259876969,0.0005293566259876969,True,4.71972412408907,green,clock_green,False,ngc_green_skip_rescue,nan,nan,2,,nan,nan,nan,False,nan,,candidate_unavailable,ngc_green_skip_rescue,False,9.21034037197618,13.815510557964274,ngc_certified_ris_only,nan,nan,,decoupled_robust,legacy_multistart,0.0
fig5,force_rescue,16,1080178429,-5.0,snr_db,-5.0,3,3,3,3,full_6d,1080178429,,,nan,,False,,190.48734201304615,0.00015069818000299184,0.00015069818000299184,5.911983166707351e-06,0.0001259802089097045,1.7713079632705538e-12,1.5208307015374645,False,direct_vp_rollback,global_exact_spherical_vp,main_single_proposed,True,ee374aab4babcbde,adaptive_jones,cpu,False,,legacy_least_squares,cpu,explicit,,legacy_least_squares_numerical,False,,,0,0,,,,,,,,fixed_pol_anchor,True,fixed_anchor_then_adaptive_jones_score_selection,fixed_pol_anchor,4.99470847320006,631.658724703017,215.16369253913535,0.0,True,3,4,3101124.589799444,nan,"[8.837644441188974,631.658724703017,4.99470847320006]","[0.11315232318360016,0.0015831333602468723,0.20021188531035833]",,jnpp_then_vp,"[""poor_clock_consistency""]",3100975.1317240153,3096560,False,2712945.463771374,87.55639502054385,5.9001990880273265,0.4702942181673386,"[5.016941895940542,3.9214139049287957,4.7776560164650475]",27.308890871936455,70.2134442019742,98.9186181447003,nan,nan,nan,nan,nan,nan,nan,,,nan,nan,nan,nan,nan,nan,nan,nan,nan,,,,nan,nan,nan,nan,nan,,False,,nan,,,nan,nan,nan,,,,,,,,0.00015069818000299184,5.911983166707351e-06,1.5208307015374645,0.00015067379180800343,5.9119539490098595e-06,1.5208307015374578,True,rollback,existing_selector_rollback,"[8.837644441188974,631.658724703017,4.99470847320006]","[0.11315232318360016,0.0015831333602468723,0.20021188531035833]",,"[8.837644443560748,631.6587274678058,4.994708472231204]","[0.11315232315323327,0.001583133353317451,0.2002118853491947]",,2712945.463771374,87.55639502054385,2712945.5227920264,87.55639228575117,ris_only_stage2_then_vp,jnpp_then_vp,True,"[""poor_clock_consistency""]",False,1.0,nan,nan,,,nan,nan,nan,False,nan,,,False,,nan,nan,,,nan,nan,nan,False,nan,,,,False,nan,nan,force_ris_only,0.0016057176014844187,0.46830287978500473,3,decoupled_robust,legacy_multistart,0.0
fig5,oracle_init_vp,16,1080178429,-5.0,snr_db,-5.0,3,3,3,3,full_6d,1080178429,,,nan,,False,,26.492372825043276,0.00015066979444322112,0.00015066979444322112,5.9119180204613965e-06,0.00012596615142884408,1.7712814096480562e-12,1.520830701537469,False,oracle_init_vp,global_exact_spherical_vp,,False,,adaptive_jones,cupy,True,0,cupy,cupy.linalg.solve,explicit,matrix_free,analytic_reduced_vp_explicit_gradient,False,matrix_free_cpu_only_gpu_backend,,0,0,0,0,,,,,,fixed_pol_anchor,False,,fixed_pol_anchor,nan,nan,nan,nan,False,3,4,3096725.458075429,3096735.4300101716,"[8.850199589334693,632.5560899277737,5.00180417398428]","[0.11299180203757686,0.001580887474313346,0.19992785907058602]","[2.8845974655468453e-08,2.9987699638480515e-10,1.880230926683868e-08]",oracle_init_vp,"[""oracle_truth_initialization""]",nan,,,nan,nan,nan,nan,,0.0,26.490631313994527,26.490631313994527,nan,nan,nan,nan,nan,nan,nan,,,nan,nan,nan,nan,nan,nan,nan,nan,nan,,,,nan,nan,nan,nan,nan,,False,,nan,,,nan,nan,nan,,,,,,,,nan,nan,nan,nan,nan,nan,False,,,,,,,,,nan,nan,nan,nan,,,,[],False,nan,nan,nan,,,nan,nan,nan,False,nan,,,False,,nan,nan,,,nan,nan,nan,False,nan,,,,False,nan,nan,,nan,nan,,,legacy_multistart,
fig5,direct_vp,1,112311654,0.0,snr_db,0.0,3,3,3,3,full_6d,112311654,,,nan,,False,,77.53868510597385,0.0001275789291552368,0.0001275789291552368,8.866667910864856e-06,0.00010042034594509111,5.861173469094076e-13,0.3038171112657056,False,direct_vp,global_exact_spherical_vp,proposed_post_stage1,False,4dbc91282bbf032c,adaptive_jones,cpu,False,,legacy_least_squares,cpu,explicit,,legacy_least_squares_numerical,False,,,0,0,,,,,,,,fixed_pol_anchor,True,fixed_anchor_then_adaptive_jones_score_selection,fixed_pol_anchor,1.2076586350870129,40.01814924254393,16.029370874394836,0.0,True,3,4,3096579.5278851874,nan,"[6.862304745553567,1.2076586350870129,40.01814924254393]","[0.1457236361648159,0.8280485651698599,0.024988661866872798]",,direct_vp,"[""poor_clock_consistency""]",3096430.0698097586,3096560,True,5104869.983761084,98.49344416962423,7.504357699149864,0.16442310617879485,"[4.990843901560651,4.9952281594534425,4.644262616932099]",45.960262642009184,70.478253825102,117.39557723794132,nan,nan,nan,nan,nan,nan,nan,,,nan,nan,nan,nan,nan,nan,nan,nan,nan,,,,nan,nan,nan,nan,nan,,False,,nan,,,nan,nan,nan,,,,,,,,0.0001275789291552368,8.866667910864856e-06,0.3038171112657056,nan,nan,nan,False,not_run,not_requested,"[6.862304745553567,1.2076586350870129,40.01814924254393]","[0.1457236361648159,0.8280485651698599,0.024988661866872798]",,,,,5104869.983761084,98.49344416962423,nan,nan,ris_only_stage2_then_vp,direct_vp,True,"[""poor_clock_consistency""]",False,1.0,nan,nan,,,nan,nan,nan,False,nan,,,False,,nan,nan,,,nan,nan,nan,False,nan,,,,False,nan,nan,reliability_gated,nan,nan,,decoupled_robust,legacy_multistart,0.0
fig5,old_gated,1,112311654,0.0,snr_db,0.0,3,3,3,3,full_6d,112311654,,,nan,,False,,77.8289085009601,0.0001275789291552368,0.0001275789291552368,8.866667910864856e-06,0.00010042034594509111,5.861173469094076e-13,0.3038171112657056,False,direct_vp,global_exact_spherical_vp,main_single_proposed,True,d6db643b153babe5,adaptive_jones,cpu,False,,legacy_least_squares,cpu,explicit,,legacy_least_squares_numerical,False,,,0,0,,,,,,,,fixed_pol_anchor,True,fixed_anchor_then_adaptive_jones_score_selection,fixed_pol_anchor,1.2076586350870129,40.01814924254393,16.029370874394836,0.0,True,3,4,3096579.5278851874,nan,"[6.862304745553567,1.2076586350870129,40.01814924254393]","[0.1457236361648159,0.8280485651698599,0.024988661866872798]",,direct_vp,"[""poor_clock_consistency""]",3096430.0698097586,3096560,True,5104869.983761084,98.49344416962423,7.504357699149864,0.16442310617879485,"[4.990843901560651,4.9952281594534425,4.644262616932099]",45.960262642009184,71.10247270995751,118.01979612279683,nan,nan,nan,nan,nan,nan,nan,,,nan,nan,nan,nan,nan,nan,nan,nan,nan,,,,nan,nan,nan,nan,nan,,False,,nan,,,nan,nan,nan,,,,,,,,0.0001275789291552368,8.866667910864856e-06,0.3038171112657056,nan,nan,nan,False,not_run,not_requested,"[6.862304745553567,1.2076586350870129,40.01814924254393]","[0.1457236361648159,0.8280485651698599,0.024988661866872798]",,,,,5104869.983761084,98.49344416962423,nan,nan,ris_only_stage2_then_vp,direct_vp,True,"[""poor_clock_consistency""]",False,1.0,nan,nan,,,nan,nan,nan,False,nan,,,False,,nan,nan,,,nan,nan,nan,False,nan,,,,False,nan,nan,reliability_gated_ris_only,nan,nan,,decoupled_robust,legacy_multistart,0.0
fig5,adaptive_jones_vp_proposed,1,112311654,0.0,snr_db,0.0,3,3,3,3,full_6d,112311654,,,nan,,False,,75.77647998603061,0.0001275789291552368,0.0001275789291552368,8.866667910864856e-06,0.00010042034594509111,5.861173469094076e-13,0.3038171112657056,False,direct_vp,global_exact_spherical_vp,main_single_proposed,True,1f797a072d32621d,adaptive_jones,cpu,False,,legacy_least_squares,cpu,explicit,,legacy_least_squares_numerical,False,,,0,0,,,,,,,,fixed_pol_anchor,True,fixed_anchor_then_adaptive_jones_score_selection,fixed_pol_anchor,1.2076586350870129,40.01814924254393,16.029370874394836,0.0,True,3,4,3096579.5278851874,nan,"[6.862304745553567,1.2076586350870129,40.01814924254393]","[0.1457236361648159,0.8280485651698599,0.024988661866872798]",,direct_vp,"[""poor_clock_consistency""]",3096430.0698097586,3096560,True,5104869.983761084,98.49344416962423,7.504357699149864,0.16442310617879485,"[4.990843901560651,4.9952281594534425,4.644262616932099]",45.960262642009184,68.86803582916036,115.78535924199969,nan,nan,nan,nan,nan,nan,nan,,,nan,nan,nan,nan,nan,nan,nan,nan,nan,,,,nan,nan,nan,nan,nan,,False,,nan,,,nan,nan,nan,,,,,,,,0.0001275789291552368,8.866667910864856e-06,0.3038171112657056,nan,nan,nan,False,not_run,not_requested,"[6.862304745553567,1.2076586350870129,40.01814924254393]","[0.1457236361648159,0.8280485651698599,0.024988661866872798]",,,,,5104869.983761084,98.49344416962423,nan,nan,ris_only_stage2_then_vp,direct_vp,True,"[""poor_clock_consistency""]",True,1.0,0.0017148536537215935,0.0017148536537215935,2,data_only_efim_tau_crb,0.011954265813652722,8.314415535887273e-05,8.314415535887273e-05,True,0.0017979978090804662,green,clock_green,False,ngc_green_skip_rescue,nan,nan,2,,nan,nan,nan,False,nan,,candidate_unavailable,ngc_green_skip_rescue,False,9.21034037197618,13.815510557964274,ngc_certified_ris_only,nan,nan,,decoupled_robust,legacy_multistart,0.0
fig5,force_rescue,1,112311654,0.0,snr_db,0.0,3,3,3,3,full_6d,112311654,,,nan,,False,,168.866775454022,0.0001275789291552368,0.0001275789291552368,8.866667910864856e-06,0.00010042034594509111,5.861173469094076e-13,0.3038171112657056,False,direct_vp_rollback,global_exact_spherical_vp,main_single_proposed,True,fced6e68d152a16b,adaptive_jones,cpu,False,,legacy_least_squares,cpu,explicit,,legacy_least_squares_numerical,False,,,0,0,,,,,,,,fixed_pol_anchor,True,fixed_anchor_then_adaptive_jones_score_selection,fixed_pol_anchor,1.2076586350870129,40.01814924254393,16.029370874394836,0.0,True,3,4,3096579.5278851874,nan,"[6.862304745553567,1.2076586350870129,40.01814924254393]","[0.1457236361648159,0.8280485651698599,0.024988661866872798]",,jnpp_then_vp,"[""poor_clock_consistency""]",3096430.0698097586,3096560,True,5104869.983761084,98.49344416962423,7.504357699149864,0.16442310617879485,"[4.990843901560651,4.9952281594534425,4.644262616932099]",45.960262642009184,69.69774191500619,116.61506532784551,nan,nan,nan,nan,nan,nan,nan,,,nan,nan,nan,nan,nan,nan,nan,nan,nan,,,,nan,nan,nan,nan,nan,,False,,nan,,,nan,nan,nan,,,,,,,,0.0001275789291552368,8.866667910864856e-06,0.3038171112657056,0.00012757028297332617,8.866628133744562e-06,0.3038171112657043,True,rollback,existing_selector_rollback,"[6.862304745553567,1.2076586350870129,40.01814924254393]","[0.1457236361648159,0.8280485651698599,0.024988661866872798]",,"[6.862304745222563,1.2076586348190366,40.018149247198295]","[0.14572363617184492,0.8280485653536016,0.024988661863966453]",,5104869.983761084,98.49344416962423,5104869.785474939,98.4934480726143,ris_only_stage2_then_vp,direct_vp,True,"[""poor_clock_consistency""]",False,1.0,nan,nan,,,nan,nan,nan,False,nan,,,False,,nan,nan,,,nan,nan,nan,False,nan,,,,False,nan,nan,force_ris_only,0.00038208316614025435,0.018806662458327295,3,decoupled_robust,legacy_multistart,0.0
fig5,oracle_init_vp,1,112311654,0.0,snr_db,0.0,3,3,3,3,full_6d,112311654,,,nan,,False,,44.565580546157435,0.00012758628677765033,0.00012758628677765033,8.866634871630586e-06,0.00010042208715975144,5.861097601033011e-13,0.30381711126570665,False,oracle_init_vp,global_exact_spherical_vp,,False,,adaptive_jones,cupy,True,0,cupy,cupy.linalg.solve,explicit,matrix_free,analytic_reduced_vp_explicit_gradient,False,matrix_free_cpu_only_gpu_backend,,0,0,0,0,,,,,,fixed_pol_anchor,False,,fixed_pol_anchor,nan,nan,nan,nan,False,3,4,3096725.458075429,3096750.6661527553,"[6.861981350655908,1.2076017224784634,40.01626333692506]","[0.1457305039014063,0.828087589960047,0.024989839544494213]","[2.4920156221056036e-07,1.0657494294389215e-07,8.624888777025147e-09]",oracle_init_vp,"[""oracle_truth_initialization""]",nan,,,nan,nan,nan,nan,,0.0,44.56406763615087,44.56406763615087,nan,nan,nan,nan,nan,nan,nan,,,nan,nan,nan,nan,nan,nan,nan,nan,nan,,,,nan,nan,nan,nan,nan,,False,,nan,,,nan,nan,nan,,,,,,,,nan,nan,nan,nan,nan,nan,False,,,,,,,,,nan,nan,nan,nan,,,,[],False,nan,nan,nan,,,nan,nan,nan,False,nan,,,False,,nan,nan,,,nan,nan,nan,False,nan,,,,False,nan,nan,,nan,nan,,,legacy_multistart,
fig5,direct_vp,6,1919806993,0.0,snr_db,0.0,3,3,3,3,full_6d,1919806993,,,nan,,False,,57.45097749121487,0.00011047178961133895,0.00011047178961133895,2.2971063077468214e-06,3.0384999945562017e-05,3.200551962521358e-13,0.41980149569878,False,direct_vp,global_exact_spherical_vp,proposed_post_stage1,False,333dccbb388c0111,adaptive_jones,cpu,False,,legacy_least_squares,cpu,explicit,,legacy_least_squares_numerical,False,,,0,0,,,,,,,,fixed_pol_anchor,True,fixed_anchor_then_adaptive_jones_score_selection,fixed_pol_anchor,1.8013702914044984,23.539026403452354,9.273901112971116,0.0,True,3,4,3095503.9279300487,nan,"[2.481306644056496,23.539026403452354,1.8013702914044984]","[0.4030134696946187,0.04248264065117816,0.5551329478285751]",,direct_vp,[],3095354.46985462,3096560,True,8244134.204834792,72.22051511223567,21.744628327495825,0.07164689706693464,"[5.094860923110891,5.092166788484743,4.941545745340715]",28.46266858302988,52.2312617180869,82.15062292804942,nan,nan,nan,nan,nan,nan,nan,,,nan,nan,nan,nan,nan,nan,nan,nan,nan,,,,nan,nan,nan,nan,nan,,False,,nan,,,nan,nan,nan,,,,,,,,0.00011047178961133895,2.2971063077468214e-06,0.41980149569878,nan,nan,nan,False,not_run,not_requested,"[2.481306644056496,23.539026403452354,1.8013702914044984]","[0.4030134696946187,0.04248264065117816,0.5551329478285751]",,,,,8244134.204834792,72.22051511223567,nan,nan,direct_vp,direct_vp,False,[],False,1.0,nan,nan,,,nan,nan,nan,False,nan,,,False,,nan,nan,,,nan,nan,nan,False,nan,,,,False,nan,nan,reliability_gated,nan,nan,,decoupled_robust,legacy_multistart,0.0
fig5,old_gated,6,1919806993,0.0,snr_db,0.0,3,3,3,3,full_6d,1919806993,,,nan,,False,,56.75992439687252,0.00011047178961133895,0.00011047178961133895,2.2971063077468214e-06,3.0384999945562017e-05,3.200551962521358e-13,0.41980149569878,False,direct_vp,global_exact_spherical_vp,main_single_proposed,True,49b486db6540c28a,adaptive_jones,cpu,False,,legacy_least_squares,cpu,explicit,,legacy_least_squares_numerical,False,,,0,0,,,,,,,,fixed_pol_anchor,True,fixed_anchor_then_adaptive_jones_score_selection,fixed_pol_anchor,1.8013702914044984,23.539026403452354,9.273901112971116,0.0,True,3,4,3095503.9279300487,nan,"[2.481306644056496,23.539026403452354,1.8013702914044984]","[0.4030134696946187,0.04248264065117816,0.5551329478285751]",,direct_vp,[],3095354.46985462,3096560,True,8244134.204834792,72.22051511223567,21.744628327495825,0.07164689706693464,"[5.094860923110891,5.092166788484743,4.941545745340715]",28.46266858302988,51.90491249714978,81.8242737071123,nan,nan,nan,nan,nan,nan,nan,,,nan,nan,nan,nan,nan,nan,nan,nan,nan,,,,nan,nan,nan,nan,nan,,False,,nan,,,nan,nan,nan,,,,,,,,0.00011047178961133895,2.2971063077468214e-06,0.41980149569878,nan,nan,nan,False,not_run,not_requested,"[2.481306644056496,23.539026403452354,1.8013702914044984]","[0.4030134696946187,0.04248264065117816,0.5551329478285751]",,,,,8244134.204834792,72.22051511223567,nan,nan,direct_vp,direct_vp,False,[],False,1.0,nan,nan,,,nan,nan,nan,False,nan,,,False,,nan,nan,,,nan,nan,nan,False,nan,,,,False,nan,nan,reliability_gated_ris_only,nan,nan,,decoupled_robust,legacy_multistart,0.0
fig5,adaptive_jones_vp_proposed,6,1919806993,0.0,snr_db,0.0,3,3,3,3,full_6d,1919806993,,,nan,,False,,54.77294976194389,0.00011047178961133895,0.00011047178961133895,2.2971063077468214e-06,3.0384999945562017e-05,3.200551962521358e-13,0.41980149569878,False,direct_vp,global_exact_spherical_vp,main_single_proposed,True,53cbca152c003f21,adaptive_jones,cpu,False,,legacy_least_squares,cpu,explicit,,legacy_least_squares_numerical,False,,,0,0,,,,,,,,fixed_pol_anchor,True,fixed_anchor_then_adaptive_jones_score_selection,fixed_pol_anchor,1.8013702914044984,23.539026403452354,9.273901112971116,0.0,True,3,4,3095503.9279300487,nan,"[2.481306644056496,23.539026403452354,1.8013702914044984]","[0.4030134696946187,0.04248264065117816,0.5551329478285751]",,direct_vp,[],3095354.46985462,3096560,True,8244134.204834792,72.22051511223567,21.744628327495825,0.07164689706693464,"[5.094860923110891,5.092166788484743,4.941545745340715]",28.46266858302988,49.85028623789549,79.769647447858,nan,nan,nan,nan,nan,nan,nan,,,nan,nan,nan,nan,nan,nan,nan,nan,nan,,,,nan,nan,nan,nan,nan,,False,,nan,,,nan,nan,nan,,,,,,,,0.00011047178961133895,2.2971063077468214e-06,0.41980149569878,nan,nan,nan,False,not_run,not_requested,"[2.481306644056496,23.539026403452354,1.8013702914044984]","[0.4030134696946187,0.04248264065117816,0.5551329478285751]",,,,,8244134.204834792,72.22051511223567,nan,nan,direct_vp,direct_vp,False,[],True,1.0,0.008589618513139849,0.008589618513139849,2,data_only_efim_tau_crb,0.026754467715909693,3.201910269227983e-05,3.201910269227983e-05,True,0.008621637615832128,green,clock_green,False,ngc_green_skip_rescue,nan,nan,2,,nan,nan,nan,False,nan,,candidate_unavailable,ngc_green_skip_rescue,False,9.21034037197618,13.815510557964274,ngc_certified_ris_only,nan,nan,,decoupled_robust,legacy_multistart,0.0
fig5,force_rescue,6,1919806993,0.0,snr_db,0.0,3,3,3,3,full_6d,1919806993,,,nan,,False,,163.9501904801,0.00011047178961133895,0.00011047178961133895,2.2971063077468214e-06,3.0384999945562017e-05,3.200551962521358e-13,0.41980149569878,False,direct_vp_rollback,global_exact_spherical_vp,main_single_proposed,True,ea254f29e3257962,adaptive_jones,cpu,False,,legacy_least_squares,cpu,explicit,,legacy_least_squares_numerical,False,,,0,0,,,,,,,,fixed_pol_anchor,True,fixed_anchor_then_adaptive_jones_score_selection,fixed_pol_anchor,1.8013702914044984,23.539026403452354,9.273901112971116,0.0,True,3,4,3095503.9279300487,nan,"[2.481306644056496,23.539026403452354,1.8013702914044984]","[0.4030134696946187,0.04248264065117816,0.5551329478285751]",,jnpp_then_vp,[],3095354.46985462,3096560,True,8244134.204834792,72.22051511223567,21.744628327495825,0.07164689706693464,"[5.094860923110891,5.092166788484743,4.941545745340715]",28.46266858302988,54.97017089603469,84.8895321059972,nan,nan,nan,nan,nan,nan,nan,,,nan,nan,nan,nan,nan,nan,nan,nan,nan,,,,nan,nan,nan,nan,nan,,False,,nan,,,nan,nan,nan,,,,,,,,0.00011047178961133895,2.2971063077468214e-06,0.41980149569878,0.00011046955744751368,2.2971321902897108e-06,0.41980149569878167,True,rollback,existing_selector_rollback,"[2.481306644056496,23.539026403452354,1.8013702914044984]","[0.4030134696946187,0.04248264065117816,0.5551329478285751]",,"[2.4813066440582503,23.539026401807202,1.801370291593122]","[0.40301346969433377,0.04248264065414729,0.5551329477704465]",,8244134.204834792,72.22051511223567,8244134.230160191,72.22051490927655,direct_vp,direct_vp,False,[],False,1.0,nan,nan,,,nan,nan,nan,False,nan,,,False,,nan,nan,,,nan,nan,nan,False,nan,,,,False,nan,nan,force_ris_only,6.91040129757344e-05,0.001280437581330212,3,decoupled_robust,legacy_multistart,0.0
fig5,oracle_init_vp,6,1919806993,0.0,snr_db,0.0,3,3,3,3,full_6d,1919806993,,,nan,,False,,44.22274301503785,0.00011047717306849554,0.00011047717306849554,2.2970835280051237e-06,3.038363499532596e-05,3.200546378020478e-13,0.4198014956987804,False,oracle_init_vp,global_exact_spherical_vp,,False,,adaptive_jones,cupy,True,0,cupy,cupy.linalg.solve,explicit,matrix_free,analytic_reduced_vp_explicit_gradient,False,matrix_free_cpu_only_gpu_backend,,0,0,0,0,,,,,,fixed_pol_anchor,False,,fixed_pol_anchor,nan,nan,nan,nan,False,3,4,3096725.458075429,3096750.1125290645,"[2.480327823918623,23.529740788895946,1.8006596909913488]","[0.40317251225994744,0.042499405707366995,0.5553520218179882]","[2.2645301764483074e-08,4.817691877920044e-08,5.26369028087786e-08]",oracle_init_vp,"[""oracle_truth_initialization""]",nan,,,nan,nan,nan,nan,,0.0,44.221037744078785,44.221037744078785,nan,nan,nan,nan,nan,nan,nan,,,nan,nan,nan,nan,nan,nan,nan,nan,nan,,,,nan,nan,nan,nan,nan,,False,,nan,,,nan,nan,nan,,,,,,,,nan,nan,nan,nan,nan,nan,False,,,,,,,,,nan,nan,nan,nan,,,,[],False,nan,nan,nan,,,nan,nan,nan,False,nan,,,False,,nan,nan,,,nan,nan,nan,False,nan,,,,False,nan,nan,,nan,nan,,,legacy_multistart,
fig5,direct_vp,8,641399591,0.0,snr_db,0.0,3,3,3,3,full_6d,641399591,,,nan,,False,,56.44370841491036,0.00022619335308527195,0.00022619335308527195,3.7381698104339e-06,4.394249466694971e-05,1.863042317070731e-13,0.22558786920274132,False,direct_vp,global_exact_spherical_vp,proposed_post_stage1,False,3652fb85a7c9a136,adaptive_jones,cpu,False,,legacy_least_squares,cpu,explicit,,legacy_least_squares_numerical,False,,,0,0,,,,,,,,fixed_pol_anchor,True,fixed_anchor_then_adaptive_jones_score_selection,fixed_pol_anchor,2.181507630408552,10.403343704702602,4.944584973587307,0.0,True,3,4,3098034.105536683,nan,"[10.403343704702602,2.248903585650765,2.181507630408552]","[0.09612294165937905,0.44466112570512056,0.45839857998137684]",,direct_vp,"[""poor_clock_consistency""]",3097884.647461254,3096560,True,8541703.865743421,78.32999200884615,12.37728910494243,0.10888609839992044,"[4.805393564219163,5.024894660111695,5.046358717251488]",27.66441900911741,51.14458388299681,79.66452656802721,nan,nan,nan,nan,nan,nan,nan,,,nan,nan,nan,nan,nan,nan,nan,nan,nan,,,,nan,nan,nan,nan,nan,,False,,nan,,,nan,nan,nan,,,,,,,,0.00022619335308527195,3.7381698104339e-06,0.22558786920274132,nan,nan,nan,False,not_run,not_requested,"[10.403343704702602,2.248903585650765,2.181507630408552]","[0.09612294165937905,0.44466112570512056,0.45839857998137684]",,,,,8541703.865743421,78.32999200884615,nan,nan,ris_only_stage2_then_vp,direct_vp,True,"[""poor_clock_consistency""]",False,1.0,nan,nan,,,nan,nan,nan,False,nan,,,False,,nan,nan,,,nan,nan,nan,False,nan,,,,False,nan,nan,reliability_gated,nan,nan,,decoupled_robust,legacy_multistart,0.0
fig5,old_gated,8,641399591,0.0,snr_db,0.0,3,3,3,3,full_6d,641399591,,,nan,,False,,57.24199993698858,0.00022619335308527195,0.00022619335308527195,3.7381698104339e-06,4.394249466694971e-05,1.863042317070731e-13,0.22558786920274132,False,direct_vp,global_exact_spherical_vp,main_single_proposed,True,277b22a4e00e9dee,adaptive_jones,cpu,False,,legacy_least_squares,cpu,explicit,,legacy_least_squares_numerical,False,,,0,0,,,,,,,,fixed_pol_anchor,True,fixed_anchor_then_adaptive_jones_score_selection,fixed_pol_anchor,2.181507630408552,10.403343704702602,4.944584973587307,0.0,True,3,4,3098034.105536683,nan,"[10.403343704702602,2.248903585650765,2.181507630408552]","[0.09612294165937905,0.44466112570512056,0.45839857998137684]",,direct_vp,"[""poor_clock_consistency""]",3097884.647461254,3096560,True,8541703.865743421,78.32999200884615,12.37728910494243,0.10888609839992044,"[4.805393564219163,5.024894660111695,5.046358717251488]",27.66441900911741,52.45681455708109,80.97675724211149,nan,nan,nan,nan,nan,nan,nan,,,nan,nan,nan,nan,nan,nan,nan,nan,nan,,,,nan,nan,nan,nan,nan,,False,,nan,,,nan,nan,nan,,,,,,,,0.00022619335308527195,3.7381698104339e-06,0.22558786920274132,nan,nan,nan,False,not_run,not_requested,"[10.403343704702602,2.248903585650765,2.181507630408552]","[0.09612294165937905,0.44466112570512056,0.45839857998137684]",,,,,8541703.865743421,78.32999200884615,nan,nan,ris_only_stage2_then_vp,direct_vp,True,"[""poor_clock_consistency""]",False,1.0,nan,nan,,,nan,nan,nan,False,nan,,,False,,nan,nan,,,nan,nan,nan,False,nan,,,,False,nan,nan,reliability_gated_ris_only,nan,nan,,decoupled_robust,legacy_multistart,0.0
fig5,adaptive_jones_vp_proposed,8,641399591,0.0,snr_db,0.0,3,3,3,3,full_6d,641399591,,,nan,,False,,54.956008952111006,0.00022619335308527195,0.00022619335308527195,3.7381698104339e-06,4.394249466694971e-05,1.863042317070731e-13,0.22558786920274132,False,direct_vp,global_exact_spherical_vp,main_single_proposed,True,e57cbfdf046cf2b9,adaptive_jones,cpu,False,,legacy_least_squares,cpu,explicit,,legacy_least_squares_numerical,False,,,0,0,,,,,,,,fixed_pol_anchor,True,fixed_anchor_then_adaptive_jones_score_selection,fixed_pol_anchor,2.181507630408552,10.403343704702602,4.944584973587307,0.0,True,3,4,3098034.105536683,nan,"[10.403343704702602,2.248903585650765,2.181507630408552]","[0.09612294165937905,0.44466112570512056,0.45839857998137684]",,direct_vp,"[""poor_clock_consistency""]",3097884.647461254,3096560,True,8541703.865743421,78.32999200884615,12.37728910494243,0.10888609839992044,"[4.805393564219163,5.024894660111695,5.046358717251488]",27.66441900911741,50.20938822510652,78.72933091013692,nan,nan,nan,nan,nan,nan,nan,,,nan,nan,nan,nan,nan,nan,nan,nan,nan,,,,nan,nan,nan,nan,nan,,False,,nan,,,nan,nan,nan,,,,,,,,0.00022619335308527195,3.7381698104339e-06,0.22558786920274132,nan,nan,nan,False,not_run,not_requested,"[10.403343704702602,2.248903585650765,2.181507630408552]","[0.09612294165937905,0.44466112570512056,0.45839857998137684]",,,,,8541703.865743421,78.32999200884615,nan,nan,ris_only_stage2_then_vp,direct_vp,True,"[""poor_clock_consistency""]",True,1.0,0.015350484244664864,0.015350484244664864,2,data_only_efim_tau_crb,0.03576600369609022,2.349423321531924e-05,2.349423321531924e-05,True,0.015373978477880183,green,clock_green,False,ngc_green_skip_rescue,nan,nan,2,,nan,nan,nan,False,nan,,candidate_unavailable,ngc_green_skip_rescue,False,9.21034037197618,13.815510557964274,ngc_certified_ris_only,nan,nan,,decoupled_robust,legacy_multistart,0.0
fig5,force_rescue,8,641399591,0.0,snr_db,0.0,3,3,3,3,full_6d,641399591,,,nan,,False,,125.38379809306934,0.00022619335308527195,0.00022619335308527195,3.7381698104339e-06,4.394249466694971e-05,1.863042317070731e-13,0.22558786920274132,False,direct_vp_rollback,global_exact_spherical_vp,main_single_proposed,True,f0e3445ef8648637,adaptive_jones,cpu,False,,legacy_least_squares,cpu,explicit,,legacy_least_squares_numerical,False,,,0,0,,,,,,,,fixed_pol_anchor,True,fixed_anchor_then_adaptive_jones_score_selection,fixed_pol_anchor,2.181507630408552,10.403343704702602,4.944584973587307,0.0,True,3,4,3098034.105536683,nan,"[10.403343704702602,2.248903585650765,2.181507630408552]","[0.09612294165937905,0.44466112570512056,0.45839857998137684]",,jnpp_then_vp,"[""poor_clock_consistency""]",3097884.647461254,3096560,True,8541703.865743421,78.32999200884615,12.37728910494243,0.10888609839992044,"[4.805393564219163,5.024894660111695,5.046358717251488]",27.66441900911741,52.047272845869884,80.56721553090028,nan,nan,nan,nan,nan,nan,nan,,,nan,nan,nan,nan,nan,nan,nan,nan,nan,,,,nan,nan,nan,nan,nan,,False,,nan,,,nan,nan,nan,,,,,,,,0.00022619335308527195,3.7381698104339e-06,0.22558786920274132,0.00022618387370287586,3.738183993062526e-06,0.22558786920274065,True,rollback,existing_selector_rollback,"[10.403343704702602,2.248903585650765,2.181507630408552]","[0.09612294165937905,0.44466112570512056,0.45839857998137684]",,"[10.403343704119413,2.248903585997625,2.18150763138343]","[0.09612294166476751,0.4446611256365382,0.45839857977652654]",,8541703.865743421,78.32999200884615,8541703.689928662,78.32999346290319,ris_only_stage2_then_vp,direct_vp,True,"[""poor_clock_consistency""]",False,1.0,nan,nan,,,nan,nan,nan,False,nan,,,False,,nan,nan,,,nan,nan,nan,False,nan,,,,False,nan,nan,force_ris_only,0.0004520309811751825,0.017459804055279006,3,decoupled_robust,legacy_multistart,0.0
fig5,oracle_init_vp,8,641399591,0.0,snr_db,0.0,3,3,3,3,full_6d,641399591,,,nan,,False,,33.6204906499479,0.0002261924768109271,0.0002261924768109271,3.738164118603307e-06,4.3942209047176624e-05,1.863023345406972e-13,0.2255878692027412,False,oracle_init_vp,global_exact_spherical_vp,,False,,adaptive_jones,cupy,True,0,cupy,cupy.linalg.solve,explicit,matrix_free,analytic_reduced_vp_explicit_gradient,False,matrix_free_cpu_only_gpu_backend,,0,0,0,0,,,,,,fixed_pol_anchor,False,,fixed_pol_anchor,nan,nan,nan,nan,False,3,4,3096725.458075429,3096751.4219265725,"[10.407740274436353,2.2498539973160288,2.182429559823997]","[0.09608233618644453,0.4444732863513382,0.45820493747274166]","[9.151798753548215e-08,1.6530089126293365e-07,2.4612105450218512e-08]",oracle_init_vp,"[""oracle_truth_initialization""]",nan,,,nan,nan,nan,nan,,0.0,33.61902539501898,33.61902539501898,nan,nan,nan,nan,nan,nan,nan,,,nan,nan,nan,nan,nan,nan,nan,nan,nan,,,,nan,nan,nan,nan,nan,,False,,nan,,,nan,nan,nan,,,,,,,,nan,nan,nan,nan,nan,nan,False,,,,,,,,,nan,nan,nan,nan,,,,[],False,nan,nan,nan,,,nan,nan,nan,False,nan,,,False,,nan,nan,,,nan,nan,nan,False,nan,,,,False,nan,nan,,nan,nan,,,legacy_multistart,
fig5,direct_vp,10,781873798,0.0,snr_db,0.0,3,3,3,3,full_6d,781873798,,,nan,,False,,75.57242858596146,0.00022846909320716925,0.00022846909320716925,4.193909894415826e-06,0.00020338440882118567,2.0883417751233421e-13,0.2203603085708478,False,direct_vp,global_exact_spherical_vp,proposed_post_stage1,False,2a3d3664e7adf323,adaptive_jones,cpu,False,,legacy_least_squares,cpu,explicit,,legacy_least_squares_numerical,False,,,0,0,,,,,,,,fixed_pol_anchor,True,fixed_anchor_then_adaptive_jones_score_selection,fixed_pol_anchor,1.3969315474969832,35.9485752635463,13.75329603656625,0.0,True,3,4,3094418.6247788863,nan,"[3.9143812986554662,35.9485752635463,1.3969315474969832]","[0.25546821418229526,0.02781751411934544,0.7158546900815572]",,direct_vp,[],3094269.1667034575,3096560,True,8155993.065908168,81.21478510150624,13.94707257763484,0.07707794301580624,"[5.0007533035959115,5.1732515836377955,5.020535915311929]",47.28583183186129,69.71946950396523,117.8934006858617,nan,nan,nan,nan,nan,nan,nan,,,nan,nan,nan,nan,nan,nan,nan,nan,nan,,,,nan,nan,nan,nan,nan,,False,,nan,,,nan,nan,nan,,,,,,,,0.00022846909320716925,4.193909894415826e-06,0.2203603085708478,nan,nan,nan,False,not_run,not_requested,"[3.9143812986554662,35.9485752635463,1.3969315474969832]","[0.25546821418229526,0.02781751411934544,0.7158546900815572]",,,,,8155993.065908168,81.21478510150624,nan,nan,direct_vp,direct_vp,False,[],False,1.0,nan,nan,,,nan,nan,nan,False,nan,,,False,,nan,nan,,,nan,nan,nan,False,nan,,,,False,nan,nan,reliability_gated,nan,nan,,decoupled_robust,legacy_multistart,0.0
fig5,old_gated,10,781873798,0.0,snr_db,0.0,3,3,3,3,full_6d,781873798,,,nan,,False,,54.83201275905594,0.00022846909320716925,0.00022846909320716925,4.193909894415826e-06,0.00020338440882118567,2.0883417751233421e-13,0.2203603085708478,False,direct_vp,global_exact_spherical_vp,main_single_proposed,True,d7a4e7a37c3cef9e,adaptive_jones,cpu,False,,legacy_least_squares,cpu,explicit,,legacy_least_squares_numerical,False,,,0,0,,,,,,,,fixed_pol_anchor,True,fixed_anchor_then_adaptive_jones_score_selection,fixed_pol_anchor,1.3969315474969832,35.9485752635463,13.75329603656625,0.0,True,3,4,3094418.6247788863,nan,"[3.9143812986554662,35.9485752635463,1.3969315474969832]","[0.25546821418229526,0.02781751411934544,0.7158546900815572]",,direct_vp,[],3094269.1667034575,3096560,True,8155993.065908168,81.21478510150624,13.94707257763484,0.07707794301580624,"[5.0007533035959115,5.1732515836377955,5.020535915311929]",47.28583183186129,50.2536398221273,98.42757100402378,nan,nan,nan,nan,nan,nan,nan,,,nan,nan,nan,nan,nan,nan,nan,nan,nan,,,,nan,nan,nan,nan,nan,,False,,nan,,,nan,nan,nan,,,,,,,,0.00022846909320716925,4.193909894415826e-06,0.2203603085708478,nan,nan,nan,False,not_run,not_requested,"[3.9143812986554662,35.9485752635463,1.3969315474969832]","[0.25546821418229526,0.02781751411934544,0.7158546900815572]",,,,,8155993.065908168,81.21478510150624,nan,nan,direct_vp,direct_vp,False,[],False,1.0,nan,nan,,,nan,nan,nan,False,nan,,,False,,nan,nan,,,nan,nan,nan,False,nan,,,,False,nan,nan,reliability_gated_ris_only,nan,nan,,decoupled_robust,legacy_multistart,0.0
fig5,adaptive_jones_vp_proposed,10,781873798,0.0,snr_db,0.0,3,3,3,3,full_6d,781873798,,,nan,,False,,57.48825395293534,0.00022846909320716925,0.00022846909320716925,4.193909894415826e-06,0.00020338440882118567,2.0883417751233421e-13,0.2203603085708478,False,direct_vp,global_exact_spherical_vp,main_single_proposed,True,4b7887bf91011451,adaptive_jones,cpu,False,,legacy_least_squares,cpu,explicit,,legacy_least_squares_numerical,False,,,0,0,,,,,,,,fixed_pol_anchor,True,fixed_anchor_then_adaptive_jones_score_selection,fixed_pol_anchor,1.3969315474969832,35.9485752635463,13.75329603656625,0.0,True,3,4,3094418.6247788863,nan,"[3.9143812986554662,35.9485752635463,1.3969315474969832]","[0.25546821418229526,0.02781751411934544,0.7158546900815572]",,direct_vp,[],3094269.1667034575,3096560,True,8155993.065908168,81.21478510150624,13.94707257763484,0.07707794301580624,"[5.0007533035959115,5.1732515836377955,5.020535915311929]",47.28583183186129,52.50316385389306,100.67709503578953,nan,nan,nan,nan,nan,nan,nan,,,nan,nan,nan,nan,nan,nan,nan,nan,nan,,,,nan,nan,nan,nan,nan,,False,,nan,,,nan,nan,nan,,,,,,,,0.00022846909320716925,4.193909894415826e-06,0.2203603085708478,nan,nan,nan,False,not_run,not_requested,"[3.9143812986554662,35.9485752635463,1.3969315474969832]","[0.25546821418229526,0.02781751411934544,0.7158546900815572]",,,,,8155993.065908168,81.21478510150624,nan,nan,direct_vp,direct_vp,False,[],True,1.0,0.005795974731984193,0.005795974731984193,2,data_only_efim_tau_crb,0.021977213070178307,5.172918470938277e-05,5.172918470938277e-05,True,0.005847703916693575,green,clock_green,False,ngc_green_skip_rescue,nan,nan,2,,nan,nan,nan,False,nan,,candidate_unavailable,ngc_green_skip_rescue,False,9.21034037197618,13.815510557964274,ngc_certified_ris_only,nan,nan,,decoupled_robust,legacy_multistart,0.0
fig5,force_rescue,10,781873798,0.0,snr_db,0.0,3,3,3,3,full_6d,781873798,,,nan,,False,,124.26521262782626,0.00022846909320716925,0.00022846909320716925,4.193909894415826e-06,0.00020338440882118567,2.0883417751233421e-13,0.2203603085708478,False,direct_vp_rollback,global_exact_spherical_vp,main_single_proposed,True,d8b7605236600c6e,adaptive_jones,cpu,False,,legacy_least_squares,cpu,explicit,,legacy_least_squares_numerical,False,,,0,0,,,,,,,,fixed_pol_anchor,True,fixed_anchor_then_adaptive_jones_score_selection,fixed_pol_anchor,1.3969315474969832,35.9485752635463,13.75329603656625,0.0,True,3,4,3094418.6247788863,nan,"[3.9143812986554662,35.9485752635463,1.3969315474969832]","[0.25546821418229526,0.02781751411934544,0.7158546900815572]",,jnpp_then_vp,[],3094269.1667034575,3096560,True,8155993.065908168,81.21478510150624,13.94707257763484,0.07707794301580624,"[5.0007533035959115,5.1732515836377955,5.020535915311929]",47.28583183186129,52.43647124292329,100.61040242481977,nan,nan,nan,nan,nan,nan,nan,,,nan,nan,nan,nan,nan,nan,nan,nan,nan,,,,nan,nan,nan,nan,nan,,False,,nan,,,nan,nan,nan,,,,,,,,0.00022846909320716925,4.193909894415826e-06,0.2203603085708478,0.00022846837808007252,4.1938973511822984e-06,0.2203603085708475,True,rollback,existing_selector_rollback,"[3.9143812986554662,35.9485752635463,1.3969315474969832]","[0.25546821418229526,0.02781751411934544,0.7158546900815572]",,"[3.9143812985062825,35.94857526669886,1.3969315474946296]","[0.2554682141920316,0.027817514116905948,0.7158546900827634]",,8155993.065908168,81.21478510150624,8155993.164799879,81.21478372809891,direct_vp,direct_vp,False,[],False,1.0,nan,nan,,,nan,nan,nan,False,nan,,,False,,nan,nan,,,nan,nan,nan,False,nan,,,,False,nan,nan,force_ris_only,0.0005686409481395991,0.051615340416445936,3,decoupled_robust,legacy_multistart,0.0
fig5,oracle_init_vp,10,781873798,0.0,snr_db,0.0,3,3,3,3,full_6d,781873798,,,nan,,False,,34.44595826393925,0.00022847091830056305,0.00022847091830056305,4.19389312331571e-06,0.00020338462047428827,2.0882699081738057e-13,0.22036030857084812,False,oracle_init_vp,global_exact_spherical_vp,,False,,adaptive_jones,cupy,True,0,cupy,cupy.linalg.solve,explicit,matrix_free,analytic_reduced_vp_explicit_gradient,False,matrix_free_cpu_only_gpu_backend,,0,0,0,0,,,,,,fixed_pol_anchor,False,,fixed_pol_anchor,nan,nan,nan,nan,False,3,4,3096725.458075429,3096751.9578847582,"[3.9114652307411735,35.921794921769795,1.3958908857597736]","[0.2556586703460486,0.027838252574568463,0.7163883726157515]","[1.965838732111065e-08,3.5041624439385506e-08,3.282837643727537e-07]",oracle_init_vp,"[""oracle_truth_initialization""]",nan,,,nan,nan,nan,nan,,0.0,34.44421176589094,34.44421176589094,nan,nan,nan,nan,nan,nan,nan,,,nan,nan,nan,nan,nan,nan,nan,nan,nan,,,,nan,nan,nan,nan,nan,,False,,nan,,,nan,nan,nan,,,,,,,,nan,nan,nan,nan,nan,nan,False,,,,,,,,,nan,nan,nan,nan,,,,[],False,nan,nan,nan,,,nan,nan,nan,False,nan,,,False,,nan,nan,,,nan,nan,nan,False,nan,,,,False,nan,nan,,nan,nan,,,legacy_multistart,
fig5,direct_vp,13,634888206,0.0,snr_db,0.0,3,3,3,3,full_6d,634888206,,,nan,,False,,46.18582565989345,0.0005031954666698475,0.0005031954666698475,4.155434311998042e-06,0.00013175176392970646,6.964427826023917e-13,0.20446468052867553,False,direct_vp,global_exact_spherical_vp,proposed_post_stage1,False,14a6e0ea83b7cf45,adaptive_jones,cpu,False,,legacy_least_squares,cpu,explicit,,legacy_least_squares_numerical,False,,,0,0,,,,,,,,fixed_pol_anchor,True,fixed_anchor_then_adaptive_jones_score_selection,fixed_pol_anchor,1.7016758119757527,25.774705128446435,10.059059025072685,0.0,True,3,4,3095329.0560010755,nan,"[1.7016758119757527,25.774705128446435,2.700796134795864]","[0.5876559994334264,0.038797728043475005,0.3702611933991393]",,direct_vp,[],3095179.5979256467,3096560,True,7540965.159455261,80.63071944641922,19.249329119547745,0.08133080489212675,"[5.005644027280729,5.2023460886851245,5.131333190495067]",21.768041502917185,41.81803893810138,64.39586620917544,nan,nan,nan,nan,nan,nan,nan,,,nan,nan,nan,nan,nan,nan,nan,nan,nan,,,,nan,nan,nan,nan,nan,,False,,nan,,,nan,nan,nan,,,,,,,,0.0005031954666698475,4.155434311998042e-06,0.20446468052867553,nan,nan,nan,False,not_run,not_requested,"[1.7016758119757527,25.774705128446435,2.700796134795864]","[0.5876559994334264,0.038797728043475005,0.3702611933991393]",,,,,7540965.159455261,80.63071944641922,nan,nan,direct_vp,direct_vp,False,[],False,1.0,nan,nan,,,nan,nan,nan,False,nan,,,False,,nan,nan,,,nan,nan,nan,False,nan,,,,False,nan,nan,reliability_gated,nan,nan,,decoupled_robust,legacy_multistart,0.0
fig5,old_gated,13,634888206,0.0,snr_db,0.0,3,3,3,3,full_6d,634888206,,,nan,,False,,47.375561143038794,0.0005031954666698475,0.0005031954666698475,4.155434311998042e-06,0.00013175176392970646,6.964427826023917e-13,0.20446468052867553,False,direct_vp,global_exact_spherical_vp,main_single_proposed,True,e049772416eb9585,adaptive_jones,cpu,False,,legacy_least_squares,cpu,explicit,,legacy_least_squares_numerical,False,,,0,0,,,,,,,,fixed_pol_anchor,True,fixed_anchor_then_adaptive_jones_score_selection,fixed_pol_anchor,1.7016758119757527,25.774705128446435,10.059059025072685,0.0,True,3,4,3095329.0560010755,nan,"[1.7016758119757527,25.774705128446435,2.700796134795864]","[0.5876559994334264,0.038797728043475005,0.3702611933991393]",,direct_vp,[],3095179.5979256467,3096560,True,7540965.159455261,80.63071944641922,19.249329119547745,0.08133080489212675,"[5.005644027280729,5.2023460886851245,5.131333190495067]",21.768041502917185,42.56611133390106,65.14393860497512,nan,nan,nan,nan,nan,nan,nan,,,nan,nan,nan,nan,nan,nan,nan,nan,nan,,,,nan,nan,nan,nan,nan,,False,,nan,,,nan,nan,nan,,,,,,,,0.0005031954666698475,4.155434311998042e-06,0.20446468052867553,nan,nan,nan,False,not_run,not_requested,"[1.7016758119757527,25.774705128446435,2.700796134795864]","[0.5876559994334264,0.038797728043475005,0.3702611933991393]",,,,,7540965.159455261,80.63071944641922,nan,nan,direct_vp,direct_vp,False,[],False,1.0,nan,nan,,,nan,nan,nan,False,nan,,,False,,nan,nan,,,nan,nan,nan,False,nan,,,,False,nan,nan,reliability_gated_ris_only,nan,nan,,decoupled_robust,legacy_multistart,0.0
fig5,adaptive_jones_vp_proposed,13,634888206,0.0,snr_db,0.0,3,3,3,3,full_6d,634888206,,,nan,,False,,54.59614118305035,0.0005031954666698475,0.0005031954666698475,4.155434311998042e-06,0.00013175176392970646,6.964427826023917e-13,0.20446468052867553,False,direct_vp,global_exact_spherical_vp,main_single_proposed,True,e465870bc9632770,adaptive_jones,cpu,False,,legacy_least_squares,cpu,explicit,,legacy_least_squares_numerical,False,,,0,0,,,,,,,,fixed_pol_anchor,True,fixed_anchor_then_adaptive_jones_score_selection,fixed_pol_anchor,1.7016758119757527,25.774705128446435,10.059059025072685,0.0,True,3,4,3095329.0560010755,nan,"[1.7016758119757527,25.774705128446435,2.700796134795864]","[0.5876559994334264,0.038797728043475005,0.3702611933991393]",,direct_vp,[],3095179.5979256467,3096560,True,7540965.159455261,80.63071944641922,19.249329119547745,0.08133080489212675,"[5.005644027280729,5.2023460886851245,5.131333190495067]",21.768041502917185,49.99442462809384,72.5722518991679,nan,nan,nan,nan,nan,nan,nan,,,nan,nan,nan,nan,nan,nan,nan,nan,nan,,,,nan,nan,nan,nan,nan,,False,,nan,,,nan,nan,nan,,,,,,,,0.0005031954666698475,4.155434311998042e-06,0.20446468052867553,nan,nan,nan,False,not_run,not_requested,"[1.7016758119757527,25.774705128446435,2.700796134795864]","[0.5876559994334264,0.038797728043475005,0.3702611933991393]",,,,,7540965.159455261,80.63071944641922,nan,nan,direct_vp,direct_vp,False,[],True,1.0,0.002277830721901646,0.002277830721901646,2,data_only_efim_tau_crb,0.01377748985937341,4.408581934741428e-05,4.408581934741428e-05,True,0.00232191654124906,green,clock_green,False,ngc_green_skip_rescue,nan,nan,2,,nan,nan,nan,False,nan,,candidate_unavailable,ngc_green_skip_rescue,False,9.21034037197618,13.815510557964274,ngc_certified_ris_only,nan,nan,,decoupled_robust,legacy_multistart,0.0
fig5,force_rescue,13,634888206,0.0,snr_db,0.0,3,3,3,3,full_6d,634888206,,,nan,,False,,161.6346003639046,0.0005031954666698475,0.0005031954666698475,4.155434311998042e-06,0.00013175176392970646,6.964427826023917e-13,0.20446468052867553,False,direct_vp_rollback,global_exact_spherical_vp,main_single_proposed,True,e36e144740c62a94,adaptive_jones,cpu,False,,legacy_least_squares,cpu,explicit,,legacy_least_squares_numerical,False,,,0,0,,,,,,,,fixed_pol_anchor,True,fixed_anchor_then_adaptive_jones_score_selection,fixed_pol_anchor,1.7016758119757527,25.774705128446435,10.059059025072685,0.0,True,3,4,3095329.0560010755,nan,"[1.7016758119757527,25.774705128446435,2.700796134795864]","[0.5876559994334264,0.038797728043475005,0.3702611933991393]",,jnpp_then_vp,[],3095179.5979256467,3096560,True,7540965.159455261,80.63071944641922,19.249329119547745,0.08133080489212675,"[5.005644027280729,5.2023460886851245,5.131333190495067]",21.768041502917185,52.95160756702535,75.5294348380994,nan,nan,nan,nan,nan,nan,nan,,,nan,nan,nan,nan,nan,nan,nan,nan,nan,,,,nan,nan,nan,nan,nan,,False,,nan,,,nan,nan,nan,,,,,,,,0.0005031954666698475,4.155434311998042e-06,0.20446468052867553,0.0005032127165785248,4.155481052687277e-06,0.2044646805286771,True,rollback,existing_selector_rollback,"[1.7016758119757527,25.774705128446435,2.700796134795864]","[0.5876559994334264,0.038797728043475005,0.3702611933991393]",,"[1.701675811760707,25.77470513286229,2.7007961339209703]","[0.5876559995076902,0.03879772803682798,0.3702611935190814]",,7540965.159455261,80.63071944641922,7540965.500872803,80.63071533310782,direct_vp,direct_vp,False,[],False,1.0,nan,nan,,,nan,nan,nan,False,nan,,,False,,nan,nan,,,nan,nan,nan,False,nan,,,,False,nan,nan,force_ris_only,0.00040541002655408953,0.060560770422737234,3,decoupled_robust,legacy_multistart,0.0
fig5,oracle_init_vp,13,634888206,0.0,snr_db,0.0,3,3,3,3,full_6d,634888206,,,nan,,False,,44.7297158469446,0.0005032013399649575,0.0005032013399649575,4.155436836365872e-06,0.0001317535133226165,6.964340587742989e-13,0.20446468052867445,False,oracle_init_vp,global_exact_spherical_vp,,False,,adaptive_jones,cupy,True,0,cupy,cupy.linalg.solve,explicit,matrix_free,analytic_reduced_vp_explicit_gradient,False,matrix_free_cpu_only_gpu_backend,,0,0,0,0,,,,,,fixed_pol_anchor,False,,fixed_pol_anchor,nan,nan,nan,nan,False,3,4,3096725.458075429,3096752.772150865,"[1.700908440452367,25.76308203056943,2.69957820958903]","[0.5879211227456447,0.03881523176410639,0.3704282381763392]","[9.365289964307914e-08,3.7791790474449615e-08,1.6506975078643134e-07]",oracle_init_vp,"[""oracle_truth_initialization""]",nan,,,nan,nan,nan,nan,,0.0,44.72806978598237,44.72806978598237,nan,nan,nan,nan,nan,nan,nan,,,nan,nan,nan,nan,nan,nan,nan,nan,nan,,,,nan,nan,nan,nan,nan,,False,,nan,,,nan,nan,nan,,,,,,,,nan,nan,nan,nan,nan,nan,False,,,,,,,,,nan,nan,nan,nan,,,,[],False,nan,nan,nan,,,nan,nan,nan,False,nan,,,False,,nan,nan,,,nan,nan,nan,False,nan,,,,False,nan,nan,,nan,nan,,,legacy_multistart,
fig5,direct_vp,7,1914929603,0.0,snr_db,0.0,3,3,3,3,full_6d,1914929603,,,nan,,False,,77.14568775892258,0.00041734307916086816,0.00041734307916086816,5.366950374519569e-06,0.0002326001559010622,2.0268433469226002e-13,0.7354901884361648,False,direct_vp,global_exact_spherical_vp,proposed_post_stage1,False,f46e53c7bd842f66,adaptive_jones,cpu,False,,legacy_least_squares,cpu,explicit,,legacy_least_squares_numerical,False,,,0,0,,,,,,,,fixed_pol_anchor,True,fixed_anchor_then_adaptive_jones_score_selection,fixed_pol_anchor,1.3697620300182702,14.78938660036464,7.025935611475329,0.0,True,3,4,3094102.459756553,nan,"[14.78938660036464,4.918658204043072,1.3697620300182702]","[0.06761605650098801,0.2033074790952326,0.7300538181696363]",,direct_vp,"[""poor_clock_consistency""]",3093953.0016811243,3096560,True,8096514.9515670305,85.25650424692422,14.644575601136252,0.21401995283907532,"[4.555183322299089,4.9991951092502065,5.0185615023900265]",43.16810280480422,70.25911961193196,114.38386404258199,nan,nan,nan,nan,nan,nan,nan,,,nan,nan,nan,nan,nan,nan,nan,nan,nan,,,,nan,nan,nan,nan,nan,,False,,nan,,,nan,nan,nan,,,,,,,,0.00041734307916086816,5.366950374519569e-06,0.7354901884361648,nan,nan,nan,False,not_run,not_requested,"[14.78938660036464,4.918658204043072,1.3697620300182702]","[0.06761605650098801,0.2033074790952326,0.7300538181696363]",,,,,8096514.9515670305,85.25650424692422,nan,nan,ris_only_stage2_then_vp,direct_vp,True,"[""poor_clock_consistency""]",False,1.0,nan,nan,,,nan,nan,nan,False,nan,,,False,,nan,nan,,,nan,nan,nan,False,nan,,,,False,nan,nan,reliability_gated,nan,nan,,decoupled_robust,legacy_multistart,0.0
fig5,old_gated,7,1914929603,0.0,snr_db,0.0,3,3,3,3,full_6d,1914929603,,,nan,,False,,76.50121771218255,0.00041734307916086816,0.00041734307916086816,5.366950374519569e-06,0.0002326001559010622,2.0268433469226002e-13,0.7354901884361648,False,direct_vp,global_exact_spherical_vp,main_single_proposed,True,512a1aa808595bec,adaptive_jones,cpu,False,,legacy_least_squares,cpu,explicit,,legacy_least_squares_numerical,False,,,0,0,,,,,,,,fixed_pol_anchor,True,fixed_anchor_then_adaptive_jones_score_selection,fixed_pol_anchor,1.3697620300182702,14.78938660036464,7.025935611475329,0.0,True,3,4,3094102.459756553,nan,"[14.78938660036464,4.918658204043072,1.3697620300182702]","[0.06761605650098801,0.2033074790952326,0.7300538181696363]",,direct_vp,"[""poor_clock_consistency""]",3093953.0016811243,3096560,True,8096514.9515670305,85.25650424692422,14.644575601136252,0.21401995283907532,"[4.555183322299089,4.9991951092502065,5.0185615023900265]",43.16810280480422,69.74393904791214,113.86868347856216,nan,nan,nan,nan,nan,nan,nan,,,nan,nan,nan,nan,nan,nan,nan,nan,nan,,,,nan,nan,nan,nan,nan,,False,,nan,,,nan,nan,nan,,,,,,,,0.00041734307916086816,5.366950374519569e-06,0.7354901884361648,nan,nan,nan,False,not_run,not_requested,"[14.78938660036464,4.918658204043072,1.3697620300182702]","[0.06761605650098801,0.2033074790952326,0.7300538181696363]",,,,,8096514.9515670305,85.25650424692422,nan,nan,ris_only_stage2_then_vp,direct_vp,True,"[""poor_clock_consistency""]",False,1.0,nan,nan,,,nan,nan,nan,False,nan,,,False,,nan,nan,,,nan,nan,nan,False,nan,,,,False,nan,nan,reliability_gated_ris_only,nan,nan,,decoupled_robust,legacy_multistart,0.0
fig5,adaptive_jones_vp_proposed,7,1914929603,0.0,snr_db,0.0,3,3,3,3,full_6d,1914929603,,,nan,,False,,77.05590875283815,0.00041734307916086816,0.00041734307916086816,5.366950374519569e-06,0.0002326001559010622,2.0268433469226002e-13,0.7354901884361648,False,direct_vp,global_exact_spherical_vp,main_single_proposed,True,d8aeafb9bf37145c,adaptive_jones,cpu,False,,legacy_least_squares,cpu,explicit,,legacy_least_squares_numerical,False,,,0,0,,,,,,,,fixed_pol_anchor,True,fixed_anchor_then_adaptive_jones_score_selection,fixed_pol_anchor,1.3697620300182702,14.78938660036464,7.025935611475329,0.0,True,3,4,3094102.459756553,nan,"[14.78938660036464,4.918658204043072,1.3697620300182702]","[0.06761605650098801,0.2033074790952326,0.7300538181696363]",,direct_vp,"[""poor_clock_consistency""]",3093953.0016811243,3096560,True,8096514.9515670305,85.25650424692422,14.644575601136252,0.21401995283907532,"[4.555183322299089,4.9991951092502065,5.0185615023900265]",43.16810280480422,70.21890183794312,114.34364626859315,nan,nan,nan,nan,nan,nan,nan,,,nan,nan,nan,nan,nan,nan,nan,nan,nan,,,,nan,nan,nan,nan,nan,,False,,nan,,,nan,nan,nan,,,,,,,,0.00041734307916086816,5.366950374519569e-06,0.7354901884361648,nan,nan,nan,False,not_run,not_requested,"[14.78938660036464,4.918658204043072,1.3697620300182702]","[0.06761605650098801,0.2033074790952326,0.7300538181696363]",,,,,8096514.9515670305,85.25650424692422,nan,nan,ris_only_stage2_then_vp,direct_vp,True,"[""poor_clock_consistency""]",True,1.0,0.013961874529534672,0.013961874529534672,2,data_only_efim_tau_crb,0.03410996253483562,8.123504282023866e-05,8.123504282023866e-05,True,0.014043109572354912,green,clock_green,False,ngc_green_skip_rescue,nan,nan,2,,nan,nan,nan,False,nan,,candidate_unavailable,ngc_green_skip_rescue,False,9.21034037197618,13.815510557964274,ngc_certified_ris_only,nan,nan,,decoupled_robust,legacy_multistart,0.0
fig5,force_rescue,7,1914929603,0.0,snr_db,0.0,3,3,3,3,full_6d,1914929603,,,nan,,False,,174.45438788784668,0.00041734307916086816,0.00041734307916086816,5.366950374519569e-06,0.0002326001559010622,2.0268433469226002e-13,0.7354901884361648,False,direct_vp_rollback,global_exact_spherical_vp,main_single_proposed,True,994dcff230b5da08,adaptive_jones,cpu,False,,legacy_least_squares,cpu,explicit,,legacy_least_squares_numerical,False,,,0,0,,,,,,,,fixed_pol_anchor,True,fixed_anchor_then_adaptive_jones_score_selection,fixed_pol_anchor,1.3697620300182702,14.78938660036464,7.025935611475329,0.0,True,3,4,3094102.459756553,nan,"[14.78938660036464,4.918658204043072,1.3697620300182702]","[0.06761605650098801,0.2033074790952326,0.7300538181696363]",,jnpp_then_vp,"[""poor_clock_consistency""]",3093953.0016811243,3096560,True,8096514.9515670305,85.25650424692422,14.644575601136252,0.21401995283907532,"[4.555183322299089,4.9991951092502065,5.0185615023900265]",43.16810280480422,69.9072371229995,114.03198155364953,nan,nan,nan,nan,nan,nan,nan,,,nan,nan,nan,nan,nan,nan,nan,nan,nan,,,,nan,nan,nan,nan,nan,,False,,nan,,,nan,nan,nan,,,,,,,,0.00041734307916086816,5.366950374519569e-06,0.7354901884361648,0.00041735287824633943,5.367015376236648e-06,0.7354901884361668,True,rollback,existing_selector_rollback,"[14.78938660036464,4.918658204043072,1.3697620300182702]","[0.06761605650098801,0.2033074790952326,0.7300538181696363]",,"[14.789386605322589,4.918658204891896,1.369762030069306]","[0.06761605647832061,0.2033074790601474,0.7300538181424354]",,8096514.9515670305,85.25650424692422,8096514.9662534185,85.25650377455031,ris_only_stage2_then_vp,direct_vp,True,"[""poor_clock_consistency""]",False,1.0,nan,nan,,,nan,nan,nan,False,nan,,,False,,nan,nan,,,nan,nan,nan,False,nan,,,,False,nan,nan,force_ris_only,0.0005415512161779339,0.005950411828122022,3,decoupled_robust,legacy_multistart,0.0
fig5,oracle_init_vp,7,1914929603,0.0,snr_db,0.0,3,3,3,3,full_6d,1914929603,,,nan,,False,,44.16274238214828,0.0004173469929447841,0.0004173469929447841,5.3669522702486e-06,0.00023260172833798005,2.0268448974585218e-13,0.7354901884361603,False,oracle_init_vp,global_exact_spherical_vp,,False,,adaptive_jones,cupy,True,0,cupy,cupy.linalg.solve,explicit,matrix_free,analytic_reduced_vp_explicit_gradient,False,matrix_free_cpu_only_gpu_backend,,0,0,0,0,,,,,,fixed_pol_anchor,False,,fixed_pol_anchor,nan,nan,nan,nan,False,3,4,3096725.458075429,3096752.650950973,"[14.77685904804274,4.914491786231393,1.3686017538992907]","[0.0676733801638094,0.20347983952210877,0.730672744755387]","[3.332403410179249e-08,1.6278029081625092e-07,1.6807981723370926e-07]",oracle_init_vp,"[""oracle_truth_initialization""]",nan,,,nan,nan,nan,nan,,0.0,44.161067039938644,44.161067039938644,nan,nan,nan,nan,nan,nan,nan,,,nan,nan,nan,nan,nan,nan,nan,nan,nan,,,,nan,nan,nan,nan,nan,,False,,nan,,,nan,nan,nan,,,,,,,,nan,nan,nan,nan,nan,nan,False,,,,,,,,,nan,nan,nan,nan,,,,[],False,nan,nan,nan,,,nan,nan,nan,False,nan,,,False,,nan,nan,,,nan,nan,nan,False,nan,,,,False,nan,nan,,nan,nan,,,legacy_multistart,
fig5,direct_vp,19,3846521747,0.0,snr_db,0.0,3,3,3,3,full_6d,3846521747,,,nan,,False,,55.79100153897889,0.0007210395674032884,0.0007210395674032884,6.825293079759363e-06,0.00021687309973416157,2.2603882842191452e-13,0.1185284573087955,False,direct_vp,global_exact_spherical_vp,proposed_post_stage1,False,ff52ab368e887b12,adaptive_jones,cpu,False,,legacy_least_squares,cpu,explicit,,legacy_least_squares_numerical,False,,,0,0,,,,,,,,fixed_pol_anchor,True,fixed_anchor_then_adaptive_jones_score_selection,fixed_pol_anchor,1.8674451082145331,4.780898071327367,3.5225994352110255,0.0,True,3,4,3095370.7774133524,nan,"[3.9194551260911763,1.8674451082145331,4.780898071327367]","[0.25513750453200573,0.5354909740582597,0.20916572264791652]",,direct_vp,"[""poor_clock_consistency""]",3095221.3193379235,3096560,True,6639999.281162868,80.78189814224811,16.32199060653873,0.1257760173821736,"[5.030821788787213,4.940867666205493,5.241029800220559]",25.340738067170605,51.25483672507107,77.31118415435776,nan,nan,nan,nan,nan,nan,nan,,,nan,nan,nan,nan,nan,nan,nan,nan,nan,,,,nan,nan,nan,nan,nan,,False,,nan,,,nan,nan,nan,,,,,,,,0.0007210395674032884,6.825293079759363e-06,0.1185284573087955,nan,nan,nan,False,not_run,not_requested,"[3.9194551260911763,1.8674451082145331,4.780898071327367]","[0.25513750453200573,0.5354909740582597,0.20916572264791652]",,,,,6639999.281162868,80.78189814224811,nan,nan,ris_only_stage2_then_vp,direct_vp,True,"[""poor_clock_consistency""]",False,1.0,nan,nan,,,nan,nan,nan,False,nan,,,False,,nan,nan,,,nan,nan,nan,False,nan,,,,False,nan,nan,reliability_gated,nan,nan,,decoupled_robust,legacy_multistart,0.0
fig5,old_gated,19,3846521747,0.0,snr_db,0.0,3,3,3,3,full_6d,3846521747,,,nan,,False,,43.6679945839569,0.0007210395674032884,0.0007210395674032884,6.825293079759363e-06,0.00021687309973416157,2.2603882842191452e-13,0.1185284573087955,False,direct_vp,global_exact_spherical_vp,main_single_proposed,True,8d1c7e0c9ce60974,adaptive_jones,cpu,False,,legacy_least_squares,cpu,explicit,,legacy_least_squares_numerical,False,,,0,0,,,,,,,,fixed_pol_anchor,True,fixed_anchor_then_adaptive_jones_score_selection,fixed_pol_anchor,1.8674451082145331,4.780898071327367,3.5225994352110255,0.0,True,3,4,3095370.7774133524,nan,"[3.9194551260911763,1.8674451082145331,4.780898071327367]","[0.25513750453200573,0.5354909740582597,0.20916572264791652]",,direct_vp,"[""poor_clock_consistency""]",3095221.3193379235,3096560,True,6639999.281162868,80.78189814224811,16.32199060653873,0.1257760173821736,"[5.030821788787213,4.940867666205493,5.241029800220559]",25.340738067170605,39.42591627407819,65.48226370336488,nan,nan,nan,nan,nan,nan,nan,,,nan,nan,nan,nan,nan,nan,nan,nan,nan,,,,nan,nan,nan,nan,nan,,False,,nan,,,nan,nan,nan,,,,,,,,0.0007210395674032884,6.825293079759363e-06,0.1185284573087955,nan,nan,nan,False,not_run,not_requested,"[3.9194551260911763,1.8674451082145331,4.780898071327367]","[0.25513750453200573,0.5354909740582597,0.20916572264791652]",,,,,6639999.281162868,80.78189814224811,nan,nan,ris_only_stage2_then_vp,direct_vp,True,"[""poor_clock_consistency""]",False,1.0,nan,nan,,,nan,nan,nan,False,nan,,,False,,nan,nan,,,nan,nan,nan,False,nan,,,,False,nan,nan,reliability_gated_ris_only,nan,nan,,decoupled_robust,legacy_multistart,0.0
fig5,adaptive_jones_vp_proposed,19,3846521747,0.0,snr_db,0.0,3,3,3,3,full_6d,3846521747,,,nan,,False,,50.09325397084467,0.0007210395674032884,0.0007210395674032884,6.825293079759363e-06,0.00021687309973416157,2.2603882842191452e-13,0.1185284573087955,False,direct_vp,global_exact_spherical_vp,main_single_proposed,True,c3568f79219f9e50,adaptive_jones,cpu,False,,legacy_least_squares,cpu,explicit,,legacy_least_squares_numerical,False,,,0,0,,,,,,,,fixed_pol_anchor,True,fixed_anchor_then_adaptive_jones_score_selection,fixed_pol_anchor,1.8674451082145331,4.780898071327367,3.5225994352110255,0.0,True,3,4,3095370.7774133524,nan,"[3.9194551260911763,1.8674451082145331,4.780898071327367]","[0.25513750453200573,0.5354909740582597,0.20916572264791652]",,direct_vp,"[""poor_clock_consistency""]",3095221.3193379235,3096560,True,6639999.281162868,80.78189814224811,16.32199060653873,0.1257760173821736,"[5.030821788787213,4.940867666205493,5.241029800220559]",25.340738067170605,45.173073193989694,71.22942062327638,nan,nan,nan,nan,nan,nan,nan,,,nan,nan,nan,nan,nan,nan,nan,nan,nan,,,,nan,nan,nan,nan,nan,,False,,nan,,,nan,nan,nan,,,,,,,,0.0007210395674032884,6.825293079759363e-06,0.1185284573087955,nan,nan,nan,False,not_run,not_requested,"[3.9194551260911763,1.8674451082145331,4.780898071327367]","[0.25513750453200573,0.5354909740582597,0.20916572264791652]",,,,,6639999.281162868,80.78189814224811,nan,nan,ris_only_stage2_then_vp,direct_vp,True,"[""poor_clock_consistency""]",True,1.0,0.0005597714919721085,0.0005597714919721085,2,data_only_efim_tau_crb,0.006829906612173334,0.0001026782026003951,0.0001026782026003951,True,0.0006624496945725035,green,clock_green,False,ngc_green_skip_rescue,nan,nan,2,,nan,nan,nan,False,nan,,candidate_unavailable,ngc_green_skip_rescue,False,9.21034037197618,13.815510557964274,ngc_certified_ris_only,nan,nan,,decoupled_robust,legacy_multistart,0.0
fig5,force_rescue,19,3846521747,0.0,snr_db,0.0,3,3,3,3,full_6d,3846521747,,,nan,,False,,119.0391482480336,0.0007210395674032884,0.0007210395674032884,6.825293079759363e-06,0.00021687309973416157,2.2603882842191452e-13,0.1185284573087955,False,direct_vp_rollback,global_exact_spherical_vp,main_single_proposed,True,97db8ee93e6c4e74,adaptive_jones,cpu,False,,legacy_least_squares,cpu,explicit,,legacy_least_squares_numerical,False,,,0,0,,,,,,,,fixed_pol_anchor,True,fixed_anchor_then_adaptive_jones_score_selection,fixed_pol_anchor,1.8674451082145331,4.780898071327367,3.5225994352110255,0.0,True,3,4,3095370.7774133524,nan,"[3.9194551260911763,1.8674451082145331,4.780898071327367]","[0.25513750453200573,0.5354909740582597,0.20916572264791652]",,jnpp_then_vp,"[""poor_clock_consistency""]",3095221.3193379235,3096560,True,6639999.281162868,80.78189814224811,16.32199060653873,0.1257760173821736,"[5.030821788787213,4.940867666205493,5.241029800220559]",25.340738067170605,51.437218928011134,77.49356635729782,nan,nan,nan,nan,nan,nan,nan,,,nan,nan,nan,nan,nan,nan,nan,nan,nan,,,,nan,nan,nan,nan,nan,,False,,nan,,,nan,nan,nan,,,,,,,,0.0007210395674032884,6.825293079759363e-06,0.1185284573087955,0.0007210460996220165,6.8253097391722505e-06,0.11852845730879598,True,rollback,existing_selector_rollback,"[3.9194551260911763,1.8674451082145331,4.780898071327367]","[0.25513750453200573,0.5354909740582597,0.20916572264791652]",,"[3.9194551334936807,1.8674451066691444,4.780898070794651]","[0.25513750405013863,0.5354909745014008,0.20916572267122302]",,6639999.281162868,80.78189814224811,6639999.496035676,80.78189567098883,ris_only_stage2_then_vp,direct_vp,True,"[""poor_clock_consistency""]",False,1.0,nan,nan,,,nan,nan,nan,False,nan,,,False,,nan,nan,,,nan,nan,nan,False,nan,,,,False,nan,nan,force_ris_only,0.0008701207551001092,0.009986516551542023,3,decoupled_robust,legacy_multistart,0.0
fig5,oracle_init_vp,19,3846521747,0.0,snr_db,0.0,3,3,3,3,full_6d,3846521747,,,nan,,False,,44.592279490083456,0.0007210505038416349,0.0007210505038416349,6.82526683180227e-06,0.00021686974348009405,2.2604702978982607e-13,0.1185284573087964,False,oracle_init_vp,global_exact_spherical_vp,,False,,adaptive_jones,cupy,True,0,cupy,cupy.linalg.solve,explicit,matrix_free,analytic_reduced_vp_explicit_gradient,False,matrix_free_cpu_only_gpu_backend,,0,0,0,0,,,,,,fixed_pol_anchor,False,,fixed_pol_anchor,nan,nan,nan,nan,False,3,4,3096725.458075429,3096753.735712477,"[3.917740456129306,1.866628143911647,4.778806538914501]","[0.25524917007495534,0.535725341579049,0.20925726786637605]","[9.272241135495471e-09,2.3863679818309668e-09,1.8421159811319532e-07]",oracle_init_vp,"[""oracle_truth_initialization""]",nan,,,nan,nan,nan,nan,,0.0,44.590590979903936,44.590590979903936,nan,nan,nan,nan,nan,nan,nan,,,nan,nan,nan,nan,nan,nan,nan,nan,nan,,,,nan,nan,nan,nan,nan,,False,,nan,,,nan,nan,nan,,,,,,,,nan,nan,nan,nan,nan,nan,False,,,,,,,,,nan,nan,nan,nan,,,,[],False,nan,nan,nan,,,nan,nan,nan,False,nan,,,False,,nan,nan,,,nan,nan,nan,False,nan,,,,False,nan,nan,,nan,nan,,,legacy_multistart,
fig5,direct_vp,20,3607282624,0.0,snr_db,0.0,3,3,3,3,full_6d,3607282624,,,nan,,False,,56.867346779908985,0.00013721794104059167,0.00013721794104059167,6.804562733502703e-06,0.00012079663659257179,2.4467566821844295e-13,0.571811983839979,False,direct_vp,global_exact_spherical_vp,proposed_post_stage1,False,e33d81678fccf7df,adaptive_jones,cpu,False,,legacy_least_squares,cpu,explicit,,legacy_least_squares_numerical,False,,,0,0,,,,,,,,fixed_pol_anchor,True,fixed_anchor_then_adaptive_jones_score_selection,fixed_pol_anchor,1.5795977601553246,7.815982341594385,4.565633146285956,0.0,True,3,4,3095406.243031559,nan,"[4.301319337108159,7.815982341594385,1.5795977601553246]","[0.2324868073310766,0.1279429707345262,0.6330725613969526]",,direct_vp,[],3095256.78495613,3096560,True,8586674.481215624,65.45865636689501,16.358760400051317,0.0451963868499762,"[4.902810515864989,5.006175559280282,4.988829040239413]",25.728582073934376,51.61514936713502,78.04029660415836,nan,nan,nan,nan,nan,nan,nan,,,nan,nan,nan,nan,nan,nan,nan,nan,nan,,,,nan,nan,nan,nan,nan,,False,,nan,,,nan,nan,nan,,,,,,,,0.00013721794104059167,6.804562733502703e-06,0.571811983839979,nan,nan,nan,False,not_run,not_requested,"[4.301319337108159,7.815982341594385,1.5795977601553246]","[0.2324868073310766,0.1279429707345262,0.6330725613969526]",,,,,8586674.481215624,65.45865636689501,nan,nan,direct_vp,direct_vp,False,[],False,1.0,nan,nan,,,nan,nan,nan,False,nan,,,False,,nan,nan,,,nan,nan,nan,False,nan,,,,False,nan,nan,reliability_gated,nan,nan,,decoupled_robust,legacy_multistart,0.0
fig5,old_gated,20,3607282624,0.0,snr_db,0.0,3,3,3,3,full_6d,3607282624,,,nan,,False,,57.7609623670578,0.00013721794104059167,0.00013721794104059167,6.804562733502703e-06,0.00012079663659257179,2.4467566821844295e-13,0.571811983839979,False,direct_vp,global_exact_spherical_vp,main_single_proposed,True,3d7ab41d6e702c58,adaptive_jones,cpu,False,,legacy_least_squares,cpu,explicit,,legacy_least_squares_numerical,False,,,0,0,,,,,,,,fixed_pol_anchor,True,fixed_anchor_then_adaptive_jones_score_selection,fixed_pol_anchor,1.5795977601553246,7.815982341594385,4.565633146285956,0.0,True,3,4,3095406.243031559,nan,"[4.301319337108159,7.815982341594385,1.5795977601553246]","[0.2324868073310766,0.1279429707345262,0.6330725613969526]",,direct_vp,[],3095256.78495613,3096560,True,8586674.481215624,65.45865636689501,16.358760400051317,0.0451963868499762,"[4.902810515864989,5.006175559280282,4.988829040239413]",25.728582073934376,52.877855845028535,79.30300308205187,nan,nan,nan,nan,nan,nan,nan,,,nan,nan,nan,nan,nan,nan,nan,nan,nan,,,,nan,nan,nan,nan,nan,,False,,nan,,,nan,nan,nan,,,,,,,,0.00013721794104059167,6.804562733502703e-06,0.571811983839979,nan,nan,nan,False,not_run,not_requested,"[4.301319337108159,7.815982341594385,1.5795977601553246]","[0.2324868073310766,0.1279429707345262,0.6330725613969526]",,,,,8586674.481215624,65.45865636689501,nan,nan,direct_vp,direct_vp,False,[],False,1.0,nan,nan,,,nan,nan,nan,False,nan,,,False,,nan,nan,,,nan,nan,nan,False,nan,,,,False,nan,nan,reliability_gated_ris_only,nan,nan,,decoupled_robust,legacy_multistart,0.0
fig5,adaptive_jones_vp_proposed,20,3607282624,0.0,snr_db,0.0,3,3,3,3,full_6d,3607282624,,,nan,,False,,58.26296265493147,0.00013721794104059167,0.00013721794104059167,6.804562733502703e-06,0.00012079663659257179,2.4467566821844295e-13,0.571811983839979,False,direct_vp,global_exact_spherical_vp,main_single_proposed,True,0216eaac98f0c886,adaptive_jones,cpu,False,,legacy_least_squares,cpu,explicit,,legacy_least_squares_numerical,False,,,0,0,,,,,,,,fixed_pol_anchor,True,fixed_anchor_then_adaptive_jones_score_selection,fixed_pol_anchor,1.5795977601553246,7.815982341594385,4.565633146285956,0.0,True,3,4,3095406.243031559,nan,"[4.301319337108159,7.815982341594385,1.5795977601553246]","[0.2324868073310766,0.1279429707345262,0.6330725613969526]",,direct_vp,[],3095256.78495613,3096560,True,8586674.481215624,65.45865636689501,16.358760400051317,0.0451963868499762,"[4.902810515864989,5.006175559280282,4.988829040239413]",25.728582073934376,53.21642346284352,79.64157069986686,nan,nan,nan,nan,nan,nan,nan,,,nan,nan,nan,nan,nan,nan,nan,nan,nan,,,,nan,nan,nan,nan,nan,,False,,nan,,,nan,nan,nan,,,,,,,,0.00013721794104059167,6.804562733502703e-06,0.571811983839979,nan,nan,nan,False,not_run,not_requested,"[4.301319337108159,7.815982341594385,1.5795977601553246]","[0.2324868073310766,0.1279429707345262,0.6330725613969526]",,,,,8586674.481215624,65.45865636689501,nan,nan,direct_vp,direct_vp,False,[],True,1.0,3.297256997421279e-05,3.297256997421279e-05,2,data_only_efim_tau_crb,0.0016576230465693135,2.295739380599425e-05,2.295739380599425e-05,True,5.5929963780207035e-05,green,clock_green,False,ngc_green_skip_rescue,nan,nan,2,,nan,nan,nan,False,nan,,candidate_unavailable,ngc_green_skip_rescue,False,9.21034037197618,13.815510557964274,ngc_certified_ris_only,nan,nan,,decoupled_robust,legacy_multistart,0.0
fig5,force_rescue,20,3607282624,0.0,snr_db,0.0,3,3,3,3,full_6d,3607282624,,,nan,,False,,138.0436980118975,0.00013721794104059167,0.00013721794104059167,6.804562733502703e-06,0.00012079663659257179,2.4467566821844295e-13,0.571811983839979,False,direct_vp_rollback,global_exact_spherical_vp,main_single_proposed,True,265056e6f9e7d010,adaptive_jones,cpu,False,,legacy_least_squares,cpu,explicit,,legacy_least_squares_numerical,False,,,0,0,,,,,,,,fixed_pol_anchor,True,fixed_anchor_then_adaptive_jones_score_selection,fixed_pol_anchor,1.5795977601553246,7.815982341594385,4.565633146285956,0.0,True,3,4,3095406.243031559,nan,"[4.301319337108159,7.815982341594385,1.5795977601553246]","[0.2324868073310766,0.1279429707345262,0.6330725613969526]",,jnpp_then_vp,[],3095256.78495613,3096560,True,8586674.481215624,65.45865636689501,16.358760400051317,0.0451963868499762,"[4.902810515864989,5.006175559280282,4.988829040239413]",25.728582073934376,52.89549960382283,79.32064684084617,nan,nan,nan,nan,nan,nan,nan,,,nan,nan,nan,nan,nan,nan,nan,nan,nan,,,,nan,nan,nan,nan,nan,,False,,nan,,,nan,nan,nan,,,,,,,,0.00013721794104059167,6.804562733502703e-06,0.571811983839979,0.0001372193629771075,6.804549306710089e-06,0.5718119838399848,True,rollback,existing_selector_rollback,"[4.301319337108159,7.815982341594385,1.5795977601553246]","[0.2324868073310766,0.1279429707345262,0.6330725613969526]",,"[4.301319337564437,7.815982338798225,1.579597759998706]","[0.23248680730641472,0.12794297078029768,0.6330725614597222]",,8586674.481215624,65.45865636689501,8586674.512955869,65.45865609934913,direct_vp,direct_vp,False,[],False,1.0,nan,nan,,,nan,nan,nan,False,nan,,,False,,nan,nan,,,nan,nan,nan,False,nan,,,,False,nan,nan,force_ris_only,0.00018881057501582082,0.030968184828313317,3,decoupled_robust,legacy_multistart,0.0
fig5,oracle_init_vp,20,3607282624,0.0,snr_db,0.0,3,3,3,3,full_6d,3607282624,,,nan,,False,,33.592500815866515,0.00013721665636785745,0.00013721665636785745,6.804462145540691e-06,0.00012079518969821853,2.4468099742564833e-13,0.5718119838399833,False,oracle_init_vp,global_exact_spherical_vp,,False,,adaptive_jones,cupy,True,0,cupy,cupy.linalg.solve,explicit,matrix_free,analytic_reduced_vp_explicit_gradient,False,matrix_free_cpu_only_gpu_backend,,0,0,0,0,,,,,,fixed_pol_anchor,False,,fixed_pol_anchor,nan,nan,nan,nan,False,3,4,3096725.458075429,3096753.6394654126,"[4.299486872951941,7.812652546129944,1.5789248138994894]","[0.23258589444398528,0.12799750073200744,0.6333423803307703]","[2.531009817392426e-07,1.1080664156557436e-07,1.3648404465589204e-07]",oracle_init_vp,"[""oracle_truth_initialization""]",nan,,,nan,nan,nan,nan,,0.0,33.59093746589497,33.59093746589497,nan,nan,nan,nan,nan,nan,nan,,,nan,nan,nan,nan,nan,nan,nan,nan,nan,,,,nan,nan,nan,nan,nan,,False,,nan,,,nan,nan,nan,,,,,,,,nan,nan,nan,nan,nan,nan,False,,,,,,,,,nan,nan,nan,nan,,,,[],False,nan,nan,nan,,,nan,nan,nan,False,nan,,,False,,nan,nan,,,nan,nan,nan,False,nan,,,,False,nan,nan,,nan,nan,,,legacy_multistart,
fig5,direct_vp,5,2290547997,0.0,snr_db,0.0,3,3,3,3,full_6d,2290547997,,,nan,,False,,130.85776466014795,0.0005429727229042166,0.0005429727229042166,4.503315001547443e-06,5.676385769231756e-05,8.38543410415051e-13,0.27276976710982503,False,direct_vp,global_exact_spherical_vp,proposed_post_stage1,False,4947edbbd7335eb7,adaptive_jones,cpu,False,,legacy_least_squares,cpu,explicit,,legacy_least_squares_numerical,False,,,0,0,,,,,,,,fixed_pol_anchor,True,fixed_anchor_then_adaptive_jones_score_selection,fixed_pol_anchor,1.7326683063551276,5.904823128215495,4.182507200855462,0.0,True,3,10,3260826.656975072,3265813.078074255,"[5.904823128215495,1.7326683063551276,4.9100301679957665]","[0.16935308277325262,0.5771445096158568,0.20366473642325533]","[1.9657384790657174e-07,1.8290960502108454e-07,2.3967969315360226e-07]",direct_vp,[],3093962.1544044935,3096560,True,7168793.705857779,74.88002753401001,18.893760790206805,0.03377110936415141,"[5.003581432270329,5.0240221618061165,5.083219573267502]",25.694800039054826,125.91049551591277,152.15881701395847,nan,nan,nan,nan,nan,nan,nan,,,nan,nan,nan,nan,nan,nan,nan,nan,nan,,,,nan,nan,nan,nan,nan,,False,,nan,,,nan,nan,nan,,,,,,,,0.0005429727229042166,4.503315001547443e-06,0.27276976710982503,nan,nan,nan,False,not_run,not_requested,"[5.904823128215495,1.7326683063551276,4.9100301679957665]","[0.16935308277325262,0.5771445096158568,0.20366473642325533]","[1.9657384790657174e-07,1.8290960502108454e-07,2.3967969315360226e-07]",,,,7168793.705857779,74.88002753401001,nan,nan,direct_vp,direct_vp,False,[],False,1.0,nan,nan,,,nan,nan,nan,False,nan,,,False,,nan,nan,,,nan,nan,nan,False,nan,,,,False,nan,nan,reliability_gated,nan,nan,,decoupled_robust,legacy_multistart,0.0
fig5,old_gated,5,2290547997,0.0,snr_db,0.0,3,3,3,3,full_6d,2290547997,,,nan,,False,,122.38972242199816,0.0005429727229042166,0.0005429727229042166,4.503315001547443e-06,5.676385769231756e-05,8.38543410415051e-13,0.27276976710982503,False,direct_vp,global_exact_spherical_vp,main_single_proposed,True,a3e6fbffb2b1ee42,adaptive_jones,cpu,False,,legacy_least_squares,cpu,explicit,,legacy_least_squares_numerical,False,,,0,0,,,,,,,,fixed_pol_anchor,True,fixed_anchor_then_adaptive_jones_score_selection,fixed_pol_anchor,1.7326683063551276,5.904823128215495,4.182507200855462,0.0,True,3,10,3260826.656975072,3265813.078074255,"[5.904823128215495,1.7326683063551276,4.9100301679957665]","[0.16935308277325262,0.5771445096158568,0.20366473642325533]","[1.9657384790657174e-07,1.8290960502108454e-07,2.3967969315360226e-07]",direct_vp,[],3093962.1544044935,3096560,True,7168793.705857779,74.88002753401001,18.893760790206805,0.03377110936415141,"[5.003581432270329,5.0240221618061165,5.083219573267502]",25.694800039054826,117.43528328416869,143.6836047822144,nan,nan,nan,nan,nan,nan,nan,,,nan,nan,nan,nan,nan,nan,nan,nan,nan,,,,nan,nan,nan,nan,nan,,False,,nan,,,nan,nan,nan,,,,,,,,0.0005429727229042166,4.503315001547443e-06,0.27276976710982503,nan,nan,nan,False,not_run,not_requested,"[5.904823128215495,1.7326683063551276,4.9100301679957665]","[0.16935308277325262,0.5771445096158568,0.20366473642325533]","[1.9657384790657174e-07,1.8290960502108454e-07,2.3967969315360226e-07]",,,,7168793.705857779,74.88002753401001,nan,nan,direct_vp,direct_vp,False,[],False,1.0,nan,nan,,,nan,nan,nan,False,nan,,,False,,nan,nan,,,nan,nan,nan,False,nan,,,,False,nan,nan,reliability_gated_ris_only,nan,nan,,decoupled_robust,legacy_multistart,0.0
fig5,adaptive_jones_vp_proposed,5,2290547997,0.0,snr_db,0.0,3,3,3,3,full_6d,2290547997,,,nan,,False,,125.41673140600324,0.0005429727229042166,0.0005429727229042166,4.503315001547443e-06,5.676385769231756e-05,8.38543410415051e-13,0.27276976710982503,False,direct_vp,global_exact_spherical_vp,main_single_proposed,True,b7d6098e1a88f71c,adaptive_jones,cpu,False,,legacy_least_squares,cpu,explicit,,legacy_least_squares_numerical,False,,,0,0,,,,,,,,fixed_pol_anchor,True,fixed_anchor_then_adaptive_jones_score_selection,fixed_pol_anchor,1.7326683063551276,5.904823128215495,4.182507200855462,0.0,True,3,10,3260826.656975072,3265813.078074255,"[5.904823128215495,1.7326683063551276,4.9100301679957665]","[0.16935308277325262,0.5771445096158568,0.20366473642325533]","[1.9657384790657174e-07,1.8290960502108454e-07,2.3967969315360226e-07]",direct_vp,[],3093962.1544044935,3096560,True,7168793.705857779,74.88002753401001,18.893760790206805,0.03377110936415141,"[5.003581432270329,5.0240221618061165,5.083219573267502]",25.694800039054826,120.78635015105829,147.03467164910398,nan,nan,nan,nan,nan,nan,nan,,,nan,nan,nan,nan,nan,nan,nan,nan,nan,,,,nan,nan,nan,nan,nan,,False,,nan,,,nan,nan,nan,,,,,,,,0.0005429727229042166,4.503315001547443e-06,0.27276976710982503,nan,nan,nan,False,not_run,not_requested,"[5.904823128215495,1.7326683063551276,4.9100301679957665]","[0.16935308277325262,0.5771445096158568,0.20366473642325533]","[1.9657384790657174e-07,1.8290960502108454e-07,2.3967969315360226e-07]",,,,7168793.705857779,74.88002753401001,nan,nan,direct_vp,direct_vp,False,[],True,1.0,0.0009522873537370236,0.0009522873537370236,2,data_only_efim_tau_crb,0.008908270285419349,2.860921485774248e-05,2.860921485774248e-05,True,0.000980896568594766,green,clock_green,False,ngc_green_skip_rescue,nan,nan,2,,nan,nan,nan,False,nan,,candidate_unavailable,ngc_green_skip_rescue,False,9.21034037197618,13.815510557964274,ngc_certified_ris_only,nan,nan,,decoupled_robust,legacy_multistart,0.0
fig5,force_rescue,5,2290547997,0.0,snr_db,0.0,3,3,3,3,full_6d,2290547997,,,nan,,False,,243.72968688514084,0.0005429727229042166,0.0005429727229042166,4.503315001547443e-06,5.676385769231756e-05,8.38543410415051e-13,0.27276976710982503,False,direct_vp_rollback,global_exact_spherical_vp,main_single_proposed,True,ea05e6e1acf4a9eb,adaptive_jones,cpu,False,,legacy_least_squares,cpu,explicit,,legacy_least_squares_numerical,False,,,0,0,,,,,,,,fixed_pol_anchor,True,fixed_anchor_then_adaptive_jones_score_selection,fixed_pol_anchor,1.7326683063551276,5.904823128215495,4.182507200855462,0.0,True,3,10,3260826.656975072,3265813.078074255,"[5.904823128215495,1.7326683063551276,4.9100301679957665]","[0.16935308277325262,0.5771445096158568,0.20366473642325533]","[1.9657384790657174e-07,1.8290960502108454e-07,2.3967969315360226e-07]",jnpp_then_vp,[],3093962.1544044935,3096560,True,7168793.705857779,74.88002753401001,18.893760790206805,0.03377110936415141,"[5.003581432270329,5.0240221618061165,5.083219573267502]",25.694800039054826,124.33680376596749,150.5851252640132,nan,nan,nan,nan,nan,nan,nan,,,nan,nan,nan,nan,nan,nan,nan,nan,nan,,,,nan,nan,nan,nan,nan,,False,,nan,,,nan,nan,nan,,,,,,,,0.0005429727229042166,4.503315001547443e-06,0.27276976710982503,0.0005429694038751298,4.503305967593937e-06,0.2727697671098236,True,rollback,existing_selector_rollback,"[5.904823128215495,1.7326683063551276,4.9100301679957665]","[0.16935308277325262,0.5771445096158568,0.20366473642325533]","[1.9657384790657174e-07,1.8290960502108454e-07,2.3967969315360226e-07]","[5.904823110371858,1.7326683071211475,4.91003017618896]","[0.16935308328501644,0.5771445093606988,0.2036647360834072]","[1.814870275770004e-07,1.7192683169677605e-07,2.612555321697004e-07]",7168793.705857779,74.88002753401001,7168793.602391345,74.8800285958658,direct_vp,direct_vp,False,[],False,1.0,nan,nan,,,nan,nan,nan,False,nan,,,False,,nan,nan,,,nan,nan,nan,False,nan,,,,False,nan,nan,force_ris_only,0.7000001077899377,0.027801230774334676,3,decoupled_robust,legacy_multistart,0.0
fig5,oracle_init_vp,5,2290547997,0.0,snr_db,0.0,3,3,3,3,full_6d,2290547997,,,nan,,False,,32.91347696701996,0.0005429674915584469,0.0005429674915584469,4.503285212796695e-06,5.676360721036311e-05,8.385537200460814e-13,0.27276976710982487,False,oracle_init_vp,global_exact_spherical_vp,,False,,adaptive_jones,cupy,True,0,cupy,cupy.linalg.solve,explicit,matrix_free,analytic_reduced_vp_explicit_gradient,False,matrix_free_cpu_only_gpu_backend,,0,0,0,0,,,,,,fixed_pol_anchor,False,,fixed_pol_anchor,nan,nan,nan,nan,False,3,4,3096725.458075429,3096752.4856520905,"[5.768545119244008,1.7084211038825066,4.068662667092475]","[0.17335393575378424,0.5853357803446244,0.24578100516515555]","[1.3467645007351317e-07,1.7219396084246135e-07,1.749936789963358e-08]",oracle_init_vp,"[""oracle_truth_initialization""]",nan,,,nan,nan,nan,nan,,0.0,32.911334266886115,32.911334266886115,nan,nan,nan,nan,nan,nan,nan,,,nan,nan,nan,nan,nan,nan,nan,nan,nan,,,,nan,nan,nan,nan,nan,,False,,nan,,,nan,nan,nan,,,,,,,,nan,nan,nan,nan,nan,nan,False,,,,,,,,,nan,nan,nan,nan,,,,[],False,nan,nan,nan,,,nan,nan,nan,False,nan,,,False,,nan,nan,,,nan,nan,nan,False,nan,,,,False,nan,nan,,nan,nan,,,legacy_multistart,
fig5,direct_vp,15,2734808712,0.0,snr_db,0.0,3,3,3,3,full_6d,2734808712,,,nan,,False,,77.27940869610757,0.00040875449539808507,0.00040875449539808507,4.7415079453118044e-06,0.0001742473064586332,1.6133642324051425e-12,0.11545139049077117,False,direct_vp,global_exact_spherical_vp,proposed_post_stage1,False,fd9dfd9f63660260,adaptive_jones,cpu,False,,legacy_least_squares,cpu,explicit,,legacy_least_squares_numerical,False,,,0,0,,,,,,,,fixed_pol_anchor,True,fixed_anchor_then_adaptive_jones_score_selection,fixed_pol_anchor,2.0214233007305005,11.062225190700927,5.176269009194048,0.0,True,3,4,3099516.967946699,nan,"[11.062225190700927,2.0214233007305005,2.445158536150715]","[0.09039772584177302,0.494700936531502,0.4089714369080552]",,direct_vp,"[""poor_clock_consistency""]",3099367.50987127,3096560,True,8672365.44115389,70.04754710172438,12.912323958039474,0.11941567285135814,"[4.798292366101138,5.057391892924728,5.04540504692861]",46.544509815983474,70.1845992738381,117.58118367777206,nan,nan,nan,nan,nan,nan,nan,,,nan,nan,nan,nan,nan,nan,nan,nan,nan,,,,nan,nan,nan,nan,nan,,False,,nan,,,nan,nan,nan,,,,,,,,0.00040875449539808507,4.7415079453118044e-06,0.11545139049077117,nan,nan,nan,False,not_run,not_requested,"[11.062225190700927,2.0214233007305005,2.445158536150715]","[0.09039772584177302,0.494700936531502,0.4089714369080552]",,,,,8672365.44115389,70.04754710172438,nan,nan,ris_only_stage2_then_vp,direct_vp,True,"[""poor_clock_consistency""]",False,1.0,nan,nan,,,nan,nan,nan,False,nan,,,False,,nan,nan,,,nan,nan,nan,False,nan,,,,False,nan,nan,reliability_gated,nan,nan,,decoupled_robust,legacy_multistart,0.0
fig5,old_gated,15,2734808712,0.0,snr_db,0.0,3,3,3,3,full_6d,2734808712,,,nan,,False,,76.16300498601049,0.00040875449539808507,0.00040875449539808507,4.7415079453118044e-06,0.0001742473064586332,1.6133642324051425e-12,0.11545139049077117,False,direct_vp,global_exact_spherical_vp,main_single_proposed,True,7f3902a059ad396d,adaptive_jones,cpu,False,,legacy_least_squares,cpu,explicit,,legacy_least_squares_numerical,False,,,0,0,,,,,,,,fixed_pol_anchor,True,fixed_anchor_then_adaptive_jones_score_selection,fixed_pol_anchor,2.0214233007305005,11.062225190700927,5.176269009194048,0.0,True,3,4,3099516.967946699,nan,"[11.062225190700927,2.0214233007305005,2.445158536150715]","[0.09039772584177302,0.494700936531502,0.4089714369080552]",,direct_vp,"[""poor_clock_consistency""]",3099367.50987127,3096560,True,8672365.44115389,70.04754710172438,12.912323958039474,0.11941567285135814,"[4.798292366101138,5.057391892924728,5.04540504692861]",46.544509815983474,69.99575875513256,117.39234315906651,nan,nan,nan,nan,nan,nan,nan,,,nan,nan,nan,nan,nan,nan,nan,nan,nan,,,,nan,nan,nan,nan,nan,,False,,nan,,,nan,nan,nan,,,,,,,,0.00040875449539808507,4.7415079453118044e-06,0.11545139049077117,nan,nan,nan,False,not_run,not_requested,"[11.062225190700927,2.0214233007305005,2.445158536150715]","[0.09039772584177302,0.494700936531502,0.4089714369080552]",,,,,8672365.44115389,70.04754710172438,nan,nan,ris_only_stage2_then_vp,direct_vp,True,"[""poor_clock_consistency""]",False,1.0,nan,nan,,,nan,nan,nan,False,nan,,,False,,nan,nan,,,nan,nan,nan,False,nan,,,,False,nan,nan,reliability_gated_ris_only,nan,nan,,decoupled_robust,legacy_multistart,0.0
fig5,adaptive_jones_vp_proposed,15,2734808712,0.0,snr_db,0.0,3,3,3,3,full_6d,2734808712,,,nan,,False,,76.25100502092391,0.00040875449539808507,0.00040875449539808507,4.7415079453118044e-06,0.0001742473064586332,1.6133642324051425e-12,0.11545139049077117,False,direct_vp,global_exact_spherical_vp,main_single_proposed,True,48b0b7ec626c1662,adaptive_jones,cpu,False,,legacy_least_squares,cpu,explicit,,legacy_least_squares_numerical,False,,,0,0,,,,,,,,fixed_pol_anchor,True,fixed_anchor_then_adaptive_jones_score_selection,fixed_pol_anchor,2.0214233007305005,11.062225190700927,5.176269009194048,0.0,True,3,4,3099516.967946699,nan,"[11.062225190700927,2.0214233007305005,2.445158536150715]","[0.09039772584177302,0.494700936531502,0.4089714369080552]",,direct_vp,"[""poor_clock_consistency""]",3099367.50987127,3096560,True,8672365.44115389,70.04754710172438,12.912323958039474,0.11941567285135814,"[4.798292366101138,5.057391892924728,5.04540504692861]",46.544509815983474,69.47201884305105,116.868603246985,nan,nan,nan,nan,nan,nan,nan,,,nan,nan,nan,nan,nan,nan,nan,nan,nan,,,,nan,nan,nan,nan,nan,,False,,nan,,,nan,nan,nan,,,,,,,,0.00040875449539808507,4.7415079453118044e-06,0.11545139049077117,nan,nan,nan,False,not_run,not_requested,"[11.062225190700927,2.0214233007305005,2.445158536150715]","[0.09039772584177302,0.494700936531502,0.4089714369080552]",,,,,8672365.44115389,70.04754710172438,nan,nan,ris_only_stage2_then_vp,direct_vp,True,"[""poor_clock_consistency""]",True,1.0,0.0005725156526103777,0.0005725156526103777,2,data_only_efim_tau_crb,0.006907216350855928,5.940678689182554e-05,5.940678689182554e-05,True,0.0006319224395022033,green,clock_green,False,ngc_green_skip_rescue,nan,nan,2,,nan,nan,nan,False,nan,,candidate_unavailable,ngc_green_skip_rescue,False,9.21034037197618,13.815510557964274,ngc_certified_ris_only,nan,nan,,decoupled_robust,legacy_multistart,0.0
fig5,force_rescue,15,2734808712,0.0,snr_db,0.0,3,3,3,3,full_6d,2734808712,,,nan,,False,,167.95113927894272,0.00040875449539808507,0.00040875449539808507,4.7415079453118044e-06,0.0001742473064586332,1.6133642324051425e-12,0.11545139049077117,False,direct_vp_rollback,global_exact_spherical_vp,main_single_proposed,True,07079d0c975846ee,adaptive_jones,cpu,False,,legacy_least_squares,cpu,explicit,,legacy_least_squares_numerical,False,,,0,0,,,,,,,,fixed_pol_anchor,True,fixed_anchor_then_adaptive_jones_score_selection,fixed_pol_anchor,2.0214233007305005,11.062225190700927,5.176269009194048,0.0,True,3,4,3099516.967946699,nan,"[11.062225190700927,2.0214233007305005,2.445158536150715]","[0.09039772584177302,0.494700936531502,0.4089714369080552]",,jnpp_then_vp,"[""poor_clock_consistency""]",3099367.50987127,3096560,True,8672365.44115389,70.04754710172438,12.912323958039474,0.11941567285135814,"[4.798292366101138,5.057391892924728,5.04540504692861]",46.544509815983474,71.09679369721562,118.49337810114957,nan,nan,nan,nan,nan,nan,nan,,,nan,nan,nan,nan,nan,nan,nan,nan,nan,,,,nan,nan,nan,nan,nan,,False,,nan,,,nan,nan,nan,,,,,,,,0.00040875449539808507,4.7415079453118044e-06,0.11545139049077117,0.00040874559399452774,4.7413997890417545e-06,0.11545139049077204,True,rollback,existing_selector_rollback,"[11.062225190700927,2.0214233007305005,2.445158536150715]","[0.09039772584177302,0.494700936531502,0.4089714369080552]",,"[11.062225151800162,2.0214233024768604,2.4451585352878222]","[0.09039772615966031,0.49470093610411703,0.40897143705238065]",,8672365.44115389,70.04754710172438,8672365.647891939,70.04754542679137,ris_only_stage2_then_vp,direct_vp,True,"[""poor_clock_consistency""]",False,1.0,nan,nan,,,nan,nan,nan,False,nan,,,False,,nan,nan,,,nan,nan,nan,False,nan,,,,False,nan,nan,force_ris_only,0.0007243613620026387,0.016947325696389712,3,decoupled_robust,legacy_multistart,0.0
fig5,oracle_init_vp,15,2734808712,0.0,snr_db,0.0,3,3,3,3,full_6d,2734808712,,,nan,,False,,45.68888995889574,0.00040875009757120935,0.00040875009757120935,4.741472167511745e-06,0.0001742461474867237,1.613354995109477e-12,0.11545139049077166,False,oracle_init_vp,global_exact_spherical_vp,,False,,adaptive_jones,cupy,True,0,cupy,cupy.linalg.solve,explicit,matrix_free,analytic_reduced_vp_explicit_gradient,False,matrix_free_cpu_only_gpu_backend,,0,0,0,0,,,,,,fixed_pol_anchor,False,,fixed_pol_anchor,nan,nan,nan,nan,False,3,4,3096725.458075429,3096750.640629701,"[11.072197590652383,2.023245578969766,2.4473628044824567]","[0.0903163072914423,0.49425537383710755,0.40860308825728947]","[3.1418314078898262e-09,1.3804877521779326e-08,3.0667549394349804e-07]",oracle_init_vp,"[""oracle_truth_initialization""]",nan,,,nan,nan,nan,nan,,0.0,45.68726431415416,45.68726431415416,nan,nan,nan,nan,nan,nan,nan,,,nan,nan,nan,nan,nan,nan,nan,nan,nan,,,,nan,nan,nan,nan,nan,,False,,nan,,,nan,nan,nan,,,,,,,,nan,nan,nan,nan,nan,nan,False,,,,,,,,,nan,nan,nan,nan,,,,[],False,nan,nan,nan,,,nan,nan,nan,False,nan,,,False,,nan,nan,,,nan,nan,nan,False,nan,,,,False,nan,nan,,nan,nan,,,legacy_multistart,
fig5,direct_vp,23,2043173887,0.0,snr_db,0.0,3,3,3,3,full_6d,2043173887,,,nan,,False,,58.03227054490708,0.0005270232522566178,0.0005270232522566178,5.145752298041826e-06,3.9553291737287064e-05,1.4645435672409835e-13,0.3275309049916613,False,direct_vp,global_exact_spherical_vp,proposed_post_stage1,False,56c12f7a16a3620b,adaptive_jones,cpu,False,,legacy_least_squares,cpu,explicit,,legacy_least_squares_numerical,False,,,0,0,,,,,,,,fixed_pol_anchor,True,fixed_anchor_then_adaptive_jones_score_selection,fixed_pol_anchor,2.081253292255829,12.391450551287223,5.585283120384429,0.0,True,3,4,3096396.0024497663,nan,"[12.391450551287223,2.081253292255829,2.283145517610235]","[0.08070080220622182,0.4804797204255897,0.43799223145637056]",,direct_vp,[],3096246.5443743374,3096560,True,8390753.274071978,64.02240337405821,14.507777498088041,0.06596920589528187,"[5.090916399537612,4.933332390587534,4.9811538822889725]",23.263828672003,52.612535713007674,76.70634524105117,nan,nan,nan,nan,nan,nan,nan,,,nan,nan,nan,nan,nan,nan,nan,nan,nan,,,,nan,nan,nan,nan,nan,,False,,nan,,,nan,nan,nan,,,,,,,,0.0005270232522566178,5.145752298041826e-06,0.3275309049916613,nan,nan,nan,False,not_run,not_requested,"[12.391450551287223,2.081253292255829,2.283145517610235]","[0.08070080220622182,0.4804797204255897,0.43799223145637056]",,,,,8390753.274071978,64.02240337405821,nan,nan,direct_vp,direct_vp,False,[],False,1.0,nan,nan,,,nan,nan,nan,False,nan,,,False,,nan,nan,,,nan,nan,nan,False,nan,,,,False,nan,nan,reliability_gated,nan,nan,,decoupled_robust,legacy_multistart,0.0
fig5,old_gated,23,2043173887,0.0,snr_db,0.0,3,3,3,3,full_6d,2043173887,,,nan,,False,,57.74354304908775,0.0005270232522566178,0.0005270232522566178,5.145752298041826e-06,3.9553291737287064e-05,1.4645435672409835e-13,0.3275309049916613,False,direct_vp,global_exact_spherical_vp,main_single_proposed,True,c7b3d0b88ec4dd56,adaptive_jones,cpu,False,,legacy_least_squares,cpu,explicit,,legacy_least_squares_numerical,False,,,0,0,,,,,,,,fixed_pol_anchor,True,fixed_anchor_then_adaptive_jones_score_selection,fixed_pol_anchor,2.081253292255829,12.391450551287223,5.585283120384429,0.0,True,3,4,3096396.0024497663,nan,"[12.391450551287223,2.081253292255829,2.283145517610235]","[0.08070080220622182,0.4804797204255897,0.43799223145637056]",,direct_vp,[],3096246.5443743374,3096560,True,8390753.274071978,64.02240337405821,14.507777498088041,0.06596920589528187,"[5.090916399537612,4.933332390587534,4.9811538822889725]",23.263828672003,52.80027413088828,76.89408365893178,nan,nan,nan,nan,nan,nan,nan,,,nan,nan,nan,nan,nan,nan,nan,nan,nan,,,,nan,nan,nan,nan,nan,,False,,nan,,,nan,nan,nan,,,,,,,,0.0005270232522566178,5.145752298041826e-06,0.3275309049916613,nan,nan,nan,False,not_run,not_requested,"[12.391450551287223,2.081253292255829,2.283145517610235]","[0.08070080220622182,0.4804797204255897,0.43799223145637056]",,,,,8390753.274071978,64.02240337405821,nan,nan,direct_vp,direct_vp,False,[],False,1.0,nan,nan,,,nan,nan,nan,False,nan,,,False,,nan,nan,,,nan,nan,nan,False,nan,,,,False,nan,nan,reliability_gated_ris_only,nan,nan,,decoupled_robust,legacy_multistart,0.0
fig5,adaptive_jones_vp_proposed,23,2043173887,0.0,snr_db,0.0,3,3,3,3,full_6d,2043173887,,,nan,,False,,57.89952748687938,0.0005270232522566178,0.0005270232522566178,5.145752298041826e-06,3.9553291737287064e-05,1.4645435672409835e-13,0.3275309049916613,False,direct_vp,global_exact_spherical_vp,main_single_proposed,True,c591535a980bf2a5,adaptive_jones,cpu,False,,legacy_least_squares,cpu,explicit,,legacy_least_squares_numerical,False,,,0,0,,,,,,,,fixed_pol_anchor,True,fixed_anchor_then_adaptive_jones_score_selection,fixed_pol_anchor,2.081253292255829,12.391450551287223,5.585283120384429,0.0,True,3,4,3096396.0024497663,nan,"[12.391450551287223,2.081253292255829,2.283145517610235]","[0.08070080220622182,0.4804797204255897,0.43799223145637056]",,direct_vp,[],3096246.5443743374,3096560,True,8390753.274071978,64.02240337405821,14.507777498088041,0.06596920589528187,"[5.090916399537612,4.933332390587534,4.9811538822889725]",23.263828672003,53.06039709202014,77.15420662006363,nan,nan,nan,nan,nan,nan,nan,,,nan,nan,nan,nan,nan,nan,nan,nan,nan,,,,nan,nan,nan,nan,nan,,False,,nan,,,nan,nan,nan,,,,,,,,0.0005270232522566178,5.145752298041826e-06,0.3275309049916613,nan,nan,nan,False,not_run,not_requested,"[12.391450551287223,2.081253292255829,2.283145517610235]","[0.08070080220622182,0.4804797204255897,0.43799223145637056]",,,,,8390753.274071978,64.02240337405821,nan,nan,direct_vp,direct_vp,False,[],True,1.0,0.005826366107472019,0.005826366107472019,2,data_only_efim_tau_crb,0.02203475683904866,2.613579413281664e-05,2.613579413281664e-05,True,0.0058525019016048355,green,clock_green,False,ngc_green_skip_rescue,nan,nan,2,,nan,nan,nan,False,nan,,candidate_unavailable,ngc_green_skip_rescue,False,9.21034037197618,13.815510557964274,ngc_certified_ris_only,nan,nan,,decoupled_robust,legacy_multistart,0.0
fig5,force_rescue,23,2043173887,0.0,snr_db,0.0,3,3,3,3,full_6d,2043173887,,,nan,,False,,125.78995854896493,0.0005270232522566178,0.0005270232522566178,5.145752298041826e-06,3.9553291737287064e-05,1.4645435672409835e-13,0.3275309049916613,False,direct_vp_rollback,global_exact_spherical_vp,main_single_proposed,True,a9a24c040a4f7472,adaptive_jones,cpu,False,,legacy_least_squares,cpu,explicit,,legacy_least_squares_numerical,False,,,0,0,,,,,,,,fixed_pol_anchor,True,fixed_anchor_then_adaptive_jones_score_selection,fixed_pol_anchor,2.081253292255829,12.391450551287223,5.585283120384429,0.0,True,3,4,3096396.0024497663,nan,"[12.391450551287223,2.081253292255829,2.283145517610235]","[0.08070080220622182,0.4804797204255897,0.43799223145637056]",,jnpp_then_vp,[],3096246.5443743374,3096560,True,8390753.274071978,64.02240337405821,14.507777498088041,0.06596920589528187,"[5.090916399537612,4.933332390587534,4.9811538822889725]",23.263828672003,52.77282130601816,76.86663083406165,nan,nan,nan,nan,nan,nan,nan,,,nan,nan,nan,nan,nan,nan,nan,nan,nan,,,,nan,nan,nan,nan,nan,,False,,nan,,,nan,nan,nan,,,,,,,,0.0005270232522566178,5.145752298041826e-06,0.3275309049916613,0.000527012556505726,5.1456937548593595e-06,0.32753090499166504,True,rollback,existing_selector_rollback,"[12.391450551287223,2.081253292255829,2.283145517610235]","[0.08070080220622182,0.4804797204255897,0.43799223145637056]",,"[12.39145061560251,2.0812532914114423,2.283145515361375]","[0.08070080178736083,0.4804797206205254,0.4379922318877855]",,8390753.274071978,64.02240337405821,8390753.470847733,64.02240177374303,direct_vp,direct_vp,False,[],False,1.0,nan,nan,,,nan,nan,nan,False,nan,,,False,,nan,nan,,,nan,nan,nan,False,nan,,,,False,nan,nan,force_ris_only,0.00012265887646726142,0.019480546559810623,3,decoupled_robust,legacy_multistart,0.0
fig5,oracle_init_vp,23,2043173887,0.0,snr_db,0.0,3,3,3,3,full_6d,2043173887,,,nan,,False,,32.49058716907166,0.0005270136912765599,0.0005270136912765599,5.1457072369956204e-06,3.9553519641440946e-05,1.464501677469185e-13,0.32753090499166354,False,oracle_init_vp,global_exact_spherical_vp,,False,,adaptive_jones,cupy,True,0,cupy,cupy.linalg.solve,explicit,matrix_free,analytic_reduced_vp_explicit_gradient,False,matrix_free_cpu_only_gpu_backend,,0,0,0,0,,,,,,fixed_pol_anchor,False,,fixed_pol_anchor,nan,nan,nan,nan,False,3,4,3096725.458075429,3096754.7544411058,"[12.390132180778673,2.0810318601811,2.282902605702301]","[0.08070938916527068,0.48053084584245376,0.4380388359537931]","[1.1391209433614881e-07,1.8927352686425713e-07,1.3140899433315253e-08]",oracle_init_vp,"[""oracle_truth_initialization""]",nan,,,nan,nan,nan,nan,,0.0,32.488837683107704,32.488837683107704,nan,nan,nan,nan,nan,nan,nan,,,nan,nan,nan,nan,nan,nan,nan,nan,nan,,,,nan,nan,nan,nan,nan,,False,,nan,,,nan,nan,nan,,,,,,,,nan,nan,nan,nan,nan,nan,False,,,,,,,,,nan,nan,nan,nan,,,,[],False,nan,nan,nan,,,nan,nan,nan,False,nan,,,False,,nan,nan,,,nan,nan,nan,False,nan,,,,False,nan,nan,,nan,nan,,,legacy_multistart,
fig5,direct_vp,0,3147786918,5.0,snr_db,5.0,3,3,3,3,full_6d,3147786918,,,nan,,False,,57.9660611001309,0.0002093356906074879,0.0002093356906074879,8.202692313153103e-07,3.2225744870374044e-05,1.7663485692017824e-13,0.12532463389259152,False,direct_vp,global_exact_spherical_vp,proposed_post_stage1,False,c8b84c4e84623ff3,adaptive_jones,cpu,False,,legacy_least_squares,cpu,explicit,,legacy_least_squares_numerical,False,,,0,0,,,,,,,,fixed_pol_anchor,True,fixed_anchor_then_adaptive_jones_score_selection,fixed_pol_anchor,0.5916776611609296,2.3056057069008147,1.2847563904630237,0.0,True,3,4,3095619.2755390196,nan,"[2.3056057069008147,0.5916776611609296,0.9569858033273264]","[0.43372550519138425,1.6901094390437357,1.0449475807500606]",,direct_vp,[],3095469.8174635908,3096560,True,26021736.814365033,69.79196534787411,32.03493931318016,0.013775112623366899,"[5.001317725609922,4.967576182103083,4.984295440256261]",24.779665729030967,52.679618609836325,78.1775438177865,nan,nan,nan,nan,nan,nan,nan,,,nan,nan,nan,nan,nan,nan,nan,nan,nan,,,,nan,nan,nan,nan,nan,,False,,nan,,,nan,nan,nan,,,,,,,,0.0002093356906074879,8.202692313153103e-07,0.12532463389259152,nan,nan,nan,False,not_run,not_requested,"[2.3056057069008147,0.5916776611609296,0.9569858033273264]","[0.43372550519138425,1.6901094390437357,1.0449475807500606]",,,,,26021736.814365033,69.79196534787411,nan,nan,direct_vp,direct_vp,False,[],False,1.0,nan,nan,,,nan,nan,nan,False,nan,,,False,,nan,nan,,,nan,nan,nan,False,nan,,,,False,nan,nan,reliability_gated,nan,nan,,decoupled_robust,legacy_multistart,0.0
fig5,old_gated,0,3147786918,5.0,snr_db,5.0,3,3,3,3,full_6d,3147786918,,,nan,,False,,57.2814098179806,0.0002093356906074879,0.0002093356906074879,8.202692313153103e-07,3.2225744870374044e-05,1.7663485692017824e-13,0.12532463389259152,False,direct_vp,global_exact_spherical_vp,main_single_proposed,True,b7560fa2a5f36324,adaptive_jones,cpu,False,,legacy_least_squares,cpu,explicit,,legacy_least_squares_numerical,False,,,0,0,,,,,,,,fixed_pol_anchor,True,fixed_anchor_then_adaptive_jones_score_selection,fixed_pol_anchor,0.5916776611609296,2.3056057069008147,1.2847563904630237,0.0,True,3,4,3095619.2755390196,nan,"[2.3056057069008147,0.5916776611609296,0.9569858033273264]","[0.43372550519138425,1.6901094390437357,1.0449475807500606]",,direct_vp,[],3095469.8174635908,3096560,True,26021736.814365033,69.79196534787411,32.03493931318016,0.013775112623366899,"[5.001317725609922,4.967576182103083,4.984295440256261]",24.779665729030967,52.409738674992695,77.90766388294287,nan,nan,nan,nan,nan,nan,nan,,,nan,nan,nan,nan,nan,nan,nan,nan,nan,,,,nan,nan,nan,nan,nan,,False,,nan,,,nan,nan,nan,,,,,,,,0.0002093356906074879,8.202692313153103e-07,0.12532463389259152,nan,nan,nan,False,not_run,not_requested,"[2.3056057069008147,0.5916776611609296,0.9569858033273264]","[0.43372550519138425,1.6901094390437357,1.0449475807500606]",,,,,26021736.814365033,69.79196534787411,nan,nan,direct_vp,direct_vp,False,[],False,1.0,nan,nan,,,nan,nan,nan,False,nan,,,False,,nan,nan,,,nan,nan,nan,False,nan,,,,False,nan,nan,reliability_gated_ris_only,nan,nan,,decoupled_robust,legacy_multistart,0.0
fig5,adaptive_jones_vp_proposed,0,3147786918,5.0,snr_db,5.0,3,3,3,3,full_6d,3147786918,,,nan,,False,,57.30844362801872,0.0002093356906074879,0.0002093356906074879,8.202692313153103e-07,3.2225744870374044e-05,1.7663485692017824e-13,0.12532463389259152,False,direct_vp,global_exact_spherical_vp,main_single_proposed,True,5acfa07aa147fe19,adaptive_jones,cpu,False,,legacy_least_squares,cpu,explicit,,legacy_least_squares_numerical,False,,,0,0,,,,,,,,fixed_pol_anchor,True,fixed_anchor_then_adaptive_jones_score_selection,fixed_pol_anchor,0.5916776611609296,2.3056057069008147,1.2847563904630237,0.0,True,3,4,3095619.2755390196,nan,"[2.3056057069008147,0.5916776611609296,0.9569858033273264]","[0.43372550519138425,1.6901094390437357,1.0449475807500606]",,direct_vp,[],3095469.8174635908,3096560,True,26021736.814365033,69.79196534787411,32.03493931318016,0.013775112623366899,"[5.001317725609922,4.967576182103083,4.984295440256261]",24.779665729030967,52.448994264006615,77.94691947195679,nan,nan,nan,nan,nan,nan,nan,,,nan,nan,nan,nan,nan,nan,nan,nan,nan,,,,nan,nan,nan,nan,nan,,False,,nan,,,nan,nan,nan,,,,,,,,0.0002093356906074879,8.202692313153103e-07,0.12532463389259152,nan,nan,nan,False,not_run,not_requested,"[2.3056057069008147,0.5916776611609296,0.9569858033273264]","[0.43372550519138425,1.6901094390437357,1.0449475807500606]",,,,,26021736.814365033,69.79196534787411,nan,nan,direct_vp,direct_vp,False,[],True,1.0,0.000699236589522211,0.000699236589522211,2,data_only_efim_tau_crb,0.007633460276540226,7.231121419421532e-06,7.231121419421532e-06,True,0.0007064677109416325,green,clock_green,False,ngc_green_skip_rescue,nan,nan,2,,nan,nan,nan,False,nan,,candidate_unavailable,ngc_green_skip_rescue,False,9.21034037197618,13.815510557964274,ngc_certified_ris_only,nan,nan,,decoupled_robust,legacy_multistart,0.0
fig5,force_rescue,0,3147786918,5.0,snr_db,5.0,3,3,3,3,full_6d,3147786918,,,nan,,False,,122.29052397608757,0.0002093356906074879,0.0002093356906074879,8.202692313153103e-07,3.2225744870374044e-05,1.7663485692017824e-13,0.12532463389259152,False,direct_vp_rollback,global_exact_spherical_vp,main_single_proposed,True,1d5b47b81eb6613e,adaptive_jones,cpu,False,,legacy_least_squares,cpu,explicit,,legacy_least_squares_numerical,False,,,0,0,,,,,,,,fixed_pol_anchor,True,fixed_anchor_then_adaptive_jones_score_selection,fixed_pol_anchor,0.5916776611609296,2.3056057069008147,1.2847563904630237,0.0,True,3,4,3095619.2755390196,nan,"[2.3056057069008147,0.5916776611609296,0.9569858033273264]","[0.43372550519138425,1.6901094390437357,1.0449475807500606]",,jnpp_then_vp,[],3095469.8174635908,3096560,True,26021736.814365033,69.79196534787411,32.03493931318016,0.013775112623366899,"[5.001317725609922,4.967576182103083,4.984295440256261]",24.779665729030967,53.35186820989475,78.84979341784492,nan,nan,nan,nan,nan,nan,nan,,,nan,nan,nan,nan,nan,nan,nan,nan,nan,,,,nan,nan,nan,nan,nan,,False,,nan,,,nan,nan,nan,,,,,,,,0.0002093356906074879,8.202692313153103e-07,0.12532463389259152,0.00020934634983994934,8.202851083069788e-07,0.12532463389259235,True,rollback,existing_selector_rollback,"[2.3056057069008147,0.5916776611609296,0.9569858033273264]","[0.43372550519138425,1.6901094390437357,1.0449475807500606]",,"[2.3056057064773143,0.5916776610855806,0.9569858033660829]","[0.43372550527105225,1.690109439258968,1.0449475807077417]",,26021736.814365033,69.79196534787411,26021737.774677917,69.79196306885838,direct_vp,direct_vp,False,[],False,1.0,nan,nan,,,nan,nan,nan,False,nan,,,False,,nan,nan,,,nan,nan,nan,False,nan,,,,False,nan,nan,force_ris_only,0.00022698014826958481,0.008780146468017874,3,decoupled_robust,legacy_multistart,0.0
fig5,oracle_init_vp,0,3147786918,5.0,snr_db,5.0,3,3,3,3,full_6d,3147786918,,,nan,,False,,26.789307846920565,0.00020933983337278653,0.00020933983337278653,8.202741600332005e-07,3.222626945141185e-05,1.766350433250108e-13,0.12532463389259024,False,oracle_init_vp,global_exact_spherical_vp,,False,,adaptive_jones,cupy,True,0,cupy,cupy.linalg.solve,explicit,matrix_free,analytic_reduced_vp_explicit_gradient,False,matrix_free_cpu_only_gpu_backend,,0,0,0,0,,,,,,fixed_pol_anchor,False,,fixed_pol_anchor,nan,nan,nan,nan,False,3,4,3096725.458075429,3096770.2441253937,"[2.3047820807154005,0.5914662975158526,0.9566439415512047]","[0.43388049931701006,1.6907134086919067,1.04532099829905]","[2.0217429341616897e-08,1.0701329158840805e-07,1.002093139588717e-08]",oracle_init_vp,"[""oracle_truth_initialization""]",nan,,,nan,nan,nan,nan,,0.0,26.787616421002895,26.787616421002895,nan,nan,nan,nan,nan,nan,nan,,,nan,nan,nan,nan,nan,nan,nan,nan,nan,,,,nan,nan,nan,nan,nan,,False,,nan,,,nan,nan,nan,,,,,,,,nan,nan,nan,nan,nan,nan,False,,,,,,,,,nan,nan,nan,nan,,,,[],False,nan,nan,nan,,,nan,nan,nan,False,nan,,,False,,nan,nan,,,nan,nan,nan,False,nan,,,,False,nan,nan,,nan,nan,,,legacy_multistart,
fig5,direct_vp,17,2127997378,0.0,snr_db,0.0,3,3,3,3,full_6d,2127997378,,,nan,,False,,77.18298235209659,0.00030353244197539375,0.00030353244197539375,5.525613823967871e-06,2.7611757788002687e-05,2.371867883124502e-13,0.4004865659500459,False,direct_vp,global_exact_spherical_vp,proposed_post_stage1,False,4f4514b5fc9d2f3b,adaptive_jones,cpu,False,,legacy_least_squares,cpu,explicit,,legacy_least_squares_numerical,False,,,0,0,,,,,,,,fixed_pol_anchor,True,fixed_anchor_then_adaptive_jones_score_selection,fixed_pol_anchor,1.6590429397044864,5.856063555832879,3.974973778765872,0.0,True,3,4,3100097.3001112784,nan,"[4.4098148407602515,1.6590429397044864,5.856063555832879]","[0.2267668906985651,0.602757153577028,0.1707631740092887]",,direct_vp,"[""poor_clock_consistency""]",3099947.8420358496,3096560,True,6510789.909122244,83.20003763599867,21.13460730642408,0.1275730534769817,"[4.959098500517721,4.940878268999352,5.220151289786311]",44.79041818412952,70.301864806097,116.0195097993128,nan,nan,nan,nan,nan,nan,nan,,,nan,nan,nan,nan,nan,nan,nan,nan,nan,,,,nan,nan,nan,nan,nan,,False,,nan,,,nan,nan,nan,,,,,,,,0.00030353244197539375,5.525613823967871e-06,0.4004865659500459,nan,nan,nan,False,not_run,not_requested,"[4.4098148407602515,1.6590429397044864,5.856063555832879]","[0.2267668906985651,0.602757153577028,0.1707631740092887]",,,,,6510789.909122244,83.20003763599867,nan,nan,ris_only_stage2_then_vp,direct_vp,True,"[""poor_clock_consistency""]",False,1.0,nan,nan,,,nan,nan,nan,False,nan,,,False,,nan,nan,,,nan,nan,nan,False,nan,,,,False,nan,nan,reliability_gated,nan,nan,,decoupled_robust,legacy_multistart,0.0
fig5,old_gated,17,2127997378,0.0,snr_db,0.0,3,3,3,3,full_6d,2127997378,,,nan,,False,,76.41473529511131,0.00030353244197539375,0.00030353244197539375,5.525613823967871e-06,2.7611757788002687e-05,2.371867883124502e-13,0.4004865659500459,False,direct_vp,global_exact_spherical_vp,main_single_proposed,True,920c6470db2cac14,adaptive_jones,cpu,False,,legacy_least_squares,cpu,explicit,,legacy_least_squares_numerical,False,,,0,0,,,,,,,,fixed_pol_anchor,True,fixed_anchor_then_adaptive_jones_score_selection,fixed_pol_anchor,1.6590429397044864,5.856063555832879,3.974973778765872,0.0,True,3,4,3100097.3001112784,nan,"[4.4098148407602515,1.6590429397044864,5.856063555832879]","[0.2267668906985651,0.602757153577028,0.1707631740092887]",,direct_vp,"[""poor_clock_consistency""]",3099947.8420358496,3096560,True,6510789.909122244,83.20003763599867,21.13460730642408,0.1275730534769817,"[4.959098500517721,4.940878268999352,5.220151289786311]",44.79041818412952,69.81162669113837,115.52927168435417,nan,nan,nan,nan,nan,nan,nan,,,nan,nan,nan,nan,nan,nan,nan,nan,nan,,,,nan,nan,nan,nan,nan,,False,,nan,,,nan,nan,nan,,,,,,,,0.00030353244197539375,5.525613823967871e-06,0.4004865659500459,nan,nan,nan,False,not_run,not_requested,"[4.4098148407602515,1.6590429397044864,5.856063555832879]","[0.2267668906985651,0.602757153577028,0.1707631740092887]",,,,,6510789.909122244,83.20003763599867,nan,nan,ris_only_stage2_then_vp,direct_vp,True,"[""poor_clock_consistency""]",False,1.0,nan,nan,,,nan,nan,nan,False,nan,,,False,,nan,nan,,,nan,nan,nan,False,nan,,,,False,nan,nan,reliability_gated_ris_only,nan,nan,,decoupled_robust,legacy_multistart,0.0
fig5,adaptive_jones_vp_proposed,17,2127997378,0.0,snr_db,0.0,3,3,3,3,full_6d,2127997378,,,nan,,False,,77.01760440715589,0.00030353244197539375,0.00030353244197539375,5.525613823967871e-06,2.7611757788002687e-05,2.371867883124502e-13,0.4004865659500459,False,direct_vp,global_exact_spherical_vp,main_single_proposed,True,da16cfea0971fff9,adaptive_jones,cpu,False,,legacy_least_squares,cpu,explicit,,legacy_least_squares_numerical,False,,,0,0,,,,,,,,fixed_pol_anchor,True,fixed_anchor_then_adaptive_jones_score_selection,fixed_pol_anchor,1.6590429397044864,5.856063555832879,3.974973778765872,0.0,True,3,4,3100097.3001112784,nan,"[4.4098148407602515,1.6590429397044864,5.856063555832879]","[0.2267668906985651,0.602757153577028,0.1707631740092887]",,direct_vp,"[""poor_clock_consistency""]",3099947.8420358496,3096560,True,6510789.909122244,83.20003763599867,21.13460730642408,0.1275730534769817,"[4.959098500517721,4.940878268999352,5.220151289786311]",44.79041818412952,70.17403245111927,115.89167744433507,nan,nan,nan,nan,nan,nan,nan,,,nan,nan,nan,nan,nan,nan,nan,nan,nan,,,,nan,nan,nan,nan,nan,,False,,nan,,,nan,nan,nan,,,,,,,,0.00030353244197539375,5.525613823967871e-06,0.4004865659500459,nan,nan,nan,False,not_run,not_requested,"[4.4098148407602515,1.6590429397044864,5.856063555832879]","[0.2267668906985651,0.602757153577028,0.1707631740092887]",,,,,6510789.909122244,83.20003763599867,nan,nan,ris_only_stage2_then_vp,direct_vp,True,"[""poor_clock_consistency""]",True,1.0,0.0037591743945271684,0.0037591743945271684,2,data_only_efim_tau_crb,0.017699280575132544,6.5753997782237e-05,6.5753997782237e-05,True,0.0038249283923094055,green,clock_green,False,ngc_green_skip_rescue,nan,nan,2,,nan,nan,nan,False,nan,,candidate_unavailable,ngc_green_skip_rescue,False,9.21034037197618,13.815510557964274,ngc_certified_ris_only,nan,nan,,decoupled_robust,legacy_multistart,0.0
fig5,force_rescue,17,2127997378,0.0,snr_db,0.0,3,3,3,3,full_6d,2127997378,,,nan,,False,,152.91145567013882,0.00030353244197539375,0.00030353244197539375,5.525613823967871e-06,2.7611757788002687e-05,2.371867883124502e-13,0.4004865659500459,False,direct_vp_rollback,global_exact_spherical_vp,main_single_proposed,True,e37fa8fdd379897c,adaptive_jones,cpu,False,,legacy_least_squares,cpu,explicit,,legacy_least_squares_numerical,False,,,0,0,,,,,,,,fixed_pol_anchor,True,fixed_anchor_then_adaptive_jones_score_selection,fixed_pol_anchor,1.6590429397044864,5.856063555832879,3.974973778765872,0.0,True,3,4,3100097.3001112784,nan,"[4.4098148407602515,1.6590429397044864,5.856063555832879]","[0.2267668906985651,0.602757153577028,0.1707631740092887]",,jnpp_then_vp,"[""poor_clock_consistency""]",3099947.8420358496,3096560,True,6510789.909122244,83.20003763599867,21.13460730642408,0.1275730534769817,"[4.959098500517721,4.940878268999352,5.220151289786311]",44.79041818412952,66.73539938195609,112.45304437517188,nan,nan,nan,nan,nan,nan,nan,,,nan,nan,nan,nan,nan,nan,nan,nan,nan,,,,nan,nan,nan,nan,nan,,False,,nan,,,nan,nan,nan,,,,,,,,0.00030353244197539375,5.525613823967871e-06,0.4004865659500459,0.0003035118920666819,5.525649308941111e-06,0.40048656595005433,True,rollback,existing_selector_rollback,"[4.4098148407602515,1.6590429397044864,5.856063555832879]","[0.2267668906985651,0.602757153577028,0.1707631740092887]",,"[4.409814841176921,1.6590429403709286,5.856063554949663]","[0.2267668906771386,0.6027571533348987,0.17076317403504335]",,6510789.909122244,83.20003763599867,6510789.302623151,83.20004570380893,ris_only_stage2_then_vp,direct_vp,True,"[""poor_clock_consistency""]",False,1.0,nan,nan,,,nan,nan,nan,False,nan,,,False,,nan,nan,,,nan,nan,nan,False,nan,,,,False,nan,nan,force_ris_only,0.0001712934510175934,0.024132433093448973,3,decoupled_robust,legacy_multistart,0.0
fig5,oracle_init_vp,17,2127997378,0.0,snr_db,0.0,3,3,3,3,full_6d,2127997378,,,nan,,False,,44.30244038696401,0.00030353892830839885,0.00030353892830839885,5.525622173466488e-06,2.7612435760407327e-05,2.3718969663141545e-13,0.40048656595004717,False,oracle_init_vp,global_exact_spherical_vp,,False,,adaptive_jones,cupy,True,0,cupy,cupy.linalg.solve,explicit,matrix_free,analytic_reduced_vp_explicit_gradient,False,matrix_free_cpu_only_gpu_backend,,0,0,0,0,,,,,,fixed_pol_anchor,False,,fixed_pol_anchor,nan,nan,nan,nan,False,3,4,3096725.458075429,3096751.3059918927,"[4.414616660323705,1.660849461090126,5.862440186281301]","[0.22652023424436127,0.602101529022367,0.17057743332447775]","[3.851762042659506e-08,8.191980916786157e-08,1.7539523482158828e-07]",oracle_init_vp,"[""oracle_truth_initialization""]",nan,,,nan,nan,nan,nan,,0.0,44.30080371699296,44.30080371699296,nan,nan,nan,nan,nan,nan,nan,,,nan,nan,nan,nan,nan,nan,nan,nan,nan,,,,nan,nan,nan,nan,nan,,False,,nan,,,nan,nan,nan,,,,,,,,nan,nan,nan,nan,nan,nan,False,,,,,,,,,nan,nan,nan,nan,,,,[],False,nan,nan,nan,,,nan,nan,nan,False,nan,,,False,,nan,nan,,,nan,nan,nan,False,nan,,,,False,nan,nan,,nan,nan,,,legacy_multistart,
fig5,direct_vp,22,3206710796,0.0,snr_db,0.0,3,3,3,3,full_6d,3206710796,,,nan,,False,,72.77285805600695,0.0002008124100928153,0.0002008124100928153,5.062298801530853e-06,6.495753229039847e-05,1.0733509765864462e-12,0.1071358765584035,False,direct_vp,global_exact_spherical_vp,proposed_post_stage1,False,f7b10524b7a1a4a1,adaptive_jones,cpu,False,,legacy_least_squares,cpu,explicit,,legacy_least_squares_numerical,False,,,0,0,,,,,,,,fixed_pol_anchor,True,fixed_anchor_then_adaptive_jones_score_selection,fixed_pol_anchor,2.2064291483662397,7.040987788279571,3.903211826856154,0.0,True,3,4,3093356.800386276,nan,"[2.4622185439226514,2.2064291483662397,7.040987788279571]","[0.4061377908414258,0.4532209886450458,0.14202552682417077]",,direct_vp,[],3093207.3423108472,3096560,True,5684530.542759405,85.46367991443769,13.980797383563967,0.06525659134395545,"[4.934996731432716,4.903154567291155,5.054731315109189]",44.28601978207007,67.27197972405702,112.4622940251138,nan,nan,nan,nan,nan,nan,nan,,,nan,nan,nan,nan,nan,nan,nan,nan,nan,,,,nan,nan,nan,nan,nan,,False,,nan,,,nan,nan,nan,,,,,,,,0.0002008124100928153,5.062298801530853e-06,0.1071358765584035,nan,nan,nan,False,not_run,not_requested,"[2.4622185439226514,2.2064291483662397,7.040987788279571]","[0.4061377908414258,0.4532209886450458,0.14202552682417077]",,,,,5684530.542759405,85.46367991443769,nan,nan,direct_vp,direct_vp,False,[],False,1.0,nan,nan,,,nan,nan,nan,False,nan,,,False,,nan,nan,,,nan,nan,nan,False,nan,,,,False,nan,nan,reliability_gated,nan,nan,,decoupled_robust,legacy_multistart,0.0
fig5,old_gated,22,3206710796,0.0,snr_db,0.0,3,3,3,3,full_6d,3206710796,,,nan,,False,,57.2294202640187,0.0002008124100928153,0.0002008124100928153,5.062298801530853e-06,6.495753229039847e-05,1.0733509765864462e-12,0.1071358765584035,False,direct_vp,global_exact_spherical_vp,main_single_proposed,True,744da084da4a32f2,adaptive_jones,cpu,False,,legacy_least_squares,cpu,explicit,,legacy_least_squares_numerical,False,,,0,0,,,,,,,,fixed_pol_anchor,True,fixed_anchor_then_adaptive_jones_score_selection,fixed_pol_anchor,2.2064291483662397,7.040987788279571,3.903211826856154,0.0,True,3,4,3093356.800386276,nan,"[2.4622185439226514,2.2064291483662397,7.040987788279571]","[0.4061377908414258,0.4532209886450458,0.14202552682417077]",,direct_vp,[],3093207.3423108472,3096560,True,5684530.542759405,85.46367991443769,13.980797383563967,0.06525659134395545,"[4.934996731432716,4.903154567291155,5.054731315109189]",44.28601978207007,52.42557384609245,97.61588814714924,nan,nan,nan,nan,nan,nan,nan,,,nan,nan,nan,nan,nan,nan,nan,nan,nan,,,,nan,nan,nan,nan,nan,,False,,nan,,,nan,nan,nan,,,,,,,,0.0002008124100928153,5.062298801530853e-06,0.1071358765584035,nan,nan,nan,False,not_run,not_requested,"[2.4622185439226514,2.2064291483662397,7.040987788279571]","[0.4061377908414258,0.4532209886450458,0.14202552682417077]",,,,,5684530.542759405,85.46367991443769,nan,nan,direct_vp,direct_vp,False,[],False,1.0,nan,nan,,,nan,nan,nan,False,nan,,,False,,nan,nan,,,nan,nan,nan,False,nan,,,,False,nan,nan,reliability_gated_ris_only,nan,nan,,decoupled_robust,legacy_multistart,0.0
fig5,adaptive_jones_vp_proposed,22,3206710796,0.0,snr_db,0.0,3,3,3,3,full_6d,3206710796,,,nan,,False,,50.938905994175,0.0002008124100928153,0.0002008124100928153,5.062298801530853e-06,6.495753229039847e-05,1.0733509765864462e-12,0.1071358765584035,False,direct_vp,global_exact_spherical_vp,main_single_proposed,True,b20abc60f5a23cf4,adaptive_jones,cpu,False,,legacy_least_squares,cpu,explicit,,legacy_least_squares_numerical,False,,,0,0,,,,,,,,fixed_pol_anchor,True,fixed_anchor_then_adaptive_jones_score_selection,fixed_pol_anchor,2.2064291483662397,7.040987788279571,3.903211826856154,0.0,True,3,4,3093356.800386276,nan,"[2.4622185439226514,2.2064291483662397,7.040987788279571]","[0.4061377908414258,0.4532209886450458,0.14202552682417077]",,direct_vp,[],3093207.3423108472,3096560,True,5684530.542759405,85.46367991443769,13.980797383563967,0.06525659134395545,"[4.934996731432716,4.903154567291155,5.054731315109189]",44.28601978207007,46.6790741418954,91.86938844295219,nan,nan,nan,nan,nan,nan,nan,,,nan,nan,nan,nan,nan,nan,nan,nan,nan,,,,nan,nan,nan,nan,nan,,False,,nan,,,nan,nan,nan,,,,,,,,0.0002008124100928153,5.062298801530853e-06,0.1071358765584035,nan,nan,nan,False,not_run,not_requested,"[2.4622185439226514,2.2064291483662397,7.040987788279571]","[0.4061377908414258,0.4532209886450458,0.14202552682417077]",,,,,5684530.542759405,85.46367991443769,nan,nan,direct_vp,direct_vp,False,[],True,1.0,0.0016825897299661114,0.0016825897299661114,2,data_only_efim_tau_crb,0.011841275726479361,1.6055644965957874e-05,1.6055644965957874e-05,True,0.0016986453749320693,green,clock_green,False,ngc_green_skip_rescue,nan,nan,2,,nan,nan,nan,False,nan,,candidate_unavailable,ngc_green_skip_rescue,False,9.21034037197618,13.815510557964274,ngc_certified_ris_only,nan,nan,,decoupled_robust,legacy_multistart,0.0
fig5,force_rescue,22,3206710796,0.0,snr_db,0.0,3,3,3,3,full_6d,3206710796,,,nan,,False,,110.25116204889491,0.0002008124100928153,0.0002008124100928153,5.062298801530853e-06,6.495753229039847e-05,1.0733509765864462e-12,0.1071358765584035,False,direct_vp_rollback,global_exact_spherical_vp,main_single_proposed,True,a6fa324ecc6f6a6e,adaptive_jones,cpu,False,,legacy_least_squares,cpu,explicit,,legacy_least_squares_numerical,False,,,0,0,,,,,,,,fixed_pol_anchor,True,fixed_anchor_then_adaptive_jones_score_selection,fixed_pol_anchor,2.2064291483662397,7.040987788279571,3.903211826856154,0.0,True,3,4,3093356.800386276,nan,"[2.4622185439226514,2.2064291483662397,7.040987788279571]","[0.4061377908414258,0.4532209886450458,0.14202552682417077]",,jnpp_then_vp,[],3093207.3423108472,3096560,True,5684530.542759405,85.46367991443769,13.980797383563967,0.06525659134395545,"[4.934996731432716,4.903154567291155,5.054731315109189]",44.28601978207007,42.16218333598226,87.35249763703905,nan,nan,nan,nan,nan,nan,nan,,,nan,nan,nan,nan,nan,nan,nan,nan,nan,,,,nan,nan,nan,nan,nan,,False,,nan,,,nan,nan,nan,,,,,,,,0.0002008124100928153,5.062298801530853e-06,0.1071358765584035,0.00020081644533823554,5.062304859256722e-06,0.10713587655840347,True,rollback,existing_selector_rollback,"[2.4622185439226514,2.2064291483662397,7.040987788279571]","[0.4061377908414258,0.4532209886450458,0.14202552682417077]",,"[2.4622185439991897,2.2064291484147796,7.0409877878814875]","[0.40613779082880097,0.4532209886350753,0.1420255268322006]",,5684530.542759405,85.46367991443769,5684530.660117672,85.46367814796419,direct_vp,direct_vp,False,[],False,1.0,nan,nan,,,nan,nan,nan,False,nan,,,False,,nan,nan,,,nan,nan,nan,False,nan,,,,False,nan,nan,force_ris_only,0.0005139288147641642,0.05719006436193859,3,decoupled_robust,legacy_multistart,0.0
fig5,oracle_init_vp,22,3206710796,0.0,snr_db,0.0,3,3,3,3,full_6d,3206710796,,,nan,,False,,32.277142740087584,0.000200815701191837,0.000200815701191837,5.0622976476091804e-06,6.495806781768254e-05,1.073347264152369e-12,0.10713587655840368,False,oracle_init_vp,global_exact_spherical_vp,,False,,adaptive_jones,cupy,True,0,cupy,cupy.linalg.solve,explicit,matrix_free,analytic_reduced_vp_explicit_gradient,False,matrix_free_cpu_only_gpu_backend,,0,0,0,0,,,,,,fixed_pol_anchor,False,,fixed_pol_anchor,nan,nan,nan,nan,False,3,4,3096725.458075429,3096750.3491626764,"[2.4595399818545407,2.2040288505387338,7.033328141909115]","[0.4065800952109431,0.4537145690054668,0.142180199731379]","[8.553167645912475e-08,8.534155996211027e-08,7.549906368613786e-08]",oracle_init_vp,"[""oracle_truth_initialization""]",nan,,,nan,nan,nan,nan,,0.0,32.27552889008075,32.27552889008075,nan,nan,nan,nan,nan,nan,nan,,,nan,nan,nan,nan,nan,nan,nan,nan,nan,,,,nan,nan,nan,nan,nan,,False,,nan,,,nan,nan,nan,,,,,,,,nan,nan,nan,nan,nan,nan,False,,,,,,,,,nan,nan,nan,nan,,,,[],False,nan,nan,nan,,,nan,nan,nan,False,nan,,,False,,nan,nan,,,nan,nan,nan,False,nan,,,,False,nan,nan,,nan,nan,,,legacy_multistart,
fig5,direct_vp,1,112311654,5.0,snr_db,5.0,3,3,3,3,full_6d,112311654,,,nan,,False,,47.375233901897445,7.208883552435701e-05,7.208883552435701e-05,2.803105490781596e-06,5.6524685478557166e-05,3.3047531081259067e-13,0.09607540649086553,False,direct_vp,global_exact_spherical_vp,proposed_post_stage1,False,fec91c1adb2ed65e,adaptive_jones,cpu,False,,legacy_least_squares,cpu,explicit,,legacy_least_squares_numerical,False,,,0,0,,,,,,,,fixed_pol_anchor,True,fixed_anchor_then_adaptive_jones_score_selection,fixed_pol_anchor,0.38134001706211496,12.681327838082787,5.0768776318816835,0.0,True,3,4,3096579.531676058,nan,"[2.1679650405001474,0.38134001706211496,12.681327838082787]","[0.4612620505020381,2.6223316600857354,0.07885609557259916]",,direct_vp,[],3096430.0736006293,3096560,True,16159745.32990463,98.52140354358184,14.839773619450114,0.09169548718809148,"[4.998378503271932,4.997624796277253,4.803487242564481]",23.599009884987026,42.07727878494188,66.61418877611868,nan,nan,nan,nan,nan,nan,nan,,,nan,nan,nan,nan,nan,nan,nan,nan,nan,,,,nan,nan,nan,nan,nan,,False,,nan,,,nan,nan,nan,,,,,,,,7.208883552435701e-05,2.803105490781596e-06,0.09607540649086553,nan,nan,nan,False,not_run,not_requested,"[2.1679650405001474,0.38134001706211496,12.681327838082787]","[0.4612620505020381,2.6223316600857354,0.07885609557259916]",,,,,16159745.32990463,98.52140354358184,nan,nan,direct_vp,direct_vp,False,[],False,1.0,nan,nan,,,nan,nan,nan,False,nan,,,False,,nan,nan,,,nan,nan,nan,False,nan,,,,False,nan,nan,reliability_gated,nan,nan,,decoupled_robust,legacy_multistart,0.0
fig5,old_gated,1,112311654,5.0,snr_db,5.0,3,3,3,3,full_6d,112311654,,,nan,,False,,57.65548194386065,7.208883552435701e-05,7.208883552435701e-05,2.803105490781596e-06,5.6524685478557166e-05,3.3047531081259067e-13,0.09607540649086553,False,direct_vp,global_exact_spherical_vp,main_single_proposed,True,f57b5431e9218e8c,adaptive_jones,cpu,False,,legacy_least_squares,cpu,explicit,,legacy_least_squares_numerical,False,,,0,0,,,,,,,,fixed_pol_anchor,True,fixed_anchor_then_adaptive_jones_score_selection,fixed_pol_anchor,0.38134001706211496,12.681327838082787,5.0768776318816835,0.0,True,3,4,3096579.531676058,nan,"[2.1679650405001474,0.38134001706211496,12.681327838082787]","[0.4612620505020381,2.6223316600857354,0.07885609557259916]",,direct_vp,[],3096430.0736006293,3096560,True,16159745.32990463,98.52140354358184,14.839773619450114,0.09169548718809148,"[4.998378503271932,4.997624796277253,4.803487242564481]",23.599009884987026,52.688926987117156,77.22583697829396,nan,nan,nan,nan,nan,nan,nan,,,nan,nan,nan,nan,nan,nan,nan,nan,nan,,,,nan,nan,nan,nan,nan,,False,,nan,,,nan,nan,nan,,,,,,,,7.208883552435701e-05,2.803105490781596e-06,0.09607540649086553,nan,nan,nan,False,not_run,not_requested,"[2.1679650405001474,0.38134001706211496,12.681327838082787]","[0.4612620505020381,2.6223316600857354,0.07885609557259916]",,,,,16159745.32990463,98.52140354358184,nan,nan,direct_vp,direct_vp,False,[],False,1.0,nan,nan,,,nan,nan,nan,False,nan,,,False,,nan,nan,,,nan,nan,nan,False,nan,,,,False,nan,nan,reliability_gated_ris_only,nan,nan,,decoupled_robust,legacy_multistart,0.0
fig5,adaptive_jones_vp_proposed,1,112311654,5.0,snr_db,5.0,3,3,3,3,full_6d,112311654,,,nan,,False,,57.58288020011969,7.208883552435701e-05,7.208883552435701e-05,2.803105490781596e-06,5.6524685478557166e-05,3.3047531081259067e-13,0.09607540649086553,False,direct_vp,global_exact_spherical_vp,main_single_proposed,True,ee5da1e124c8c2e2,adaptive_jones,cpu,False,,legacy_least_squares,cpu,explicit,,legacy_least_squares_numerical,False,,,0,0,,,,,,,,fixed_pol_anchor,True,fixed_anchor_then_adaptive_jones_score_selection,fixed_pol_anchor,0.38134001706211496,12.681327838082787,5.0768776318816835,0.0,True,3,4,3096579.531676058,nan,"[2.1679650405001474,0.38134001706211496,12.681327838082787]","[0.4612620505020381,2.6223316600857354,0.07885609557259916]",,direct_vp,[],3096430.0736006293,3096560,True,16159745.32990463,98.52140354358184,14.839773619450114,0.09169548718809148,"[4.998378503271932,4.997624796277253,4.803487242564481]",23.599009884987026,52.51857342896983,77.05548342014663,nan,nan,nan,nan,nan,nan,nan,,,nan,nan,nan,nan,nan,nan,nan,nan,nan,,,,nan,nan,nan,nan,nan,,False,,nan,,,nan,nan,nan,,,,,,,,7.208883552435701e-05,2.803105490781596e-06,0.09607540649086553,nan,nan,nan,False,not_run,not_requested,"[2.1679650405001474,0.38134001706211496,12.681327838082787]","[0.4612620505020381,2.6223316600857354,0.07885609557259916]",,,,,16159745.32990463,98.52140354358184,nan,nan,direct_vp,direct_vp,False,[],True,1.0,0.0002806920589441109,0.0002806920589441109,2,data_only_efim_tau_crb,0.0048364248068184885,3.2489582515671495e-05,3.2489582515671495e-05,True,0.0003131816414597824,green,clock_green,False,ngc_green_skip_rescue,nan,nan,2,,nan,nan,nan,False,nan,,candidate_unavailable,ngc_green_skip_rescue,False,9.21034037197618,13.815510557964274,ngc_certified_ris_only,nan,nan,,decoupled_robust,legacy_multistart,0.0
fig5,force_rescue,1,112311654,5.0,snr_db,5.0,3,3,3,3,full_6d,112311654,,,nan,,False,,119.50724500487559,7.208883552435701e-05,7.208883552435701e-05,2.803105490781596e-06,5.6524685478557166e-05,3.3047531081259067e-13,0.09607540649086553,False,direct_vp_rollback,global_exact_spherical_vp,main_single_proposed,True,3b09656d7ddbd646,adaptive_jones,cpu,False,,legacy_least_squares,cpu,explicit,,legacy_least_squares_numerical,False,,,0,0,,,,,,,,fixed_pol_anchor,True,fixed_anchor_then_adaptive_jones_score_selection,fixed_pol_anchor,0.38134001706211496,12.681327838082787,5.0768776318816835,0.0,True,3,4,3096579.531676058,nan,"[2.1679650405001474,0.38134001706211496,12.681327838082787]","[0.4612620505020381,2.6223316600857354,0.07885609557259916]",,jnpp_then_vp,[],3096430.0736006293,3096560,True,16159745.32990463,98.52140354358184,14.839773619450114,0.09169548718809148,"[4.998378503271932,4.997624796277253,4.803487242564481]",23.599009884987026,52.40278797689825,76.93969796807505,nan,nan,nan,nan,nan,nan,nan,,,nan,nan,nan,nan,nan,nan,nan,nan,nan,,,,nan,nan,nan,nan,nan,,False,,nan,,,nan,nan,nan,,,,,,,,7.208883552435701e-05,2.803105490781596e-06,0.09607540649086553,7.209718413653913e-05,2.803110960489262e-06,0.09607540649086535,True,rollback,existing_selector_rollback,"[2.1679650405001474,0.38134001706211496,12.681327838082787]","[0.4612620505020381,2.6223316600857354,0.07885609557259916]",,"[2.1679650401461177,0.38134001706933335,12.68132783584336]","[0.4612620505773624,2.6223316600360973,0.07885609558652455]",,16159745.32990463,98.52140354358184,16159746.511363741,98.52139618396397,direct_vp,direct_vp,False,[],False,1.0,nan,nan,,,nan,nan,nan,False,nan,,,False,,nan,nan,,,nan,nan,nan,False,nan,,,,False,nan,nan,force_ris_only,0.0002578635182112924,0.007445071241989946,3,decoupled_robust,legacy_multistart,0.0
fig5,oracle_init_vp,1,112311654,5.0,snr_db,5.0,3,3,3,3,full_6d,112311654,,,nan,,False,,37.468050939030945,7.208907061801444e-05,7.208907061801444e-05,2.80310247075951e-06,5.652472365871048e-05,3.304739993128027e-13,0.0960754064908658,False,oracle_init_vp,global_exact_spherical_vp,,False,,adaptive_jones,cupy,True,0,cupy,cupy.linalg.solve,explicit,matrix_free,analytic_reduced_vp_explicit_gradient,False,matrix_free_cpu_only_gpu_backend,,0,0,0,0,,,,,,fixed_pol_anchor,False,,fixed_pol_anchor,nan,nan,nan,nan,False,3,4,3096725.458075429,3096763.4144142144,"[2.167862875017728,0.38132204637524175,12.680730229475657]","[0.46128378852820867,2.622455243554326,0.07885981184765484]","[4.849375561425739e-07,8.587300176220883e-08,2.446832890614789e-08]",oracle_init_vp,"[""oracle_truth_initialization""]",nan,,,nan,nan,nan,nan,,0.0,37.46654941304587,37.46654941304587,nan,nan,nan,nan,nan,nan,nan,,,nan,nan,nan,nan,nan,nan,nan,nan,nan,,,,nan,nan,nan,nan,nan,,False,,nan,,,nan,nan,nan,,,,,,,,nan,nan,nan,nan,nan,nan,False,,,,,,,,,nan,nan,nan,nan,,,,[],False,nan,nan,nan,,,nan,nan,nan,False,nan,,,False,,nan,nan,,,nan,nan,nan,False,nan,,,,False,nan,nan,,nan,nan,,,legacy_multistart,
fig5,direct_vp,16,1080178429,0.0,snr_db,0.0,3,3,3,3,full_6d,1080178429,,,nan,,False,,160.15997986099683,8.479826777453376e-05,8.479826777453376e-05,1.8700999631078708e-06,7.077939147835986e-05,9.962569320351587e-13,0.48092889509889714,False,direct_vp,global_exact_spherical_vp,proposed_post_stage1,False,eb8aaa1d9db93158,adaptive_jones,cpu,False,,legacy_least_squares,cpu,explicit,,legacy_least_squares_numerical,False,,,0,0,,,,,,,,fixed_pol_anchor,True,fixed_anchor_then_adaptive_jones_score_selection,fixed_pol_anchor,1.5784839641191728,199.11118655172945,67.8268015469829,0.0,True,3,4,3101124.58890889,nan,"[2.7907341251000863,199.11118655172945,1.5784839641191728]","[0.358328653024711,0.005022319524679679,0.6335192645155838]",,jnpp_then_vp,"[""poor_clock_consistency""]",3100975.130833461,3096560,False,8587193.511590192,87.54611117552166,10.36976057756741,0.13780122672799178,"[5.037410752159258,5.223245562942288,4.8862987152272]",27.872808804968372,97.40967329707928,126.36567837698385,nan,nan,nan,nan,nan,nan,nan,,,nan,nan,nan,nan,nan,nan,nan,nan,nan,,,,nan,nan,nan,nan,nan,,False,,nan,,,nan,nan,nan,,,,,,,,8.479826777453376e-05,1.8700999631078708e-06,0.48092889509889714,nan,nan,nan,False,not_run,not_requested,"[2.7907341251000863,199.11118655172945,1.5784839641191728]","[0.358328653024711,0.005022319524679679,0.6335192645155838]",,,,,8587193.511590192,87.54611117552166,nan,nan,ris_only_stage2_then_vp,jnpp_then_vp,True,"[""poor_clock_consistency""]",False,1.0,nan,nan,,,nan,nan,nan,False,nan,,,False,,nan,nan,,,nan,nan,nan,False,nan,,,,False,nan,nan,reliability_gated,nan,nan,,decoupled_robust,legacy_multistart,0.0
fig5,old_gated,16,1080178429,0.0,snr_db,0.0,3,3,3,3,full_6d,1080178429,,,nan,,False,,126.70678363600746,8.479826777453376e-05,8.479826777453376e-05,1.8700999631078708e-06,7.077939147835986e-05,9.962569320351587e-13,0.48092889509889714,False,direct_vp_rollback,global_exact_spherical_vp,main_single_proposed,True,d01c681a6e561717,adaptive_jones,cpu,False,,legacy_least_squares,cpu,explicit,,legacy_least_squares_numerical,False,,,0,0,,,,,,,,fixed_pol_anchor,True,fixed_anchor_then_adaptive_jones_score_selection,fixed_pol_anchor,1.5784839641191728,199.11118655172945,67.8268015469829,0.0,True,3,4,3101124.58890889,nan,"[2.7907341251000863,199.11118655172945,1.5784839641191728]","[0.358328653024711,0.005022319524679679,0.6335192645155838]",,jnpp_then_vp,"[""poor_clock_consistency""]",3100975.130833461,3096560,False,8587193.511590192,87.54611117552166,10.36976057756741,0.13780122672799178,"[5.037410752159258,5.223245562942288,4.8862987152272]",27.872808804968372,52.154449159046635,81.1104542389512,nan,nan,nan,nan,nan,nan,nan,,,nan,nan,nan,nan,nan,nan,nan,nan,nan,,,,nan,nan,nan,nan,nan,,False,,nan,,,nan,nan,nan,,,,,,,,8.479826777453376e-05,1.8700999631078708e-06,0.48092889509889714,8.479165720607544e-05,1.8701328258577389e-06,0.48092889509889647,True,rollback,existing_selector_rollback,"[2.7907341251000863,199.11118655172945,1.5784839641191728]","[0.358328653024711,0.005022319524679679,0.6335192645155838]",,"[2.7907341248979556,199.11118648161093,1.5784839642081203]","[0.35832865305066447,0.005022319526448327,0.633519264479885]",,8587193.511590192,87.54611117552166,8587193.568325968,87.54611039013844,ris_only_stage2_then_vp,jnpp_then_vp,True,"[""poor_clock_consistency""]",False,1.0,nan,nan,,,nan,nan,nan,False,nan,,,False,,nan,nan,,,nan,nan,nan,False,nan,,,,False,nan,nan,reliability_gated_ris_only,0.0011063455254717897,0.017797844600785158,3,decoupled_robust,legacy_multistart,0.0
fig5,adaptive_jones_vp_proposed,16,1080178429,0.0,snr_db,0.0,3,3,3,3,full_6d,1080178429,,,nan,,False,,56.40687809395604,8.479826777453376e-05,8.479826777453376e-05,1.8700999631078708e-06,7.077939147835986e-05,9.962569320351587e-13,0.48092889509889714,False,direct_vp,global_exact_spherical_vp,main_single_proposed,True,bc172edaf712d266,adaptive_jones,cpu,False,,legacy_least_squares,cpu,explicit,,legacy_least_squares_numerical,False,,,0,0,,,,,,,,fixed_pol_anchor,True,fixed_anchor_then_adaptive_jones_score_selection,fixed_pol_anchor,1.5784839641191728,199.11118655172945,67.8268015469829,0.0,True,3,4,3101124.58890889,nan,"[2.7907341251000863,199.11118655172945,1.5784839641191728]","[0.358328653024711,0.005022319524679679,0.6335192645155838]",,direct_vp,"[""poor_clock_consistency""]",3100975.130833461,3096560,False,8587193.511590192,87.54611117552166,10.36976057756741,0.13780122672799178,"[5.037410752159258,5.223245562942288,4.8862987152272]",27.872808804968372,51.548217764124274,80.50422284402885,nan,nan,nan,nan,nan,nan,nan,,,nan,nan,nan,nan,nan,nan,nan,nan,nan,,,,nan,nan,nan,nan,nan,,False,,nan,,,nan,nan,nan,,,,,,,,8.479826777453376e-05,1.8700999631078708e-06,0.48092889509889714,nan,nan,nan,False,not_run,not_requested,"[2.7907341251000863,199.11118655172945,1.5784839641191728]","[0.358328653024711,0.005022319524679679,0.6335192645155838]",,,,,8587193.511590192,87.54611117552166,nan,nan,ris_only_stage2_then_vp,jnpp_then_vp,True,"[""poor_clock_consistency""]",True,1.0,0.00423938124276659,0.00423938124276659,2,data_only_efim_tau_crb,0.018795791290354052,0.0002902255042165866,0.0002902255042165866,True,0.004529606746983177,green,clock_green,False,ngc_green_skip_rescue,nan,nan,2,,nan,nan,nan,False,nan,,candidate_unavailable,ngc_green_skip_rescue,False,9.21034037197618,13.815510557964274,ngc_certified_ris_only,nan,nan,,decoupled_robust,legacy_multistart,0.0
fig5,force_rescue,16,1080178429,0.0,snr_db,0.0,3,3,3,3,full_6d,1080178429,,,nan,,False,,125.99948868411593,8.479826777453376e-05,8.479826777453376e-05,1.8700999631078708e-06,7.077939147835986e-05,9.962569320351587e-13,0.48092889509889714,False,direct_vp_rollback,global_exact_spherical_vp,main_single_proposed,True,fefd8a4254948555,adaptive_jones,cpu,False,,legacy_least_squares,cpu,explicit,,legacy_least_squares_numerical,False,,,0,0,,,,,,,,fixed_pol_anchor,True,fixed_anchor_then_adaptive_jones_score_selection,fixed_pol_anchor,1.5784839641191728,199.11118655172945,67.8268015469829,0.0,True,3,4,3101124.58890889,nan,"[2.7907341251000863,199.11118655172945,1.5784839641191728]","[0.358328653024711,0.005022319524679679,0.6335192645155838]",,jnpp_then_vp,"[""poor_clock_consistency""]",3100975.130833461,3096560,False,8587193.511590192,87.54611117552166,10.36976057756741,0.13780122672799178,"[5.037410752159258,5.223245562942288,4.8862987152272]",27.872808804968372,51.7190235091839,80.67502858908847,nan,nan,nan,nan,nan,nan,nan,,,nan,nan,nan,nan,nan,nan,nan,nan,nan,,,,nan,nan,nan,nan,nan,,False,,nan,,,nan,nan,nan,,,,,,,,8.479826777453376e-05,1.8700999631078708e-06,0.48092889509889714,8.479165720607544e-05,1.8701328258577389e-06,0.48092889509889647,True,rollback,existing_selector_rollback,"[2.7907341251000863,199.11118655172945,1.5784839641191728]","[0.358328653024711,0.005022319524679679,0.6335192645155838]",,"[2.7907341248979556,199.11118648161093,1.5784839642081203]","[0.35832865305066447,0.005022319526448327,0.633519264479885]",,8587193.511590192,87.54611117552166,8587193.568325968,87.54611039013844,ris_only_stage2_then_vp,jnpp_then_vp,True,"[""poor_clock_consistency""]",False,1.0,nan,nan,,,nan,nan,nan,False,nan,,,False,,nan,nan,,,nan,nan,nan,False,nan,,,,False,nan,nan,force_ris_only,0.0011063455254717897,0.017797844600785158,3,decoupled_robust,legacy_multistart,0.0
fig5,oracle_init_vp,16,1080178429,0.0,snr_db,0.0,3,3,3,3,full_6d,1080178429,,,nan,,False,,37.13492073002271,8.479001698496551e-05,8.479001698496551e-05,1.8700932804605903e-06,7.077578424407059e-05,9.962512570845457e-13,0.48092889509889397,False,oracle_init_vp,global_exact_spherical_vp,,False,,adaptive_jones,cupy,True,0,cupy,cupy.linalg.solve,explicit,matrix_free,analytic_reduced_vp_explicit_gradient,False,matrix_free_cpu_only_gpu_backend,,0,0,0,0,,,,,,fixed_pol_anchor,False,,fixed_pol_anchor,nan,nan,nan,nan,False,3,4,3096725.458075429,3096746.578763199,"[2.794698763949379,199.39405286150716,1.5807264271746426]","[0.35782031784493196,0.0050151947134309685,0.6326205362339633]","[6.145718450836445e-08,9.445451708666715e-10,3.2150325993121085e-08]",oracle_init_vp,"[""oracle_truth_initialization""]",nan,,,nan,nan,nan,nan,,0.0,37.13321496499702,37.13321496499702,nan,nan,nan,nan,nan,nan,nan,,,nan,nan,nan,nan,nan,nan,nan,nan,nan,,,,nan,nan,nan,nan,nan,,False,,nan,,,nan,nan,nan,,,,,,,,nan,nan,nan,nan,nan,nan,False,,,,,,,,,nan,nan,nan,nan,,,,[],False,nan,nan,nan,,,nan,nan,nan,False,nan,,,False,,nan,nan,,,nan,nan,nan,False,nan,,,,False,nan,nan,,nan,nan,,,legacy_multistart,
fig5,direct_vp,12,2210497206,0.0,snr_db,0.0,3,3,3,3,full_6d,2210497206,,,nan,,False,,105.52403613901697,0.00039776041165488806,0.00039776041165488806,3.0274002687291566e-06,1.3860366580499049e-05,2.8570313856365433e-13,0.4559175753340904,False,direct_vp,global_exact_spherical_vp,proposed_post_stage1,False,fae26cbf7879d97c,adaptive_jones,cpu,False,,legacy_least_squares,cpu,explicit,,legacy_least_squares_numerical,False,,,0,0,,,,,,,,fixed_pol_anchor,True,fixed_anchor_then_adaptive_jones_score_selection,fixed_pol_anchor,2.4583574527040737,5.2534728069593815,3.7733469015875847,0.0,True,3,10,3496075.016624643,3506495.6295310375,"[5.2534728069593815,3.608210445099298,2.4583574527040737]","[0.19035027623442274,0.2771456973510512,0.4067756700302433]","[7.577176842362375e-07,1.320352606605551e-07,6.073189793122857e-07]",direct_vp,[],3098867.906828889,3096560,True,9097435.48718904,71.46653410176425,23.35692635655809,0.013784638730597322,"[5.060334613739104,5.08638471465582,5.054755434198062]",23.923585904063657,100.88735783309676,125.7454357210081,nan,nan,nan,nan,nan,nan,nan,,,nan,nan,nan,nan,nan,nan,nan,nan,nan,,,,nan,nan,nan,nan,nan,,False,,nan,,,nan,nan,nan,,,,,,,,0.00039776041165488806,3.0274002687291566e-06,0.4559175753340904,nan,nan,nan,False,not_run,not_requested,"[5.2534728069593815,3.608210445099298,2.4583574527040737]","[0.19035027623442274,0.2771456973510512,0.4067756700302433]","[7.577176842362375e-07,1.320352606605551e-07,6.073189793122857e-07]",,,,9097435.48718904,71.46653410176425,nan,nan,direct_vp,direct_vp,False,[],False,1.0,nan,nan,,,nan,nan,nan,False,nan,,,False,,nan,nan,,,nan,nan,nan,False,nan,,,,False,nan,nan,reliability_gated,nan,nan,,decoupled_robust,legacy_multistart,0.0
fig5,old_gated,12,2210497206,0.0,snr_db,0.0,3,3,3,3,full_6d,2210497206,,,nan,,False,,101.15910903387703,0.00039776041165488806,0.00039776041165488806,3.0274002687291566e-06,1.3860366580499049e-05,2.8570313856365433e-13,0.4559175753340904,False,direct_vp,global_exact_spherical_vp,main_single_proposed,True,cc3f44fa355f91be,adaptive_jones,cpu,False,,legacy_least_squares,cpu,explicit,,legacy_least_squares_numerical,False,,,0,0,,,,,,,,fixed_pol_anchor,True,fixed_anchor_then_adaptive_jones_score_selection,fixed_pol_anchor,2.4583574527040737,5.2534728069593815,3.7733469015875847,0.0,True,3,10,3496075.016624643,3506495.6295310375,"[5.2534728069593815,3.608210445099298,2.4583574527040737]","[0.19035027623442274,0.2771456973510512,0.4067756700302433]","[7.577176842362375e-07,1.320352606605551e-07,6.073189793122857e-07]",direct_vp,[],3098867.906828889,3096560,True,9097435.48718904,71.46653410176425,23.35692635655809,0.013784638730597322,"[5.060334613739104,5.08638471465582,5.054755434198062]",23.923585904063657,97.19245650386438,122.05053439177573,nan,nan,nan,nan,nan,nan,nan,,,nan,nan,nan,nan,nan,nan,nan,nan,nan,,,,nan,nan,nan,nan,nan,,False,,nan,,,nan,nan,nan,,,,,,,,0.00039776041165488806,3.0274002687291566e-06,0.4559175753340904,nan,nan,nan,False,not_run,not_requested,"[5.2534728069593815,3.608210445099298,2.4583574527040737]","[0.19035027623442274,0.2771456973510512,0.4067756700302433]","[7.577176842362375e-07,1.320352606605551e-07,6.073189793122857e-07]",,,,9097435.48718904,71.46653410176425,nan,nan,direct_vp,direct_vp,False,[],False,1.0,nan,nan,,,nan,nan,nan,False,nan,,,False,,nan,nan,,,nan,nan,nan,False,nan,,,,False,nan,nan,reliability_gated_ris_only,nan,nan,,decoupled_robust,legacy_multistart,0.0
fig5,adaptive_jones_vp_proposed,12,2210497206,0.0,snr_db,0.0,3,3,3,3,full_6d,2210497206,,,nan,,False,,101.35444959602319,0.00039776041165488806,0.00039776041165488806,3.0274002687291566e-06,1.3860366580499049e-05,2.8570313856365433e-13,0.4559175753340904,False,direct_vp,global_exact_spherical_vp,main_single_proposed,True,4085563f49c79790,adaptive_jones,cpu,False,,legacy_least_squares,cpu,explicit,,legacy_least_squares_numerical,False,,,0,0,,,,,,,,fixed_pol_anchor,True,fixed_anchor_then_adaptive_jones_score_selection,fixed_pol_anchor,2.4583574527040737,5.2534728069593815,3.7733469015875847,0.0,True,3,10,3496075.016624643,3506495.6295310375,"[5.2534728069593815,3.608210445099298,2.4583574527040737]","[0.19035027623442274,0.2771456973510512,0.4067756700302433]","[7.577176842362375e-07,1.320352606605551e-07,6.073189793122857e-07]",direct_vp,[],3098867.906828889,3096560,True,9097435.48718904,71.46653410176425,23.35692635655809,0.013784638730597322,"[5.060334613739104,5.08638471465582,5.054755434198062]",23.923585904063657,97.24856022698805,122.1066381148994,nan,nan,nan,nan,nan,nan,nan,,,nan,nan,nan,nan,nan,nan,nan,nan,nan,,,,nan,nan,nan,nan,nan,,False,,nan,,,nan,nan,nan,,,,,,,,0.00039776041165488806,3.0274002687291566e-06,0.4559175753340904,nan,nan,nan,False,not_run,not_requested,"[5.2534728069593815,3.608210445099298,2.4583574527040737]","[0.19035027623442274,0.2771456973510512,0.4067756700302433]","[7.577176842362375e-07,1.320352606605551e-07,6.073189793122857e-07]",,,,9097435.48718904,71.46653410176425,nan,nan,direct_vp,direct_vp,False,[],True,1.0,3.624072000026882e-05,3.624072000026882e-05,2,data_only_efim_tau_crb,0.0017378319826791089,1.7699687522015967e-05,1.7699687522015967e-05,True,5.3940407522284786e-05,green,clock_green,False,ngc_green_skip_rescue,nan,nan,2,,nan,nan,nan,False,nan,,candidate_unavailable,ngc_green_skip_rescue,False,9.21034037197618,13.815510557964274,ngc_certified_ris_only,nan,nan,,decoupled_robust,legacy_multistart,0.0
fig5,force_rescue,12,2210497206,0.0,snr_db,0.0,3,3,3,3,full_6d,2210497206,,,nan,,False,,239.31221444695257,0.00039776041165488806,0.00039776041165488806,3.0274002687291566e-06,1.3860366580499049e-05,2.8570313856365433e-13,0.4559175753340904,False,direct_vp_rollback,global_exact_spherical_vp,main_single_proposed,True,a74ce94b6d5c29d6,adaptive_jones,cpu,False,,legacy_least_squares,cpu,explicit,,legacy_least_squares_numerical,False,,,0,0,,,,,,,,fixed_pol_anchor,True,fixed_anchor_then_adaptive_jones_score_selection,fixed_pol_anchor,2.4583574527040737,5.2534728069593815,3.7733469015875847,0.0,True,3,10,3496075.016624643,3506495.6295310375,"[5.2534728069593815,3.608210445099298,2.4583574527040737]","[0.19035027623442274,0.2771456973510512,0.4067756700302433]","[7.577176842362375e-07,1.320352606605551e-07,6.073189793122857e-07]",jnpp_then_vp,[],3098867.906828889,3096560,True,9097435.48718904,71.46653410176425,23.35692635655809,0.013784638730597322,"[5.060334613739104,5.08638471465582,5.054755434198062]",23.923585904063657,115.2707844208926,140.12886230880395,nan,nan,nan,nan,nan,nan,nan,,,nan,nan,nan,nan,nan,nan,nan,nan,nan,,,,nan,nan,nan,nan,nan,,False,,nan,,,nan,nan,nan,,,,,,,,0.00039776041165488806,3.0274002687291566e-06,0.4559175753340904,0.00039776248684610094,3.0274063448876848e-06,0.4559175753340902,True,rollback,existing_selector_rollback,"[5.2534728069593815,3.608210445099298,2.4583574527040737]","[0.19035027623442274,0.2771456973510512,0.4067756700302433]","[7.577176842362375e-07,1.320352606605551e-07,6.073189793122857e-07]","[5.2534728022781865,3.6082104443325833,2.458357454200568]","[0.19035027640403754,0.2771456974099424,0.40677566978262364]","[7.530465506082952e-07,1.1607998353761977e-07,5.191860557126676e-07]",9097435.48718904,71.46653410176425,9097435.503293406,71.46653393655285,direct_vp,direct_vp,False,[],False,1.0,nan,nan,,,nan,nan,nan,False,nan,,,False,,nan,nan,,,nan,nan,nan,False,nan,,,,False,nan,nan,force_ris_only,0.7000006106973928,0.013422252420138189,3,decoupled_robust,legacy_multistart,0.0
fig5,oracle_init_vp,12,2210497206,0.0,snr_db,0.0,3,3,3,3,full_6d,2210497206,,,nan,,False,,33.183991675963625,0.0003977579171253482,0.0003977579171253482,3.027361179690378e-06,1.3859562578573825e-05,2.8571830836866516e-13,0.45591757533409466,False,oracle_init_vp,global_exact_spherical_vp,,False,,adaptive_jones,cupy,True,0,cupy,cupy.linalg.solve,explicit,matrix_free,analytic_reduced_vp_explicit_gradient,False,matrix_free_cpu_only_gpu_backend,,0,0,0,0,,,,,,fixed_pol_anchor,False,,fixed_pol_anchor,nan,nan,nan,nan,False,3,4,3096725.458075429,3096750.598013339,"[5.148189812769689,3.555880022042017,1.8960863413858122]","[0.1942430322818379,0.28122433653489226,0.5274021431256256]","[1.8112300304980307e-08,2.5930708640233002e-08,1.884897019599122e-07]",oracle_init_vp,"[""oracle_truth_initialization""]",nan,,,nan,nan,nan,nan,,0.0,33.18205562583171,33.18205562583171,nan,nan,nan,nan,nan,nan,nan,,,nan,nan,nan,nan,nan,nan,nan,nan,nan,,,,nan,nan,nan,nan,nan,,False,,nan,,,nan,nan,nan,,,,,,,,nan,nan,nan,nan,nan,nan,False,,,,,,,,,nan,nan,nan,nan,,,,[],False,nan,nan,nan,,,nan,nan,nan,False,nan,,,False,,nan,nan,,,nan,nan,nan,False,nan,,,,False,nan,nan,,nan,nan,,,legacy_multistart,
fig5,direct_vp,21,4000820147,0.0,snr_db,0.0,3,3,3,3,full_6d,4000820147,,,nan,,False,,73.28048496390693,0.0002230852731419661,0.0002230852731419661,3.0731580063480653e-06,0.0001257774831530062,1.240480811218887e-12,0.3478441322834405,False,direct_vp,global_exact_spherical_vp,proposed_post_stage1,False,66100d17f95c2391,adaptive_jones,cpu,False,,legacy_least_squares,cpu,explicit,,legacy_least_squares_numerical,False,,,0,0,,,,,,,,fixed_pol_anchor,True,fixed_anchor_then_adaptive_jones_score_selection,fixed_pol_anchor,1.1486967000792314,45.06330129345618,18.518153032026763,0.0,True,3,4,3096158.061670993,nan,"[1.1486967000792314,45.06330129345618,9.342461102544881]","[0.8705518174900967,0.022191006234604273,0.10703817645205481]",,direct_vp,[],3096008.603595564,3096560,True,5114672.520416726,135.67593418679084,15.222980096965955,0.08408273940772207,"[4.988968843235264,5.194919861885317,5.093592149918874]",24.34159551304765,66.60051415907219,91.67225206899457,nan,nan,nan,nan,nan,nan,nan,,,nan,nan,nan,nan,nan,nan,nan,nan,nan,,,,nan,nan,nan,nan,nan,,False,,nan,,,nan,nan,nan,,,,,,,,0.0002230852731419661,3.0731580063480653e-06,0.3478441322834405,nan,nan,nan,False,not_run,not_requested,"[1.1486967000792314,45.06330129345618,9.342461102544881]","[0.8705518174900967,0.022191006234604273,0.10703817645205481]",,,,,5114672.520416726,135.67593418679084,nan,nan,direct_vp,direct_vp,False,[],False,1.0,nan,nan,,,nan,nan,nan,False,nan,,,False,,nan,nan,,,nan,nan,nan,False,nan,,,,False,nan,nan,reliability_gated,nan,nan,,decoupled_robust,legacy_multistart,0.0
fig5,old_gated,21,4000820147,0.0,snr_db,0.0,3,3,3,3,full_6d,4000820147,,,nan,,False,,76.83576308819465,0.0002230852731419661,0.0002230852731419661,3.0731580063480653e-06,0.0001257774831530062,1.240480811218887e-12,0.3478441322834405,False,direct_vp,global_exact_spherical_vp,main_single_proposed,True,3cbbfb5372c68ada,adaptive_jones,cpu,False,,legacy_least_squares,cpu,explicit,,legacy_least_squares_numerical,False,,,0,0,,,,,,,,fixed_pol_anchor,True,fixed_anchor_then_adaptive_jones_score_selection,fixed_pol_anchor,1.1486967000792314,45.06330129345618,18.518153032026763,0.0,True,3,4,3096158.061670993,nan,"[1.1486967000792314,45.06330129345618,9.342461102544881]","[0.8705518174900967,0.022191006234604273,0.10703817645205481]",,direct_vp,[],3096008.603595564,3096560,True,5114672.520416726,135.67593418679084,15.222980096965955,0.08408273940772207,"[4.988968843235264,5.194919861885317,5.093592149918874]",24.34159551304765,70.29242599918507,95.36416390910745,nan,nan,nan,nan,nan,nan,nan,,,nan,nan,nan,nan,nan,nan,nan,nan,nan,,,,nan,nan,nan,nan,nan,,False,,nan,,,nan,nan,nan,,,,,,,,0.0002230852731419661,3.0731580063480653e-06,0.3478441322834405,nan,nan,nan,False,not_run,not_requested,"[1.1486967000792314,45.06330129345618,9.342461102544881]","[0.8705518174900967,0.022191006234604273,0.10703817645205481]",,,,,5114672.520416726,135.67593418679084,nan,nan,direct_vp,direct_vp,False,[],False,1.0,nan,nan,,,nan,nan,nan,False,nan,,,False,,nan,nan,,,nan,nan,nan,False,nan,,,,False,nan,nan,reliability_gated_ris_only,nan,nan,,decoupled_robust,legacy_multistart,0.0
fig5,adaptive_jones_vp_proposed,21,4000820147,0.0,snr_db,0.0,3,3,3,3,full_6d,4000820147,,,nan,,False,,78.08520432095975,0.0002230852731419661,0.0002230852731419661,3.0731580063480653e-06,0.0001257774831530062,1.240480811218887e-12,0.3478441322834405,False,direct_vp,global_exact_spherical_vp,main_single_proposed,True,9ccd6158740a3dc4,adaptive_jones,cpu,False,,legacy_least_squares,cpu,explicit,,legacy_least_squares_numerical,False,,,0,0,,,,,,,,fixed_pol_anchor,True,fixed_anchor_then_adaptive_jones_score_selection,fixed_pol_anchor,1.1486967000792314,45.06330129345618,18.518153032026763,0.0,True,3,4,3096158.061670993,nan,"[1.1486967000792314,45.06330129345618,9.342461102544881]","[0.8705518174900967,0.022191006234604273,0.10703817645205481]",,direct_vp,[],3096008.603595564,3096560,True,5114672.520416726,135.67593418679084,15.222980096965955,0.08408273940772207,"[4.988968843235264,5.194919861885317,5.093592149918874]",24.34159551304765,71.49556849105284,96.56730640097521,nan,nan,nan,nan,nan,nan,nan,,,nan,nan,nan,nan,nan,nan,nan,nan,nan,,,,nan,nan,nan,nan,nan,,False,,nan,,,nan,nan,nan,,,,,,,,0.0002230852731419661,3.0731580063480653e-06,0.3478441322834405,nan,nan,nan,False,not_run,not_requested,"[1.1486967000792314,45.06330129345618,9.342461102544881]","[0.8705518174900967,0.022191006234604273,0.10703817645205481]",,,,,5114672.520416726,135.67593418679084,nan,nan,direct_vp,direct_vp,False,[],True,1.0,0.0013784990042452585,0.0013784990042452585,2,data_only_efim_tau_crb,0.010717971684065889,9.866215720746264e-05,9.866215720746264e-05,True,0.001477161161452721,green,clock_green,False,ngc_green_skip_rescue,nan,nan,2,,nan,nan,nan,False,nan,,candidate_unavailable,ngc_green_skip_rescue,False,9.21034037197618,13.815510557964274,ngc_certified_ris_only,nan,nan,,decoupled_robust,legacy_multistart,0.0
fig5,force_rescue,21,4000820147,0.0,snr_db,0.0,3,3,3,3,full_6d,4000820147,,,nan,,False,,187.741230427986,0.0002230852731419661,0.0002230852731419661,3.0731580063480653e-06,0.0001257774831530062,1.240480811218887e-12,0.3478441322834405,False,direct_vp_rollback,global_exact_spherical_vp,main_single_proposed,True,8f8f0a4df13b326e,adaptive_jones,cpu,False,,legacy_least_squares,cpu,explicit,,legacy_least_squares_numerical,False,,,0,0,,,,,,,,fixed_pol_anchor,True,fixed_anchor_then_adaptive_jones_score_selection,fixed_pol_anchor,1.1486967000792314,45.06330129345618,18.518153032026763,0.0,True,3,4,3096158.061670993,nan,"[1.1486967000792314,45.06330129345618,9.342461102544881]","[0.8705518174900967,0.022191006234604273,0.10703817645205481]",,jnpp_then_vp,[],3096008.603595564,3096560,True,5114672.520416726,135.67593418679084,15.222980096965955,0.08408273940772207,"[4.988968843235264,5.194919861885317,5.093592149918874]",24.34159551304765,69.43641828000546,94.50815618992783,nan,nan,nan,nan,nan,nan,nan,,,nan,nan,nan,nan,nan,nan,nan,nan,nan,,,,nan,nan,nan,nan,nan,,False,,nan,,,nan,nan,nan,,,,,,,,0.0002230852731419661,3.0731580063480653e-06,0.3478441322834405,0.00022309563213846525,3.0731838784104127e-06,0.34784413228344085,True,rollback,existing_selector_rollback,"[1.1486967000792314,45.06330129345618,9.342461102544881]","[0.8705518174900967,0.022191006234604273,0.10703817645205481]",,"[1.1486966999951695,45.06330130783086,9.34246110501234]","[0.8705518175538038,0.02219100622752559,0.1070381764237847]",,5114672.520416726,135.67593418679084,5114672.146969432,135.67594404968978,direct_vp,direct_vp,False,[],False,1.0,nan,nan,,,nan,nan,nan,False,nan,,,False,,nan,nan,,,nan,nan,nan,False,nan,,,,False,nan,nan,force_ris_only,0.0011311061928179296,0.13960663955806182,3,decoupled_robust,legacy_multistart,0.0
fig5,oracle_init_vp,21,4000820147,0.0,snr_db,0.0,3,3,3,3,full_6d,4000820147,,,nan,,False,,44.36157252290286,0.0002230781897197453,0.0002230781897197453,3.0730278964991176e-06,0.00012576284039555194,1.2404571610827449e-12,0.34784413228343886,False,oracle_init_vp,global_exact_spherical_vp,,False,,adaptive_jones,cupy,True,0,cupy,cupy.linalg.solve,explicit,matrix_free,analytic_reduced_vp_explicit_gradient,False,matrix_free_cpu_only_gpu_backend,,0,0,0,0,,,,,,fixed_pol_anchor,False,,fixed_pol_anchor,nan,nan,nan,nan,False,3,4,3096725.458075429,3096745.2939250963,"[1.148486220344266,45.05504421280499,9.340749240080603]","[0.8707113609940355,0.02219507310284111,0.10705779314786851]","[3.0381129510129024e-08,7.863790659434956e-09,6.012118043153428e-09]",oracle_init_vp,"[""oracle_truth_initialization""]",nan,,,nan,nan,nan,nan,,0.0,44.35988271003589,44.35988271003589,nan,nan,nan,nan,nan,nan,nan,,,nan,nan,nan,nan,nan,nan,nan,nan,nan,,,,nan,nan,nan,nan,nan,,False,,nan,,,nan,nan,nan,,,,,,,,nan,nan,nan,nan,nan,nan,False,,,,,,,,,nan,nan,nan,nan,,,,[],False,nan,nan,nan,,,nan,nan,nan,False,nan,,,False,,nan,nan,,,nan,nan,nan,False,nan,,,,False,nan,nan,,nan,nan,,,legacy_multistart,
fig5,direct_vp,11,3685333214,0.0,snr_db,0.0,3,3,3,3,full_6d,3685333214,,,nan,,False,,131.0523114448879,3.137743772678199e-05,3.137743772678199e-05,2.5856177192800993e-06,1.3403790878235404e-05,5.663493861458557e-13,0.2863128181445617,False,direct_vp,global_exact_spherical_vp,proposed_post_stage1,False,5c10c762cc2185a2,adaptive_jones,cpu,False,,legacy_least_squares,cpu,explicit,,legacy_least_squares_numerical,False,,,0,0,,,,,,,,fixed_pol_anchor,True,fixed_anchor_then_adaptive_jones_score_selection,fixed_pol_anchor,1.2245667739533903,32.85865272307388,14.180160456311944,0.0,True,3,10,3199390.833093681,3200267.8196516815,"[32.85865272307388,1.2245667739533903,8.45726187190856]","[0.030433384119395897,0.8166153298201749,0.11824157926492956]","[9.218465356989973e-10,2.209408812917665e-07,1.61958965833138e-07]",direct_vp,"[""poor_clock_consistency""]",3091929.024929739,3096560,True,6004870.406533422,91.93557512481121,7.572615340947015,0.2470603247190565,"[5.504062229529058,4.966920955725977,4.994070679678395]",22.904925422975793,125.75471610599197,149.22610605298541,nan,nan,nan,nan,nan,nan,nan,,,nan,nan,nan,nan,nan,nan,nan,nan,nan,,,,nan,nan,nan,nan,nan,,False,,nan,,,nan,nan,nan,,,,,,,,3.137743772678199e-05,2.5856177192800993e-06,0.2863128181445617,nan,nan,nan,False,not_run,not_requested,"[32.85865272307388,1.2245667739533903,8.45726187190856]","[0.030433384119395897,0.8166153298201749,0.11824157926492956]","[9.218465356989973e-10,2.209408812917665e-07,1.61958965833138e-07]",,,,6004870.406533422,91.93557512481121,nan,nan,ris_only_stage2_then_vp,direct_vp,True,"[""poor_clock_consistency""]",False,1.0,nan,nan,,,nan,nan,nan,False,nan,,,False,,nan,nan,,,nan,nan,nan,False,nan,,,,False,nan,nan,reliability_gated,nan,nan,,decoupled_robust,legacy_multistart,0.0
fig5,old_gated,11,3685333214,0.0,snr_db,0.0,3,3,3,3,full_6d,3685333214,,,nan,,False,,199.13165308302268,3.138644694104674e-05,3.138644694104674e-05,2.585619335705968e-06,1.3405534164138275e-05,5.663487701112325e-13,0.28631281814456494,False,ris_only_stage2_then_vp,global_exact_spherical_vp,main_single_proposed,True,1c1703f753aebb24,adaptive_jones,cpu,False,,legacy_least_squares,cpu,explicit,,legacy_least_squares_numerical,False,,,0,0,,,,,,,,fixed_pol_anchor,True,fixed_anchor_then_adaptive_jones_score_selection,fixed_pol_anchor,1.2245667786766743,32.85865187302527,14.180160161536355,0.0,True,3,10,3199390.833093749,3199422.276797546,"[32.85865187302527,1.2245667786766743,8.457261832907115]","[0.03043338490670318,0.8166153266704029,0.11824157981021156]","[2.093782278733868e-10,2.1616313278145002e-07,1.7026461756731743e-07]",jnpp_then_vp,"[""poor_clock_consistency""]",3199241.375018252,3096560,False,2780013.870565282,191.35907687678016,7.572615340947015,0.2470603247190565,"[5.504062229529058,4.966920955725977,4.994070679678395]",22.904925422975793,82.79995654104277,135.8217307687737,nan,nan,nan,nan,nan,nan,nan,,,nan,nan,nan,nan,nan,nan,nan,nan,nan,,,,nan,nan,nan,nan,nan,,False,,nan,,,nan,nan,nan,,,,,,,,0.7000001883432764,0.034445380332900656,0.29624994837227003,3.138644694104674e-05,2.585619335705968e-06,0.28631281814456494,True,accepted,accepted,"[32.85865272307388,1.2245667739533903,8.45726187190856]","[0.030433384119395897,0.8166153298201749,0.11824157926492956]","[9.218465356989973e-10,2.209408812917665e-07,1.61958965833138e-07]","[32.85865187302527,1.2245667786766743,8.457261832907115]","[0.03043338490670318,0.8166153266704029,0.11824157981021156]","[2.093782278733868e-10,2.1616313278145002e-07,1.7026461756731743e-07]",2780013.870565282,191.35907687678016,6004870.02202593,91.93558098956358,ris_only_stage2_then_vp,jnpp_then_vp,True,"[""poor_clock_consistency""]",False,1.0,nan,nan,,,nan,nan,nan,False,nan,,,False,,nan,nan,,,nan,nan,nan,False,nan,,,,False,nan,nan,reliability_gated_ris_only,0.700000025044674,0.04476029206282922,3,decoupled_robust,legacy_multistart,0.0
fig5,adaptive_jones_vp_proposed,11,3685333214,0.0,snr_db,0.0,3,3,3,3,full_6d,3685333214,,,nan,,False,,82.21190449385904,0.7000001883432764,0.7000001883432764,0.034445380332900656,0.01845662960043254,5.173519942743876e-11,0.29624994837227003,True,direct_vp,global_exact_spherical_vp,main_single_proposed,True,a0ea5067e356a749,adaptive_jones,cupy,True,0,cupy,cupy.linalg.solve,explicit,matrix_free,analytic_reduced_vp_explicit_gradient,False,matrix_free_cpu_only_gpu_backend,,0,0,0,0,,,,,,fixed_pol_anchor,True,fixed_anchor_then_adaptive_jones_score_selection,fixed_pol_anchor,1.2245667739533903,32.85865272307388,14.180160456311944,0.0,True,3,4,3199390.833093681,3200267.8196516815,"[32.85865272307388,1.2245667739533903,8.45726187190856]","[0.030433384119395897,0.8166153298201749,0.11824157926492956]","[9.218465356989973e-10,2.209408812917665e-07,1.61958965833138e-07]",direct_vp,"[""poor_clock_consistency""]",3199241.375018252,3096560,False,2780013.870565282,191.35907687678016,7.572615340947015,0.2470603247190565,"[5.504062229529058,4.966920955725977,4.994070679678395]",22.904925422975793,77.16128971101716,100.6326796580106,nan,nan,nan,nan,nan,nan,nan,,,nan,nan,nan,nan,nan,nan,nan,nan,nan,,,,nan,nan,nan,nan,nan,,False,,nan,,,nan,nan,nan,,,,,,,,0.7000001883432764,0.034445380332900656,0.29624994837227003,nan,nan,nan,False,not_run,not_requested,"[32.85865272307388,1.2245667739533903,8.45726187190856]","[0.030433384119395897,0.8166153298201749,0.11824157926492956]","[9.218465356989973e-10,2.209408812917665e-07,1.61958965833138e-07]",,,,2780013.870565282,191.35907687678016,nan,nan,ris_only_stage2_then_vp,jnpp_then_vp,True,"[""poor_clock_consistency""]",True,1.0,0.02191493631055332,0.02191493631055332,2,data_only_efim_tau_crb,0.0427345842678516,0.1549571056892754,0.1549571056892754,True,0.17687204199982873,green,clock_green,False,ngc_green_skip_rescue,nan,nan,2,,nan,nan,nan,False,nan,,candidate_unavailable,ngc_green_skip_rescue,False,9.21034037197618,13.815510557964274,ngc_certified_ris_only,nan,nan,,decoupled_robust,legacy_multistart,0.0
fig5,force_rescue,11,3685333214,0.0,snr_db,0.0,3,3,3,3,full_6d,3685333214,,,nan,,False,,192.34365710010752,3.138644694104674e-05,3.138644694104674e-05,2.585619335705968e-06,1.3405534164138275e-05,5.663487701112325e-13,0.28631281814456494,False,ris_only_stage2_then_vp,global_exact_spherical_vp,main_single_proposed,True,97ab3b6dc04091b5,adaptive_jones,cpu,False,,legacy_least_squares,cpu,explicit,,legacy_least_squares_numerical,False,,,0,0,,,,,,,,fixed_pol_anchor,True,fixed_anchor_then_adaptive_jones_score_selection,fixed_pol_anchor,1.2245667786766743,32.85865187302527,14.180160161536355,0.0,True,3,10,3199390.833093749,3199422.276797546,"[32.85865187302527,1.2245667786766743,8.457261832907115]","[0.03043338490670318,0.8166153266704029,0.11824157981021156]","[2.093782278733868e-10,2.1616313278145002e-07,1.7026461756731743e-07]",jnpp_then_vp,"[""poor_clock_consistency""]",3199241.375018252,3096560,False,2780013.870565282,191.35907687678016,7.572615340947015,0.2470603247190565,"[5.504062229529058,4.966920955725977,4.994070679678395]",22.904925422975793,77.92323698103428,128.86375560890883,nan,nan,nan,nan,nan,nan,nan,,,nan,nan,nan,nan,nan,nan,nan,nan,nan,,,,nan,nan,nan,nan,nan,,False,,nan,,,nan,nan,nan,,,,,,,,0.7000001883432764,0.034445380332900656,0.29624994837227003,3.138644694104674e-05,2.585619335705968e-06,0.28631281814456494,True,accepted,accepted,"[32.85865272307388,1.2245667739533903,8.45726187190856]","[0.030433384119395897,0.8166153298201749,0.11824157926492956]","[9.218465356989973e-10,2.209408812917665e-07,1.61958965833138e-07]","[32.85865187302527,1.2245667786766743,8.457261832907115]","[0.03043338490670318,0.8166153266704029,0.11824157981021156]","[2.093782278733868e-10,2.1616313278145002e-07,1.7026461756731743e-07]",2780013.870565282,191.35907687678016,6004870.02202593,91.93558098956358,ris_only_stage2_then_vp,jnpp_then_vp,True,"[""poor_clock_consistency""]",False,1.0,nan,nan,,,nan,nan,nan,False,nan,,,False,,nan,nan,,,nan,nan,nan,False,nan,,,,False,nan,nan,force_ris_only,0.700000025044674,0.04476029206282922,3,decoupled_robust,legacy_multistart,0.0
fig5,oracle_init_vp,11,3685333214,0.0,snr_db,0.0,3,3,3,3,full_6d,3685333214,,,nan,,False,,34.50878320680931,3.1377372970063235e-05,3.1377372970063235e-05,2.5856349877904217e-06,1.3404788912695752e-05,5.663434938716708e-13,0.2863128181445632,False,oracle_init_vp,global_exact_spherical_vp,,False,,adaptive_jones,cupy,True,0,cupy,cupy.linalg.solve,explicit,matrix_free,analytic_reduced_vp_explicit_gradient,False,matrix_free_cpu_only_gpu_backend,,0,0,0,0,,,,,,fixed_pol_anchor,False,,fixed_pol_anchor,nan,nan,nan,nan,False,3,4,3096725.458075429,3096745.8958699205,"[32.31760562660195,1.2082211604527329,7.038851521510784]","[0.03094288641063623,0.8276630411141629,0.14206863107382695]","[9.553012605079994e-09,5.4525855673350845e-08,5.136682337605612e-08]",oracle_init_vp,"[""oracle_truth_initialization""]",nan,,,nan,nan,nan,nan,,0.0,34.506747872103006,34.506747872103006,nan,nan,nan,nan,nan,nan,nan,,,nan,nan,nan,nan,nan,nan,nan,nan,nan,,,,nan,nan,nan,nan,nan,,False,,nan,,,nan,nan,nan,,,,,,,,nan,nan,nan,nan,nan,nan,False,,,,,,,,,nan,nan,nan,nan,,,,[],False,nan,nan,nan,,,nan,nan,nan,False,nan,,,False,,nan,nan,,,nan,nan,nan,False,nan,,,,False,nan,nan,,nan,nan,,,legacy_multistart,
fig5,direct_vp,5,2290547997,5.0,snr_db,5.0,3,3,3,3,full_6d,2290547997,,,nan,,False,,47.03482135012746,0.00030560945129830014,0.00030560945129830014,1.4243015825530264e-06,3.1941366230138234e-05,4.713901668617517e-13,0.08625737405689105,False,direct_vp,global_exact_spherical_vp,proposed_post_stage1,False,05412c32a9e8bbff,adaptive_jones,cpu,False,,legacy_least_squares,cpu,explicit,,legacy_least_squares_numerical,False,,,0,0,,,,,,,,fixed_pol_anchor,True,fixed_anchor_then_adaptive_jones_score_selection,fixed_pol_anchor,0.5408701727059064,1.824491010966012,1.2183495613173567,0.0,True,3,4,3094111.6112897163,nan,"[1.824491010966012,0.5408701727059064,1.2896875002801513]","[0.548098068988954,1.8488725214714339,0.7753816329781332]",,direct_vp,[],3093962.1532142875,3096560,True,22629972.996183213,74.9648529132523,34.02521094506754,0.02022939871979,"[5.005700034127545,5.012886930713221,5.0517527566091776]",24.181361495051533,42.51968881813809,68.12498044618405,nan,nan,nan,nan,nan,nan,nan,,,nan,nan,nan,nan,nan,nan,nan,nan,nan,,,,nan,nan,nan,nan,nan,,False,,nan,,,nan,nan,nan,,,,,,,,0.00030560945129830014,1.4243015825530264e-06,0.08625737405689105,nan,nan,nan,False,not_run,not_requested,"[1.824491010966012,0.5408701727059064,1.2896875002801513]","[0.548098068988954,1.8488725214714339,0.7753816329781332]",,,,,22629972.996183213,74.9648529132523,nan,nan,direct_vp,direct_vp,False,[],False,1.0,nan,nan,,,nan,nan,nan,False,nan,,,False,,nan,nan,,,nan,nan,nan,False,nan,,,,False,nan,nan,reliability_gated,nan,nan,,decoupled_robust,legacy_multistart,0.0
fig5,old_gated,5,2290547997,5.0,snr_db,5.0,3,3,3,3,full_6d,2290547997,,,nan,,False,,45.98593011801131,0.00030560945129830014,0.00030560945129830014,1.4243015825530264e-06,3.1941366230138234e-05,4.713901668617517e-13,0.08625737405689105,False,direct_vp,global_exact_spherical_vp,main_single_proposed,True,08e5f62aa0d798ca,adaptive_jones,cpu,False,,legacy_least_squares,cpu,explicit,,legacy_least_squares_numerical,False,,,0,0,,,,,,,,fixed_pol_anchor,True,fixed_anchor_then_adaptive_jones_score_selection,fixed_pol_anchor,0.5408701727059064,1.824491010966012,1.2183495613173567,0.0,True,3,4,3094111.6112897163,nan,"[1.824491010966012,0.5408701727059064,1.2896875002801513]","[0.548098068988954,1.8488725214714339,0.7753816329781332]",,direct_vp,[],3093962.1532142875,3096560,True,22629972.996183213,74.9648529132523,34.02521094506754,0.02022939871979,"[5.005700034127545,5.012886930713221,5.0517527566091776]",24.181361495051533,42.04226177511737,67.64755340316333,nan,nan,nan,nan,nan,nan,nan,,,nan,nan,nan,nan,nan,nan,nan,nan,nan,,,,nan,nan,nan,nan,nan,,False,,nan,,,nan,nan,nan,,,,,,,,0.00030560945129830014,1.4243015825530264e-06,0.08625737405689105,nan,nan,nan,False,not_run,not_requested,"[1.824491010966012,0.5408701727059064,1.2896875002801513]","[0.548098068988954,1.8488725214714339,0.7753816329781332]",,,,,22629972.996183213,74.9648529132523,nan,nan,direct_vp,direct_vp,False,[],False,1.0,nan,nan,,,nan,nan,nan,False,nan,,,False,,nan,nan,,,nan,nan,nan,False,nan,,,,False,nan,nan,reliability_gated_ris_only,nan,nan,,decoupled_robust,legacy_multistart,0.0
fig5,adaptive_jones_vp_proposed,5,2290547997,5.0,snr_db,5.0,3,3,3,3,full_6d,2290547997,,,nan,,False,,43.81268867198378,0.00030560945129830014,0.00030560945129830014,1.4243015825530264e-06,3.1941366230138234e-05,4.713901668617517e-13,0.08625737405689105,False,direct_vp,global_exact_spherical_vp,main_single_proposed,True,b5d49c539f75d54c,adaptive_jones,cpu,False,,legacy_least_squares,cpu,explicit,,legacy_least_squares_numerical,False,,,0,0,,,,,,,,fixed_pol_anchor,True,fixed_anchor_then_adaptive_jones_score_selection,fixed_pol_anchor,0.5408701727059064,1.824491010966012,1.2183495613173567,0.0,True,3,4,3094111.6112897163,nan,"[1.824491010966012,0.5408701727059064,1.2896875002801513]","[0.548098068988954,1.8488725214714339,0.7753816329781332]",,direct_vp,[],3093962.1532142875,3096560,True,22629972.996183213,74.9648529132523,34.02521094506754,0.02022939871979,"[5.005700034127545,5.012886930713221,5.0517527566091776]",24.181361495051533,40.10761572304182,65.71290735108778,nan,nan,nan,nan,nan,nan,nan,,,nan,nan,nan,nan,nan,nan,nan,nan,nan,,,,nan,nan,nan,nan,nan,,False,,nan,,,nan,nan,nan,,,,,,,,0.00030560945129830014,1.4243015825530264e-06,0.08625737405689105,nan,nan,nan,False,not_run,not_requested,"[1.824491010966012,0.5408701727059064,1.2896875002801513]","[0.548098068988954,1.8488725214714339,0.7753816329781332]",,,,,22629972.996183213,74.9648529132523,nan,nan,direct_vp,direct_vp,False,[],True,1.0,0.0001978822112511652,0.0001978822112511652,2,data_only_efim_tau_crb,0.004060810789846091,1.0145629564104328e-05,1.0145629564104328e-05,True,0.00020802784081526952,green,clock_green,False,ngc_green_skip_rescue,nan,nan,2,,nan,nan,nan,False,nan,,candidate_unavailable,ngc_green_skip_rescue,False,9.21034037197618,13.815510557964274,ngc_certified_ris_only,nan,nan,,decoupled_robust,legacy_multistart,0.0
fig5,force_rescue,5,2290547997,5.0,snr_db,5.0,3,3,3,3,full_6d,2290547997,,,nan,,False,,100.55164005095139,0.00030560945129830014,0.00030560945129830014,1.4243015825530264e-06,3.1941366230138234e-05,4.713901668617517e-13,0.08625737405689105,False,direct_vp_rollback,global_exact_spherical_vp,main_single_proposed,True,72427f421cd82517,adaptive_jones,cpu,False,,legacy_least_squares,cpu,explicit,,legacy_least_squares_numerical,False,,,0,0,,,,,,,,fixed_pol_anchor,True,fixed_anchor_then_adaptive_jones_score_selection,fixed_pol_anchor,0.5408701727059064,1.824491010966012,1.2183495613173567,0.0,True,3,4,3094111.6112897163,nan,"[1.824491010966012,0.5408701727059064,1.2896875002801513]","[0.548098068988954,1.8488725214714339,0.7753816329781332]",,jnpp_then_vp,[],3093962.1532142875,3096560,True,22629972.996183213,74.9648529132523,34.02521094506754,0.02022939871979,"[5.005700034127545,5.012886930713221,5.0517527566091776]",24.181361495051533,40.33235919801518,65.93765082606114,nan,nan,nan,nan,nan,nan,nan,,,nan,nan,nan,nan,nan,nan,nan,nan,nan,,,,nan,nan,nan,nan,nan,,False,,nan,,,nan,nan,nan,,,,,,,,0.00030560945129830014,1.4243015825530264e-06,0.08625737405689105,0.00030560150399917623,1.4243113436944394e-06,0.0862573740568929,True,rollback,existing_selector_rollback,"[1.824491010966012,0.5408701727059064,1.2896875002801513]","[0.548098068988954,1.8488725214714339,0.7753816329781332]",,"[1.8244910140032014,0.5408701722344167,1.2896874995732444]","[0.5480980680765474,1.848872523083141,0.7753816334031375]",,22629972.996183213,74.9648529132523,22629972.258908316,74.96485582555998,direct_vp,direct_vp,False,[],False,1.0,nan,nan,,,nan,nan,nan,False,nan,,,False,,nan,nan,,,nan,nan,nan,False,nan,,,,False,nan,nan,force_ris_only,4.535564491838291e-05,0.017960286743635246,3,decoupled_robust,legacy_multistart,0.0
fig5,oracle_init_vp,5,2290547997,5.0,snr_db,5.0,3,3,3,3,full_6d,2290547997,,,nan,,False,,26.800714737037197,0.00030561955545101144,0.00030561955545101144,1.4243156765734754e-06,3.1942766597034014e-05,4.713895749687279e-13,0.08625737405689096,False,oracle_init_vp,global_exact_spherical_vp,,False,,adaptive_jones,cupy,True,0,cupy,cupy.linalg.solve,explicit,matrix_free,analytic_reduced_vp_explicit_gradient,False,matrix_free_cpu_only_gpu_backend,,0,0,0,0,,,,,,fixed_pol_anchor,False,,fixed_pol_anchor,nan,nan,nan,nan,False,3,4,3096725.458075429,3096772.421798454,"[1.8229509417000807,0.5404136195851902,1.2885988637601198]","[0.5485611143575696,1.850434488988338,0.7760366923502636]","[2.4461711501185904e-07,1.6851000519578035e-07,2.7252427711935115e-08]",oracle_init_vp,"[""oracle_truth_initialization""]",nan,,,nan,nan,nan,nan,,0.0,26.79924726486206,26.79924726486206,nan,nan,nan,nan,nan,nan,nan,,,nan,nan,nan,nan,nan,nan,nan,nan,nan,,,,nan,nan,nan,nan,nan,,False,,nan,,,nan,nan,nan,,,,,,,,nan,nan,nan,nan,nan,nan,False,,,,,,,,,nan,nan,nan,nan,,,,[],False,nan,nan,nan,,,nan,nan,nan,False,nan,,,False,,nan,nan,,,nan,nan,nan,False,nan,,,,False,nan,nan,,nan,nan,,,legacy_multistart,
fig5,direct_vp,4,287230138,5.0,snr_db,5.0,3,3,3,3,full_6d,287230138,,,nan,,False,,57.164303575176746,0.0001897614014080122,0.0001897614014080122,1.4451538762734546e-06,0.00014710738750969165,1.596131617775021e-13,0.1563142945268166,False,direct_vp,global_exact_spherical_vp,proposed_post_stage1,False,781b0c8b185ed307,adaptive_jones,cpu,False,,legacy_least_squares,cpu,explicit,,legacy_least_squares_numerical,False,,,0,0,,,,,,,,fixed_pol_anchor,True,fixed_anchor_then_adaptive_jones_score_selection,fixed_pol_anchor,0.6337520628442858,4.496373195421795,1.9532807007824637,0.0,True,3,4,3096418.310146071,nan,"[4.496373195421795,0.7297168440813103,0.6337520628442858]","[0.2224014681463058,1.3703945689485044,1.5779041341677942]",,direct_vp,[],3096268.852070642,3096560,True,29164371.992438663,76.14529153143982,27.834851420145135,0.029930564076256536,"[4.9469250143063705,4.99064437098533,5.019752696190588]",28.344374077161774,51.744659872027114,81.11587768723257,nan,nan,nan,nan,nan,nan,nan,,,nan,nan,nan,nan,nan,nan,nan,nan,nan,,,,nan,nan,nan,nan,nan,,False,,nan,,,nan,nan,nan,,,,,,,,0.0001897614014080122,1.4451538762734546e-06,0.1563142945268166,nan,nan,nan,False,not_run,not_requested,"[4.496373195421795,0.7297168440813103,0.6337520628442858]","[0.2224014681463058,1.3703945689485044,1.5779041341677942]",,,,,29164371.992438663,76.14529153143982,nan,nan,direct_vp,direct_vp,False,[],False,1.0,nan,nan,,,nan,nan,nan,False,nan,,,False,,nan,nan,,,nan,nan,nan,False,nan,,,,False,nan,nan,reliability_gated,nan,nan,,decoupled_robust,legacy_multistart,0.0
fig5,old_gated,4,287230138,5.0,snr_db,5.0,3,3,3,3,full_6d,287230138,,,nan,,False,,57.20642434200272,0.0001897614014080122,0.0001897614014080122,1.4451538762734546e-06,0.00014710738750969165,1.596131617775021e-13,0.1563142945268166,False,direct_vp,global_exact_spherical_vp,main_single_proposed,True,9caebdc09e0775ca,adaptive_jones,cpu,False,,legacy_least_squares,cpu,explicit,,legacy_least_squares_numerical,False,,,0,0,,,,,,,,fixed_pol_anchor,True,fixed_anchor_then_adaptive_jones_score_selection,fixed_pol_anchor,0.6337520628442858,4.496373195421795,1.9532807007824637,0.0,True,3,4,3096418.310146071,nan,"[4.496373195421795,0.7297168440813103,0.6337520628442858]","[0.2224014681463058,1.3703945689485044,1.5779041341677942]",,direct_vp,[],3096268.852070642,3096560,True,29164371.992438663,76.14529153143982,27.834851420145135,0.029930564076256536,"[4.9469250143063705,4.99064437098533,5.019752696190588]",28.344374077161774,52.501044931821525,81.87226274702698,nan,nan,nan,nan,nan,nan,nan,,,nan,nan,nan,nan,nan,nan,nan,nan,nan,,,,nan,nan,nan,nan,nan,,False,,nan,,,nan,nan,nan,,,,,,,,0.0001897614014080122,1.4451538762734546e-06,0.1563142945268166,nan,nan,nan,False,not_run,not_requested,"[4.496373195421795,0.7297168440813103,0.6337520628442858]","[0.2224014681463058,1.3703945689485044,1.5779041341677942]",,,,,29164371.992438663,76.14529153143982,nan,nan,direct_vp,direct_vp,False,[],False,1.0,nan,nan,,,nan,nan,nan,False,nan,,,False,,nan,nan,,,nan,nan,nan,False,nan,,,,False,nan,nan,reliability_gated_ris_only,nan,nan,,decoupled_robust,legacy_multistart,0.0
fig5,adaptive_jones_vp_proposed,4,287230138,5.0,snr_db,5.0,3,3,3,3,full_6d,287230138,,,nan,,False,,59.72047618380748,0.0001897614014080122,0.0001897614014080122,1.4451538762734546e-06,0.00014710738750969165,1.596131617775021e-13,0.1563142945268166,False,direct_vp,global_exact_spherical_vp,main_single_proposed,True,c7b3ad980f79449f,adaptive_jones,cpu,False,,legacy_least_squares,cpu,explicit,,legacy_least_squares_numerical,False,,,0,0,,,,,,,,fixed_pol_anchor,True,fixed_anchor_then_adaptive_jones_score_selection,fixed_pol_anchor,0.6337520628442858,4.496373195421795,1.9532807007824637,0.0,True,3,4,3096418.310146071,nan,"[4.496373195421795,0.7297168440813103,0.6337520628442858]","[0.2224014681463058,1.3703945689485044,1.5779041341677942]",,direct_vp,[],3096268.852070642,3096560,True,29164371.992438663,76.14529153143982,27.834851420145135,0.029930564076256536,"[4.9469250143063705,4.99064437098533,5.019752696190588]",28.344374077161774,54.978313140105456,84.34953095531091,nan,nan,nan,nan,nan,nan,nan,,,nan,nan,nan,nan,nan,nan,nan,nan,nan,,,,nan,nan,nan,nan,nan,,False,,nan,,,nan,nan,nan,,,,,,,,0.0001897614014080122,1.4451538762734546e-06,0.1563142945268166,nan,nan,nan,False,not_run,not_requested,"[4.496373195421795,0.7297168440813103,0.6337520628442858]","[0.2224014681463058,1.3703945689485044,1.5779041341677942]",,,,,29164371.992438663,76.14529153143982,nan,nan,direct_vp,direct_vp,False,[],True,1.0,0.0006496365279817994,0.0006496365279817994,2,data_only_efim_tau_crb,0.007357742679097757,1.4640159662646548e-05,1.4640159662646548e-05,True,0.0006642766876444459,green,clock_green,False,ngc_green_skip_rescue,nan,nan,2,,nan,nan,nan,False,nan,,candidate_unavailable,ngc_green_skip_rescue,False,9.21034037197618,13.815510557964274,ngc_certified_ris_only,nan,nan,,decoupled_robust,legacy_multistart,0.0
fig5,force_rescue,4,287230138,5.0,snr_db,5.0,3,3,3,3,full_6d,287230138,,,nan,,False,,127.47615357302129,0.0001897614014080122,0.0001897614014080122,1.4451538762734546e-06,0.00014710738750969165,1.596131617775021e-13,0.1563142945268166,False,direct_vp_rollback,global_exact_spherical_vp,main_single_proposed,True,dbcb0d76bdec3f55,adaptive_jones,cpu,False,,legacy_least_squares,cpu,explicit,,legacy_least_squares_numerical,False,,,0,0,,,,,,,,fixed_pol_anchor,True,fixed_anchor_then_adaptive_jones_score_selection,fixed_pol_anchor,0.6337520628442858,4.496373195421795,1.9532807007824637,0.0,True,3,4,3096418.310146071,nan,"[4.496373195421795,0.7297168440813103,0.6337520628442858]","[0.2224014681463058,1.3703945689485044,1.5779041341677942]",,jnpp_then_vp,[],3096268.852070642,3096560,True,29164371.992438663,76.14529153143982,27.834851420145135,0.029930564076256536,"[4.9469250143063705,4.99064437098533,5.019752696190588]",28.344374077161774,51.73754836409353,81.10876617929898,nan,nan,nan,nan,nan,nan,nan,,,nan,nan,nan,nan,nan,nan,nan,nan,nan,,,,nan,nan,nan,nan,nan,,False,,nan,,,nan,nan,nan,,,,,,,,0.0001897614014080122,1.4451538762734546e-06,0.1563142945268166,0.00018976042277162391,1.4451526126391812e-06,0.15631429452681736,True,rollback,existing_selector_rollback,"[4.496373195421795,0.7297168440813103,0.6337520628442858]","[0.2224014681463058,1.3703945689485044,1.5779041341677942]",,"[4.496373195034486,0.7297168440812685,0.6337520628486027]","[0.22240146816546305,1.370394568948583,1.5779041341570457]",,29164371.992438663,76.14529153143982,29164371.96336201,76.14529161583468,direct_vp,direct_vp,False,[],False,1.0,nan,nan,,,nan,nan,nan,False,nan,,,False,,nan,nan,,,nan,nan,nan,False,nan,,,,False,nan,nan,force_ris_only,0.00038350746749739756,0.006932429902223907,3,decoupled_robust,legacy_multistart,0.0
fig5,oracle_init_vp,4,287230138,5.0,snr_db,5.0,3,3,3,3,full_6d,287230138,,,nan,,False,,33.143656918080524,0.00018976137422211945,0.00018976137422211945,1.4451521328303266e-06,0.0001471072401896153,1.5961382802625749e-13,0.15631429452681775,False,oracle_init_vp,global_exact_spherical_vp,,False,,adaptive_jones,cupy,True,0,cupy,cupy.linalg.solve,explicit,matrix_free,analytic_reduced_vp_explicit_gradient,False,matrix_free_cpu_only_gpu_backend,,0,0,0,0,,,,,,fixed_pol_anchor,False,,fixed_pol_anchor,nan,nan,nan,nan,False,3,4,3096725.458075429,3096771.8295832165,"[4.4959272023581605,0.7296444638003383,0.6336892012793778]","[0.2224235302277567,1.370530511244875,1.5780606612522834]","[1.901059536012892e-08,8.594771451593608e-08,3.2359450852450884e-08]",oracle_init_vp,"[""oracle_truth_initialization""]",nan,,,nan,nan,nan,nan,,0.0,33.142140137963,33.142140137963,nan,nan,nan,nan,nan,nan,nan,,,nan,nan,nan,nan,nan,nan,nan,nan,nan,,,,nan,nan,nan,nan,nan,,False,,nan,,,nan,nan,nan,,,,,,,,nan,nan,nan,nan,nan,nan,False,,,,,,,,,nan,nan,nan,nan,,,,[],False,nan,nan,nan,,,nan,nan,nan,False,nan,,,False,,nan,nan,,,nan,nan,nan,False,nan,,,,False,nan,nan,,nan,nan,,,legacy_multistart,
fig5,direct_vp,14,1092560480,0.0,snr_db,0.0,3,3,3,3,full_6d,1092560480,,,nan,,False,,118.94127581105568,0.00035017798385446997,0.00035017798385446997,6.067340437472884e-06,0.0002502676401668036,6.892443419424063e-13,0.21617529772411107,False,direct_vp,global_exact_spherical_vp,proposed_post_stage1,False,4b989af7ee2405ca,adaptive_jones,cpu,False,,legacy_least_squares,cpu,explicit,,legacy_least_squares_numerical,False,,,0,0,,,,,,,,fixed_pol_anchor,True,fixed_anchor_then_adaptive_jones_score_selection,fixed_pol_anchor,2.7382566607198315,3.7948779789087856,3.3743617435282443,0.0,True,3,10,3363217.095014852,3364458.811121808,"[3.7948779789087856,3.589950590956116,2.7382566607198315]","[0.26351308409756946,0.27855536578013984,0.36519586141876936]","[4.141296792588177e-07,4.873940612547889e-07,4.7442488503869826e-07]",direct_vp,[],3094527.3695315626,3096560,True,7933101.704461452,68.78333589358793,17.178058351558104,0.04625441557869047,"[5.075680839220911,4.971547283043647,4.984951790366383]",26.575284922029823,113.8504681000486,141.24462030013092,nan,nan,nan,nan,nan,nan,nan,,,nan,nan,nan,nan,nan,nan,nan,nan,nan,,,,nan,nan,nan,nan,nan,,False,,nan,,,nan,nan,nan,,,,,,,,0.00035017798385446997,6.067340437472884e-06,0.21617529772411107,nan,nan,nan,False,not_run,not_requested,"[3.7948779789087856,3.589950590956116,2.7382566607198315]","[0.26351308409756946,0.27855536578013984,0.36519586141876936]","[4.141296792588177e-07,4.873940612547889e-07,4.7442488503869826e-07]",,,,7933101.704461452,68.78333589358793,nan,nan,direct_vp,direct_vp,False,[],False,1.0,nan,nan,,,nan,nan,nan,False,nan,,,False,,nan,nan,,,nan,nan,nan,False,nan,,,,False,nan,nan,reliability_gated,nan,nan,,decoupled_robust,legacy_multistart,0.0
fig5,old_gated,14,1092560480,0.0,snr_db,0.0,3,3,3,3,full_6d,1092560480,,,nan,,False,,127.48882349696942,0.00035017798385446997,0.00035017798385446997,6.067340437472884e-06,0.0002502676401668036,6.892443419424063e-13,0.21617529772411107,False,direct_vp,global_exact_spherical_vp,main_single_proposed,True,947ed4b311c40481,adaptive_jones,cpu,False,,legacy_least_squares,cpu,explicit,,legacy_least_squares_numerical,False,,,0,0,,,,,,,,fixed_pol_anchor,True,fixed_anchor_then_adaptive_jones_score_selection,fixed_pol_anchor,2.7382566607198315,3.7948779789087856,3.3743617435282443,0.0,True,3,10,3363217.095014852,3364458.811121808,"[3.7948779789087856,3.589950590956116,2.7382566607198315]","[0.26351308409756946,0.27855536578013984,0.36519586141876936]","[4.141296792588177e-07,4.873940612547889e-07,4.7442488503869826e-07]",direct_vp,[],3094527.3695315626,3096560,True,7933101.704461452,68.78333589358793,17.178058351558104,0.04625441557869047,"[5.075680839220911,4.971547283043647,4.984951790366383]",26.575284922029823,122.34871139400639,149.7428635940887,nan,nan,nan,nan,nan,nan,nan,,,nan,nan,nan,nan,nan,nan,nan,nan,nan,,,,nan,nan,nan,nan,nan,,False,,nan,,,nan,nan,nan,,,,,,,,0.00035017798385446997,6.067340437472884e-06,0.21617529772411107,nan,nan,nan,False,not_run,not_requested,"[3.7948779789087856,3.589950590956116,2.7382566607198315]","[0.26351308409756946,0.27855536578013984,0.36519586141876936]","[4.141296792588177e-07,4.873940612547889e-07,4.7442488503869826e-07]",,,,7933101.704461452,68.78333589358793,nan,nan,direct_vp,direct_vp,False,[],False,1.0,nan,nan,,,nan,nan,nan,False,nan,,,False,,nan,nan,,,nan,nan,nan,False,nan,,,,False,nan,nan,reliability_gated_ris_only,nan,nan,,decoupled_robust,legacy_multistart,0.0
fig5,adaptive_jones_vp_proposed,14,1092560480,0.0,snr_db,0.0,3,3,3,3,full_6d,1092560480,,,nan,,False,,126.09630325902253,0.00035017798385446997,0.00035017798385446997,6.067340437472884e-06,0.0002502676401668036,6.892443419424063e-13,0.21617529772411107,False,direct_vp,global_exact_spherical_vp,main_single_proposed,True,c5fd7529bd69529c,adaptive_jones,cpu,False,,legacy_least_squares,cpu,explicit,,legacy_least_squares_numerical,False,,,0,0,,,,,,,,fixed_pol_anchor,True,fixed_anchor_then_adaptive_jones_score_selection,fixed_pol_anchor,2.7382566607198315,3.7948779789087856,3.3743617435282443,0.0,True,3,10,3363217.095014852,3364458.811121808,"[3.7948779789087856,3.589950590956116,2.7382566607198315]","[0.26351308409756946,0.27855536578013984,0.36519586141876936]","[4.141296792588177e-07,4.873940612547889e-07,4.7442488503869826e-07]",direct_vp,[],3094527.3695315626,3096560,True,7933101.704461452,68.78333589358793,17.178058351558104,0.04625441557869047,"[5.075680839220911,4.971547283043647,4.984951790366383]",26.575284922029823,121.00028050295077,148.3944327030331,nan,nan,nan,nan,nan,nan,nan,,,nan,nan,nan,nan,nan,nan,nan,nan,nan,,,,nan,nan,nan,nan,nan,,False,,nan,,,nan,nan,nan,,,,,,,,0.00035017798385446997,6.067340437472884e-06,0.21617529772411107,nan,nan,nan,False,not_run,not_requested,"[3.7948779789087856,3.589950590956116,2.7382566607198315]","[0.26351308409756946,0.27855536578013984,0.36519586141876936]","[4.141296792588177e-07,4.873940612547889e-07,4.7442488503869826e-07]",,,,7933101.704461452,68.78333589358793,nan,nan,direct_vp,direct_vp,False,[],True,1.0,0.002657870819202147,0.002657870819202147,2,data_only_efim_tau_crb,0.01488251440226121,2.162721515789788e-05,2.162721515789788e-05,True,0.002679498034360045,green,clock_green,False,ngc_green_skip_rescue,nan,nan,2,,nan,nan,nan,False,nan,,candidate_unavailable,ngc_green_skip_rescue,False,9.21034037197618,13.815510557964274,ngc_certified_ris_only,nan,nan,,decoupled_robust,legacy_multistart,0.0
fig5,force_rescue,14,1092560480,0.0,snr_db,0.0,3,3,3,3,full_6d,1092560480,,,nan,,False,,249.89833394112065,0.00035017798385446997,0.00035017798385446997,6.067340437472884e-06,0.0002502676401668036,6.892443419424063e-13,0.21617529772411107,False,direct_vp_rollback,global_exact_spherical_vp,main_single_proposed,True,27dec88161b98d33,adaptive_jones,cpu,False,,legacy_least_squares,cpu,explicit,,legacy_least_squares_numerical,False,,,0,0,,,,,,,,fixed_pol_anchor,True,fixed_anchor_then_adaptive_jones_score_selection,fixed_pol_anchor,2.7382566607198315,3.7948779789087856,3.3743617435282443,0.0,True,3,10,3363217.095014852,3364458.811121808,"[3.7948779789087856,3.589950590956116,2.7382566607198315]","[0.26351308409756946,0.27855536578013984,0.36519586141876936]","[4.141296792588177e-07,4.873940612547889e-07,4.7442488503869826e-07]",jnpp_then_vp,[],3094527.3695315626,3096560,True,7933101.704461452,68.78333589358793,17.178058351558104,0.04625441557869047,"[5.075680839220911,4.971547283043647,4.984951790366383]",26.575284922029823,122.49584717815742,149.88999937823974,nan,nan,nan,nan,nan,nan,nan,,,nan,nan,nan,nan,nan,nan,nan,nan,nan,,,,nan,nan,nan,nan,nan,,False,,nan,,,nan,nan,nan,,,,,,,,0.00035017798385446997,6.067340437472884e-06,0.21617529772411107,0.0003501807844621928,6.067347296529454e-06,0.21617529772411118,True,rollback,existing_selector_rollback,"[3.7948779789087856,3.589950590956116,2.7382566607198315]","[0.26351308409756946,0.27855536578013984,0.36519586141876936]","[4.141296792588177e-07,4.873940612547889e-07,4.7442488503869826e-07]","[3.7948779768231864,3.589950582268593,2.7382566649209363]","[0.26351308424239167,0.2785553664542316,0.3651958608584764]","[4.079489794010944e-07,5.137212326648512e-07,4.539437134794757e-07]",7933101.704461452,68.78333589358793,7933101.797612017,68.78333507151453,direct_vp,direct_vp,False,[],False,1.0,nan,nan,,,nan,nan,nan,False,nan,,,False,,nan,nan,,,nan,nan,nan,False,nan,,,,False,nan,nan,force_ris_only,0.7000006184013977,0.02684798366084234,3,decoupled_robust,legacy_multistart,0.0
fig5,oracle_init_vp,14,1092560480,0.0,snr_db,0.0,3,3,3,3,full_6d,1092560480,,,nan,,False,,33.253328538965434,0.0003501696725436357,0.0003501696725436357,6.0673187455563465e-06,0.0002502644701099631,6.892350265773256e-13,0.21617529772411032,False,oracle_init_vp,global_exact_spherical_vp,,False,,adaptive_jones,cupy,True,0,cupy,cupy.linalg.solve,explicit,matrix_free,analytic_reduced_vp_explicit_gradient,False,matrix_free_cpu_only_gpu_backend,,0,0,0,0,,,,,,fixed_pol_anchor,False,,fixed_pol_anchor,nan,nan,nan,nan,False,3,4,3096725.458075429,3096754.4487938797,"[3.7389418942294634,3.5211558280269077,2.2510803057220725]","[0.2674553465352382,0.28399765555301554,0.44423115312937794]","[5.9514119922425776e-08,1.1651324236737323e-07,1.324051458699949e-07]",oracle_init_vp,"[""oracle_truth_initialization""]",nan,,,nan,nan,nan,nan,,0.0,33.25140307308175,33.25140307308175,nan,nan,nan,nan,nan,nan,nan,,,nan,nan,nan,nan,nan,nan,nan,nan,nan,,,,nan,nan,nan,nan,nan,,False,,nan,,,nan,nan,nan,,,,,,,,nan,nan,nan,nan,nan,nan,False,,,,,,,,,nan,nan,nan,nan,,,,[],False,nan,nan,nan,,,nan,nan,nan,False,nan,,,False,,nan,nan,,,nan,nan,nan,False,nan,,,,False,nan,nan,,nan,nan,,,legacy_multistart,
fig5,direct_vp,2,3251202663,5.0,snr_db,5.0,3,3,3,3,full_6d,3251202663,,,nan,,False,,78.03519603097811,8.367378365516775e-05,8.367378365516775e-05,2.56371968734929e-06,6.447234775672614e-05,1.140909774366826e-13,0.07225984225140651,False,direct_vp,global_exact_spherical_vp,proposed_post_stage1,False,6d2c9306ffc87525,adaptive_jones,cpu,False,,legacy_least_squares,cpu,explicit,,legacy_least_squares_numerical,False,,,0,0,,,,,,,,fixed_pol_anchor,True,fixed_anchor_then_adaptive_jones_score_selection,fixed_pol_anchor,0.6863117538158526,1.939338122128355,1.1558475033419235,0.0,True,3,4,3094017.079974625,nan,"[1.939338122128355,0.6863117538158526,0.8418926340815636]","[0.5156398405145546,1.457063782514831,1.1877999159478059]",,direct_vp,[],3093867.621899196,3096560,True,26664143.99313242,73.86612855250362,41.11511219927195,0.03212320860960968,"[4.9428023655268145,5.006138861818797,5.014904739968374]",44.78069729497656,70.92463897797279,116.5863763440866,nan,nan,nan,nan,nan,nan,nan,,,nan,nan,nan,nan,nan,nan,nan,nan,nan,,,,nan,nan,nan,nan,nan,,False,,nan,,,nan,nan,nan,,,,,,,,8.367378365516775e-05,2.56371968734929e-06,0.07225984225140651,nan,nan,nan,False,not_run,not_requested,"[1.939338122128355,0.6863117538158526,0.8418926340815636]","[0.5156398405145546,1.457063782514831,1.1877999159478059]",,,,,26664143.99313242,73.86612855250362,nan,nan,direct_vp,direct_vp,False,[],False,1.0,nan,nan,,,nan,nan,nan,False,nan,,,False,,nan,nan,,,nan,nan,nan,False,nan,,,,False,nan,nan,reliability_gated,nan,nan,,decoupled_robust,legacy_multistart,0.0
fig5,old_gated,2,3251202663,5.0,snr_db,5.0,3,3,3,3,full_6d,3251202663,,,nan,,False,,77.25139847095124,8.367378365516775e-05,8.367378365516775e-05,2.56371968734929e-06,6.447234775672614e-05,1.140909774366826e-13,0.07225984225140651,False,direct_vp,global_exact_spherical_vp,main_single_proposed,True,0c15a68798d5c372,adaptive_jones,cpu,False,,legacy_least_squares,cpu,explicit,,legacy_least_squares_numerical,False,,,0,0,,,,,,,,fixed_pol_anchor,True,fixed_anchor_then_adaptive_jones_score_selection,fixed_pol_anchor,0.6863117538158526,1.939338122128355,1.1558475033419235,0.0,True,3,4,3094017.079974625,nan,"[1.939338122128355,0.6863117538158526,0.8418926340815636]","[0.5156398405145546,1.457063782514831,1.1877999159478059]",,direct_vp,[],3093867.621899196,3096560,True,26664143.99313242,73.86612855250362,41.11511219927195,0.03212320860960968,"[4.9428023655268145,5.006138861818797,5.014904739968374]",44.78069729497656,70.85871781618334,116.52045518229716,nan,nan,nan,nan,nan,nan,nan,,,nan,nan,nan,nan,nan,nan,nan,nan,nan,,,,nan,nan,nan,nan,nan,,False,,nan,,,nan,nan,nan,,,,,,,,8.367378365516775e-05,2.56371968734929e-06,0.07225984225140651,nan,nan,nan,False,not_run,not_requested,"[1.939338122128355,0.6863117538158526,0.8418926340815636]","[0.5156398405145546,1.457063782514831,1.1877999159478059]",,,,,26664143.99313242,73.86612855250362,nan,nan,direct_vp,direct_vp,False,[],False,1.0,nan,nan,,,nan,nan,nan,False,nan,,,False,,nan,nan,,,nan,nan,nan,False,nan,,,,False,nan,nan,reliability_gated_ris_only,nan,nan,,decoupled_robust,legacy_multistart,0.0
fig5,adaptive_jones_vp_proposed,2,3251202663,5.0,snr_db,5.0,3,3,3,3,full_6d,3251202663,,,nan,,False,,76.66421082685702,8.367378365516775e-05,8.367378365516775e-05,2.56371968734929e-06,6.447234775672614e-05,1.140909774366826e-13,0.07225984225140651,False,direct_vp,global_exact_spherical_vp,main_single_proposed,True,18e0ea367ee9a486,adaptive_jones,cpu,False,,legacy_least_squares,cpu,explicit,,legacy_least_squares_numerical,False,,,0,0,,,,,,,,fixed_pol_anchor,True,fixed_anchor_then_adaptive_jones_score_selection,fixed_pol_anchor,0.6863117538158526,1.939338122128355,1.1558475033419235,0.0,True,3,4,3094017.079974625,nan,"[1.939338122128355,0.6863117538158526,0.8418926340815636]","[0.5156398405145546,1.457063782514831,1.1877999159478059]",,direct_vp,[],3093867.621899196,3096560,True,26664143.99313242,73.86612855250362,41.11511219927195,0.03212320860960968,"[4.9428023655268145,5.006138861818797,5.014904739968374]",44.78069729497656,69.88209172105417,115.54382908716798,nan,nan,nan,nan,nan,nan,nan,,,nan,nan,nan,nan,nan,nan,nan,nan,nan,,,,nan,nan,nan,nan,nan,,False,,nan,,,nan,nan,nan,,,,,,,,8.367378365516775e-05,2.56371968734929e-06,0.07225984225140651,nan,nan,nan,False,not_run,not_requested,"[1.939338122128355,0.6863117538158526,0.8418926340815636]","[0.5156398405145546,1.457063782514831,1.1877999159478059]",,,,,26664143.99313242,73.86612855250362,nan,nan,direct_vp,direct_vp,False,[],True,1.0,5.106741045337122e-05,5.106741045337122e-05,2,data_only_efim_tau_crb,0.002062914815929377,1.9486359797169085e-05,1.9486359797169085e-05,True,7.05537702505403e-05,green,clock_green,False,ngc_green_skip_rescue,nan,nan,2,,nan,nan,nan,False,nan,,candidate_unavailable,ngc_green_skip_rescue,False,9.21034037197618,13.815510557964274,ngc_certified_ris_only,nan,nan,,decoupled_robust,legacy_multistart,0.0
fig5,force_rescue,2,3251202663,5.0,snr_db,5.0,3,3,3,3,full_6d,3251202663,,,nan,,False,,166.53184445900843,8.367378365516775e-05,8.367378365516775e-05,2.56371968734929e-06,6.447234775672614e-05,1.140909774366826e-13,0.07225984225140651,False,direct_vp_rollback,global_exact_spherical_vp,main_single_proposed,True,c0fa354f5ee21995,adaptive_jones,cpu,False,,legacy_least_squares,cpu,explicit,,legacy_least_squares_numerical,False,,,0,0,,,,,,,,fixed_pol_anchor,True,fixed_anchor_then_adaptive_jones_score_selection,fixed_pol_anchor,0.6863117538158526,1.939338122128355,1.1558475033419235,0.0,True,3,4,3094017.079974625,nan,"[1.939338122128355,0.6863117538158526,0.8418926340815636]","[0.5156398405145546,1.457063782514831,1.1877999159478059]",,jnpp_then_vp,[],3093867.621899196,3096560,True,26664143.99313242,73.86612855250362,41.11511219927195,0.03212320860960968,"[4.9428023655268145,5.006138861818797,5.014904739968374]",44.78069729497656,68.07435247302055,113.73608983913437,nan,nan,nan,nan,nan,nan,nan,,,nan,nan,nan,nan,nan,nan,nan,nan,nan,,,,nan,nan,nan,nan,nan,,False,,nan,,,nan,nan,nan,,,,,,,,8.367378365516775e-05,2.56371968734929e-06,0.07225984225140651,8.367150487259133e-05,2.5637178764963102e-06,0.07225984225140648,True,rollback,existing_selector_rollback,"[1.939338122128355,0.6863117538158526,0.8418926340815636]","[0.5156398405145546,1.457063782514831,1.1877999159478059]",,"[1.939338122119692,0.6863117538377675,0.8418926341866199]","[0.515639840516858,1.4570637824683048,1.187799915799585]",,26664143.99313242,73.86612855250362,26664144.21594626,73.86612789353894,direct_vp,direct_vp,False,[],False,1.0,nan,nan,,,nan,nan,nan,False,nan,,,False,,nan,nan,,,nan,nan,nan,False,nan,,,,False,nan,nan,force_ris_only,6.426585334268244e-05,0.0009386227664867955,3,decoupled_robust,legacy_multistart,0.0
fig5,oracle_init_vp,2,3251202663,5.0,snr_db,5.0,3,3,3,3,full_6d,3251202663,,,nan,,False,,43.83550888299942,8.367080552071299e-05,8.367080552071299e-05,2.5637141586187627e-06,6.447130192065325e-05,1.1408979298267927e-13,0.07225984225140636,False,oracle_init_vp,global_exact_spherical_vp,,False,,adaptive_jones,cupy,True,0,cupy,cupy.linalg.solve,explicit,matrix_free,analytic_reduced_vp_explicit_gradient,False,matrix_free_cpu_only_gpu_backend,,0,0,0,0,,,,,,fixed_pol_anchor,False,,fixed_pol_anchor,nan,nan,nan,nan,False,3,4,3096725.458075429,3096776.8818095033,"[1.9376419064784927,0.6857114806240744,0.8411562842390087]","[0.5160912326754336,1.4583392990433848,1.1888397182978374]","[9.168950911352157e-07,1.1789235591015077e-07,2.000559764855197e-08]",oracle_init_vp,"[""oracle_truth_initialization""]",nan,,,nan,nan,nan,nan,,0.0,43.83384589385241,43.83384589385241,nan,nan,nan,nan,nan,nan,nan,,,nan,nan,nan,nan,nan,nan,nan,nan,nan,,,,nan,nan,nan,nan,nan,,False,,nan,,,nan,nan,nan,,,,,,,,nan,nan,nan,nan,nan,nan,False,,,,,,,,,nan,nan,nan,nan,,,,[],False,nan,nan,nan,,,nan,nan,nan,False,nan,,,False,,nan,nan,,,nan,nan,nan,False,nan,,,,False,nan,nan,,nan,nan,,,legacy_multistart,
fig5,direct_vp,6,1919806993,5.0,snr_db,5.0,3,3,3,3,full_6d,1919806993,,,nan,,False,,56.839344843057916,6.212353846388377e-05,6.212353846388377e-05,7.265367784821454e-07,1.7191997850729676e-05,1.7917616796707348e-13,0.1327528891277126,False,direct_vp,global_exact_spherical_vp,proposed_post_stage1,False,a7bd2de1448a10c7,adaptive_jones,cpu,False,,legacy_least_squares,cpu,explicit,,legacy_least_squares_numerical,False,,,0,0,,,,,,,,fixed_pol_anchor,True,fixed_anchor_then_adaptive_jones_score_selection,fixed_pol_anchor,0.5699535411843996,7.430530670570719,2.9282987382098375,0.0,True,3,4,3095503.9272855804,nan,"[0.7844120028743927,7.430530670570719,0.5699535411843996]","[1.2748402578425928,0.13457988996037104,1.754528970767278]",,direct_vp,[],3095354.4692101516,3096560,True,26068212.471516732,72.21016522024198,49.13221262055931,0.0420357773827832,"[5.053206061601148,5.0570133409585125,4.96599933107126]",25.648713354952633,51.48159201303497,77.81067293719389,nan,nan,nan,nan,nan,nan,nan,,,nan,nan,nan,nan,nan,nan,nan,nan,nan,,,,nan,nan,nan,nan,nan,,False,,nan,,,nan,nan,nan,,,,,,,,6.212353846388377e-05,7.265367784821454e-07,0.1327528891277126,nan,nan,nan,False,not_run,not_requested,"[0.7844120028743927,7.430530670570719,0.5699535411843996]","[1.2748402578425928,0.13457988996037104,1.754528970767278]",,,,,26068212.471516732,72.21016522024198,nan,nan,direct_vp,direct_vp,False,[],False,1.0,nan,nan,,,nan,nan,nan,False,nan,,,False,,nan,nan,,,nan,nan,nan,False,nan,,,,False,nan,nan,reliability_gated,nan,nan,,decoupled_robust,legacy_multistart,0.0
fig5,old_gated,6,1919806993,5.0,snr_db,5.0,3,3,3,3,full_6d,1919806993,,,nan,,False,,56.173991513904184,6.212353846388377e-05,6.212353846388377e-05,7.265367784821454e-07,1.7191997850729676e-05,1.7917616796707348e-13,0.1327528891277126,False,direct_vp,global_exact_spherical_vp,main_single_proposed,True,638bc8a052394855,adaptive_jones,cpu,False,,legacy_least_squares,cpu,explicit,,legacy_least_squares_numerical,False,,,0,0,,,,,,,,fixed_pol_anchor,True,fixed_anchor_then_adaptive_jones_score_selection,fixed_pol_anchor,0.5699535411843996,7.430530670570719,2.9282987382098375,0.0,True,3,4,3095503.9272855804,nan,"[0.7844120028743927,7.430530670570719,0.5699535411843996]","[1.2748402578425928,0.13457988996037104,1.754528970767278]",,direct_vp,[],3095354.4692101516,3096560,True,26068212.471516732,72.21016522024198,49.13221262055931,0.0420357773827832,"[5.053206061601148,5.0570133409585125,4.96599933107126]",25.648713354952633,51.53781431703828,77.8668952411972,nan,nan,nan,nan,nan,nan,nan,,,nan,nan,nan,nan,nan,nan,nan,nan,nan,,,,nan,nan,nan,nan,nan,,False,,nan,,,nan,nan,nan,,,,,,,,6.212353846388377e-05,7.265367784821454e-07,0.1327528891277126,nan,nan,nan,False,not_run,not_requested,"[0.7844120028743927,7.430530670570719,0.5699535411843996]","[1.2748402578425928,0.13457988996037104,1.754528970767278]",,,,,26068212.471516732,72.21016522024198,nan,nan,direct_vp,direct_vp,False,[],False,1.0,nan,nan,,,nan,nan,nan,False,nan,,,False,,nan,nan,,,nan,nan,nan,False,nan,,,,False,nan,nan,reliability_gated_ris_only,nan,nan,,decoupled_robust,legacy_multistart,0.0
fig5,adaptive_jones_vp_proposed,6,1919806993,5.0,snr_db,5.0,3,3,3,3,full_6d,1919806993,,,nan,,False,,56.73146629193798,6.212353846388377e-05,6.212353846388377e-05,7.265367784821454e-07,1.7191997850729676e-05,1.7917616796707348e-13,0.1327528891277126,False,direct_vp,global_exact_spherical_vp,main_single_proposed,True,685b12f650288c64,adaptive_jones,cpu,False,,legacy_least_squares,cpu,explicit,,legacy_least_squares_numerical,False,,,0,0,,,,,,,,fixed_pol_anchor,True,fixed_anchor_then_adaptive_jones_score_selection,fixed_pol_anchor,0.5699535411843996,7.430530670570719,2.9282987382098375,0.0,True,3,4,3095503.9272855804,nan,"[0.7844120028743927,7.430530670570719,0.5699535411843996]","[1.2748402578425928,0.13457988996037104,1.754528970767278]",,direct_vp,[],3095354.4692101516,3096560,True,26068212.471516732,72.21016522024198,49.13221262055931,0.0420357773827832,"[5.053206061601148,5.0570133409585125,4.96599933107126]",25.648713354952633,51.66801815992221,77.99709908408113,nan,nan,nan,nan,nan,nan,nan,,,nan,nan,nan,nan,nan,nan,nan,nan,nan,,,,nan,nan,nan,nan,nan,,False,,nan,,,nan,nan,nan,,,,,,,,6.212353846388377e-05,7.265367784821454e-07,0.1327528891277126,nan,nan,nan,False,not_run,not_requested,"[0.7844120028743927,7.430530670570719,0.5699535411843996]","[1.2748402578425928,0.13457988996037104,1.754528970767278]",,,,,26068212.471516732,72.21016522024198,nan,nan,direct_vp,direct_vp,False,[],True,1.0,0.0020165188619722134,0.0020165188619722134,2,data_only_efim_tau_crb,0.012963149250767905,1.085785525166836e-05,1.085785525166836e-05,True,0.002027376717223882,green,clock_green,False,ngc_green_skip_rescue,nan,nan,2,,nan,nan,nan,False,nan,,candidate_unavailable,ngc_green_skip_rescue,False,9.21034037197618,13.815510557964274,ngc_certified_ris_only,nan,nan,,decoupled_robust,legacy_multistart,0.0
fig5,force_rescue,6,1919806993,5.0,snr_db,5.0,3,3,3,3,full_6d,1919806993,,,nan,,False,,113.99802733794786,6.212353846388377e-05,6.212353846388377e-05,7.265367784821454e-07,1.7191997850729676e-05,1.7917616796707348e-13,0.1327528891277126,False,direct_vp_rollback,global_exact_spherical_vp,main_single_proposed,True,30f390cfdd23fa28,adaptive_jones,cpu,False,,legacy_least_squares,cpu,explicit,,legacy_least_squares_numerical,False,,,0,0,,,,,,,,fixed_pol_anchor,True,fixed_anchor_then_adaptive_jones_score_selection,fixed_pol_anchor,0.5699535411843996,7.430530670570719,2.9282987382098375,0.0,True,3,4,3095503.9272855804,nan,"[0.7844120028743927,7.430530670570719,0.5699535411843996]","[1.2748402578425928,0.13457988996037104,1.754528970767278]",,jnpp_then_vp,[],3095354.4692101516,3096560,True,26068212.471516732,72.21016522024198,49.13221262055931,0.0420357773827832,"[5.053206061601148,5.0570133409585125,4.96599933107126]",25.648713354952633,52.77592032100074,79.10500124515966,nan,nan,nan,nan,nan,nan,nan,,,nan,nan,nan,nan,nan,nan,nan,nan,nan,,,,nan,nan,nan,nan,nan,,False,,nan,,,nan,nan,nan,,,,,,,,6.212353846388377e-05,7.265367784821454e-07,0.1327528891277126,6.212545788620765e-05,7.265398814968131e-07,0.13275288912771308,True,rollback,existing_selector_rollback,"[0.7844120028743927,7.430530670570719,0.5699535411843996]","[1.2748402578425928,0.13457988996037104,1.754528970767278]",,"[0.78441200285192,7.4305306716429484,0.5699535411935777]","[1.2748402578791158,0.1345798899409511,1.7545289707390244]",,26068212.471516732,72.21016522024198,26068212.33307834,72.2101656062212,direct_vp,direct_vp,False,[],False,1.0,nan,nan,,,nan,nan,nan,False,nan,,,False,,nan,nan,,,nan,nan,nan,False,nan,,,,False,nan,nan,force_ris_only,3.4919042063493993e-05,0.0009529868909568441,3,decoupled_robust,legacy_multistart,0.0
fig5,oracle_init_vp,6,1919806993,5.0,snr_db,5.0,3,3,3,3,full_6d,1919806993,,,nan,,False,,27.059614796191454,6.212699207133137e-05,6.212699207133137e-05,7.265352988292659e-07,1.719148863852449e-05,1.7917611553752752e-13,0.13275288912771308,False,oracle_init_vp,global_exact_spherical_vp,,False,,adaptive_jones,cupy,True,0,cupy,cupy.linalg.solve,explicit,matrix_free,analytic_reduced_vp_explicit_gradient,False,matrix_free_cpu_only_gpu_backend,,0,0,0,0,,,,,,fixed_pol_anchor,False,,fixed_pol_anchor,nan,nan,nan,nan,False,3,4,3096725.458075429,3096768.122325425,"[0.7841025696481032,7.427599492013498,0.5697287071084071]","[1.2753433526534736,0.13463299967476963,1.7552213668059944]","[2.7217008592482302e-08,1.2887481619591974e-07,5.301604671340839e-08]",oracle_init_vp,"[""oracle_truth_initialization""]",nan,,,nan,nan,nan,nan,,0.0,27.05796703696251,27.05796703696251,nan,nan,nan,nan,nan,nan,nan,,,nan,nan,nan,nan,nan,nan,nan,nan,nan,,,,nan,nan,nan,nan,nan,,False,,nan,,,nan,nan,nan,,,,,,,,nan,nan,nan,nan,nan,nan,False,,,,,,,,,nan,nan,nan,nan,,,,[],False,nan,nan,nan,,,nan,nan,nan,False,nan,,,False,,nan,nan,,,nan,nan,nan,False,nan,,,,False,nan,nan,,nan,nan,,,legacy_multistart,
fig5,direct_vp,8,641399591,5.0,snr_db,5.0,3,3,3,3,full_6d,641399591,,,nan,,False,,57.74096687696874,0.0001274381021285856,0.0001274381021285856,1.1824751530963177e-06,2.4671735396425052e-05,1.0467349352138331e-13,0.07133714787734169,False,direct_vp,global_exact_spherical_vp,proposed_post_stage1,False,ab76d70a26d86913,adaptive_jones,cpu,False,,legacy_least_squares,cpu,explicit,,legacy_least_squares_numerical,False,,,0,0,,,,,,,,fixed_pol_anchor,True,fixed_anchor_then_adaptive_jones_score_selection,fixed_pol_anchor,0.6899002771852601,3.291150682286637,1.563861748764029,0.0,True,3,4,3098034.1037501455,nan,"[3.291150682286637,0.7105342868201897,0.6899002771852601]","[0.30384509751523303,1.407391618600881,1.449484850302181]",,direct_vp,[],3097884.6456747167,3096560,True,27011753.809464566,78.3502979162946,23.82212892202773,0.054719292807162326,"[4.904593016176148,5.0144393294324265,5.026031172029458]",27.540167219936848,52.19183622393757,80.4907044377178,nan,nan,nan,nan,nan,nan,nan,,,nan,nan,nan,nan,nan,nan,nan,nan,nan,,,,nan,nan,nan,nan,nan,,False,,nan,,,nan,nan,nan,,,,,,,,0.0001274381021285856,1.1824751530963177e-06,0.07133714787734169,nan,nan,nan,False,not_run,not_requested,"[3.291150682286637,0.7105342868201897,0.6899002771852601]","[0.30384509751523303,1.407391618600881,1.449484850302181]",,,,,27011753.809464566,78.3502979162946,nan,nan,direct_vp,direct_vp,False,[],False,1.0,nan,nan,,,nan,nan,nan,False,nan,,,False,,nan,nan,,,nan,nan,nan,False,nan,,,,False,nan,nan,reliability_gated,nan,nan,,decoupled_robust,legacy_multistart,0.0
fig5,old_gated,8,641399591,5.0,snr_db,5.0,3,3,3,3,full_6d,641399591,,,nan,,False,,45.66462069004774,0.0001274381021285856,0.0001274381021285856,1.1824751530963177e-06,2.4671735396425052e-05,1.0467349352138331e-13,0.07133714787734169,False,direct_vp,global_exact_spherical_vp,main_single_proposed,True,773cac5b552aa53c,adaptive_jones,cpu,False,,legacy_least_squares,cpu,explicit,,legacy_least_squares_numerical,False,,,0,0,,,,,,,,fixed_pol_anchor,True,fixed_anchor_then_adaptive_jones_score_selection,fixed_pol_anchor,0.6899002771852601,3.291150682286637,1.563861748764029,0.0,True,3,4,3098034.1037501455,nan,"[3.291150682286637,0.7105342868201897,0.6899002771852601]","[0.30384509751523303,1.407391618600881,1.449484850302181]",,direct_vp,[],3097884.6456747167,3096560,True,27011753.809464566,78.3502979162946,23.82212892202773,0.054719292807162326,"[4.904593016176148,5.0144393294324265,5.026031172029458]",27.540167219936848,41.749700892018154,70.04856910579838,nan,nan,nan,nan,nan,nan,nan,,,nan,nan,nan,nan,nan,nan,nan,nan,nan,,,,nan,nan,nan,nan,nan,,False,,nan,,,nan,nan,nan,,,,,,,,0.0001274381021285856,1.1824751530963177e-06,0.07133714787734169,nan,nan,nan,False,not_run,not_requested,"[3.291150682286637,0.7105342868201897,0.6899002771852601]","[0.30384509751523303,1.407391618600881,1.449484850302181]",,,,,27011753.809464566,78.3502979162946,nan,nan,direct_vp,direct_vp,False,[],False,1.0,nan,nan,,,nan,nan,nan,False,nan,,,False,,nan,nan,,,nan,nan,nan,False,nan,,,,False,nan,nan,reliability_gated_ris_only,nan,nan,,decoupled_robust,legacy_multistart,0.0
fig5,adaptive_jones_vp_proposed,8,641399591,5.0,snr_db,5.0,3,3,3,3,full_6d,641399591,,,nan,,False,,45.336689674062654,0.0001274381021285856,0.0001274381021285856,1.1824751530963177e-06,2.4671735396425052e-05,1.0467349352138331e-13,0.07133714787734169,False,direct_vp,global_exact_spherical_vp,main_single_proposed,True,3ec9243ba88194b5,adaptive_jones,cpu,False,,legacy_least_squares,cpu,explicit,,legacy_least_squares_numerical,False,,,0,0,,,,,,,,fixed_pol_anchor,True,fixed_anchor_then_adaptive_jones_score_selection,fixed_pol_anchor,0.6899002771852601,3.291150682286637,1.563861748764029,0.0,True,3,4,3098034.1037501455,nan,"[3.291150682286637,0.7105342868201897,0.6899002771852601]","[0.30384509751523303,1.407391618600881,1.449484850302181]",,direct_vp,[],3097884.6456747167,3096560,True,27011753.809464566,78.3502979162946,23.82212892202773,0.054719292807162326,"[4.904593016176148,5.0144393294324265,5.026031172029458]",27.540167219936848,41.37904657307081,69.67791478685103,nan,nan,nan,nan,nan,nan,nan,,,nan,nan,nan,nan,nan,nan,nan,nan,nan,,,,nan,nan,nan,nan,nan,,False,,nan,,,nan,nan,nan,,,,,,,,0.0001274381021285856,1.1824751530963177e-06,0.07133714787734169,nan,nan,nan,False,not_run,not_requested,"[3.291150682286637,0.7105342868201897,0.6899002771852601]","[0.30384509751523303,1.407391618600881,1.449484850302181]",,,,,27011753.809464566,78.3502979162946,nan,nan,direct_vp,direct_vp,False,[],True,1.0,0.0023185138982062567,0.0023185138982062567,2,data_only_efim_tau_crb,0.013899981709239336,8.204234177200026e-06,8.204234177200026e-06,True,0.002326718132383457,green,clock_green,False,ngc_green_skip_rescue,nan,nan,2,,nan,nan,nan,False,nan,,candidate_unavailable,ngc_green_skip_rescue,False,9.21034037197618,13.815510557964274,ngc_certified_ris_only,nan,nan,,decoupled_robust,legacy_multistart,0.0
fig5,force_rescue,8,641399591,5.0,snr_db,5.0,3,3,3,3,full_6d,641399591,,,nan,,False,,114.06771591119468,0.0001274381021285856,0.0001274381021285856,1.1824751530963177e-06,2.4671735396425052e-05,1.0467349352138331e-13,0.07133714787734169,False,direct_vp_rollback,global_exact_spherical_vp,main_single_proposed,True,c725b5cebd514f76,adaptive_jones,cpu,False,,legacy_least_squares,cpu,explicit,,legacy_least_squares_numerical,False,,,0,0,,,,,,,,fixed_pol_anchor,True,fixed_anchor_then_adaptive_jones_score_selection,fixed_pol_anchor,0.6899002771852601,3.291150682286637,1.563861748764029,0.0,True,3,4,3098034.1037501455,nan,"[3.291150682286637,0.7105342868201897,0.6899002771852601]","[0.30384509751523303,1.407391618600881,1.449484850302181]",,jnpp_then_vp,[],3097884.6456747167,3096560,True,27011753.809464566,78.3502979162946,23.82212892202773,0.054719292807162326,"[4.904593016176148,5.0144393294324265,5.026031172029458]",27.540167219936848,40.89352747192606,69.19239568570629,nan,nan,nan,nan,nan,nan,nan,,,nan,nan,nan,nan,nan,nan,nan,nan,nan,,,,nan,nan,nan,nan,nan,,False,,nan,,,nan,nan,nan,,,,,,,,0.0001274381021285856,1.1824751530963177e-06,0.07133714787734169,0.00012743749480473887,1.1824746067682488e-06,0.07133714787734195,True,rollback,existing_selector_rollback,"[3.291150682286637,0.7105342868201897,0.6899002771852601]","[0.30384509751523303,1.407391618600881,1.449484850302181]",,"[3.291150682375955,0.7105342868298505,0.6899002771902607]","[0.303845097506987,1.4073916185817452,1.4494848502916748]",,27011753.809464566,78.3502979162946,27011753.769538075,78.35029802975517,direct_vp,direct_vp,False,[],False,1.0,nan,nan,,,nan,nan,nan,False,nan,,,False,,nan,nan,,,nan,nan,nan,False,nan,,,,False,nan,nan,force_ris_only,0.0002492602640895899,0.0051058893648906105,3,decoupled_robust,legacy_multistart,0.0
fig5,oracle_init_vp,8,641399591,5.0,snr_db,5.0,3,3,3,3,full_6d,641399591,,,nan,,False,,43.57351870415732,0.0001274424492952731,0.0001274424492952731,1.1824779403262897e-06,2.467220399371477e-05,1.0467292927734651e-13,0.07133714787734174,False,oracle_init_vp,global_exact_spherical_vp,,False,,adaptive_jones,cupy,True,0,cupy,cupy.linalg.solve,explicit,matrix_free,analytic_reduced_vp_explicit_gradient,False,matrix_free_cpu_only_gpu_backend,,0,0,0,0,,,,,,fixed_pol_anchor,False,,fixed_pol_anchor,nan,nan,nan,nan,False,3,4,3096725.458075429,3096770.7630282626,"[3.2925415570631884,0.7108345661121789,0.6901918362961862]","[0.30371674363577855,1.4067970912960304,1.4488725415323136]","[2.0417198977238917e-07,1.8850557520751743e-07,2.7476863151891405e-08]",oracle_init_vp,"[""oracle_truth_initialization""]",nan,,,nan,nan,nan,nan,,0.0,43.571811800822616,43.571811800822616,nan,nan,nan,nan,nan,nan,nan,,,nan,nan,nan,nan,nan,nan,nan,nan,nan,,,,nan,nan,nan,nan,nan,,False,,nan,,,nan,nan,nan,,,,,,,,nan,nan,nan,nan,nan,nan,False,,,,,,,,,nan,nan,nan,nan,,,,[],False,nan,nan,nan,,,nan,nan,nan,False,nan,,,False,,nan,nan,,,nan,nan,nan,False,nan,,,,False,nan,nan,,nan,nan,,,legacy_multistart,
fig5,direct_vp,16,1080178429,-10.0,snr_db,-10.0,3,3,3,3,full_6d,1080178429,,,nan,,False,,489.6832375389058,0.00026766888477339413,0.00026766888477339413,1.8685978134804836e-05,0.00022439731149843104,3.1489710933219672e-12,4.80928895482128,False,direct_vp,global_exact_spherical_vp,proposed_post_stage1,False,5b3c19ed5b89f585,adaptive_jones,cpu,False,,legacy_least_squares,cpu,explicit,,legacy_least_squares_numerical,False,,,0,0,,,,,,,,fixed_pol_anchor,True,fixed_anchor_then_adaptive_jones_score_selection,fixed_pol_anchor,2594.4299744799973,6151.7289463742545,4254.578188790742,0.0,True,3,10,3407151.7799970983,3145253.0180619247,"[6151.7289463742545,2594.4299744799973,4017.5756455179753]","[0.00016255592575119187,0.0003854411208789709,0.0002489063266544909]","[3.759471747080408e-12,1.837863898618563e-07,1.0716613073554355e-13]",jnpp_then_vp,"[""low_assignment_margin"",""poor_clock_consistency""]",3100975.1333044902,3096560,False,856473.135331509,87.57450350258482,0.10167381296073615,47.556526672485475,"[5.064345900022821,105.79681415702781,4.764694954668039]",28.387981713050976,260.0695760000963,289.1851071151905,nan,nan,nan,nan,nan,nan,nan,,,nan,nan,nan,nan,nan,nan,nan,nan,nan,,,,nan,nan,nan,nan,nan,,False,,nan,,,nan,nan,nan,,,,,,,,0.00026766888477339413,1.8685978134804836e-05,4.80928895482128,nan,nan,nan,False,not_run,not_requested,"[6151.7289463742545,2594.4299744799973,4017.5756455179753]","[0.00016255592575119187,0.0003854411208789709,0.0002489063266544909]","[3.759471747080408e-12,1.837863898618563e-07,1.0716613073554355e-13]",,,,856473.135331509,87.57450350258482,nan,nan,ris_only_stage2_then_vp,jnpp_then_vp,True,"[""low_assignment_margin"",""poor_clock_consistency""]",False,1.0,nan,nan,,,nan,nan,nan,False,nan,,,False,,nan,nan,,,nan,nan,nan,False,nan,,,,False,nan,nan,reliability_gated,nan,nan,,decoupled_robust,legacy_multistart,0.0
fig5,old_gated,16,1080178429,-10.0,snr_db,-10.0,3,3,3,3,full_6d,1080178429,,,nan,,False,,485.76932552293874,0.29117222390314257,0.29117222390314257,0.14326058087538238,0.013595435966077707,2.2550839839316168e-11,4.877727504434462,True,direct_vp_rollback,global_exact_spherical_vp,main_single_proposed,True,e61bd61eeef9b93d,adaptive_jones,cupy,True,0,cupy,cupy.linalg.solve,explicit,matrix_free,analytic_reduced_vp_explicit_gradient,False,matrix_free_cpu_only_gpu_backend,,0,0,0,0,,,,,,adaptive_jones,True,fixed_anchor_then_adaptive_jones_score_selection,adaptive_jones,2594.4299744799973,6151.7289463742545,4254.578188790742,0.0,True,6,4,3407151.7799970983,3145253.0180619247,"[6151.7289463742545,2594.4299744799973,4017.5756455179753]","[0.00016255592575119187,0.0003854411208789709,0.0002489063266544909]","[3.759471747080408e-12,1.837863898618563e-07,1.0716613073554355e-13]",jnpp_then_vp,"[""low_assignment_margin"",""poor_clock_consistency""]",3145103.5361730987,3096560,False,145531.7531934508,451.0155218880946,0.10167381296073615,47.556526672485475,"[5.064345900022821,105.79681415702781,4.764694954668039]",28.387981713050976,186.10747070307843,215.22300181817263,nan,nan,nan,nan,nan,nan,nan,,,nan,nan,nan,nan,nan,nan,nan,nan,nan,,,,nan,nan,nan,nan,nan,,False,,nan,,,nan,nan,nan,,,,,,,,0.29117222390314257,0.14326058087538238,4.877727504434462,2.382391002292098,0.9969890767290831,5.2862948049329495,True,rollback,existing_selector_rollback,"[6151.7289463742545,2594.4299744799973,4017.5756455179753]","[0.00016255592575119187,0.0003854411208789709,0.0002489063266544909]","[3.759471747080408e-12,1.837863898618563e-07,1.0716613073554355e-13]","[819119.4170804463,3382.8168155122726,200675.20921260727]","[1.2208222147203383e-06,0.0002956116311210158,4.983175566371685e-06]","[4.536592389833633e-14,7.341903811451599e-09,2.4418713040441353e-11]",145531.7531934508,451.0155218880946,26.598944159968852,6795.916799913252,ris_only_stage2_then_vp,jnpp_then_vp,True,"[""low_assignment_margin"",""poor_clock_consistency""]",False,1.0,nan,nan,,,nan,nan,nan,False,nan,,,False,,nan,nan,,,nan,nan,nan,False,nan,,,,False,nan,nan,reliability_gated_ris_only,2.402923173137848,0.07729873063197101,3,decoupled_robust,legacy_multistart,0.0
fig5,adaptive_jones_vp_proposed,16,1080178429,-10.0,snr_db,-10.0,3,3,3,3,full_6d,1080178429,,,nan,,False,,409.53884688788094,0.29117222390314257,0.29117222390314257,0.14326058087538238,0.013595435966077707,2.2550839839316168e-11,4.877727504434462,True,direct_vp,global_exact_spherical_vp,main_single_proposed,True,04c2c015492d0134,adaptive_jones,cupy,True,0,cupy,cupy.linalg.solve,explicit,matrix_free,analytic_reduced_vp_explicit_gradient,False,matrix_free_cpu_only_gpu_backend,,0,0,0,0,,,,,,adaptive_jones,True,fixed_anchor_then_adaptive_jones_score_selection,adaptive_jones,2594.4299744799973,6151.7289463742545,4254.578188790742,0.0,True,6,4,3407151.7799970983,3145253.0180619247,"[6151.7289463742545,2594.4299744799973,4017.5756455179753]","[0.00016255592575119187,0.0003854411208789709,0.0002489063266544909]","[3.759471747080408e-12,1.837863898618563e-07,1.0716613073554355e-13]",jnpp_then_vp,"[""low_assignment_margin"",""poor_clock_consistency""]",3145103.5361730987,3096560,False,145531.7531934508,451.0155218880946,0.10167381296073615,47.556526672485475,"[5.064345900022821,105.79681415702781,4.764694954668039]",28.387981713050976,165.78133599297144,194.89686710806563,nan,nan,nan,nan,nan,nan,nan,,,nan,nan,nan,nan,nan,nan,nan,nan,nan,,,,nan,nan,nan,nan,nan,,False,,nan,,,nan,nan,nan,,,,,,,,0.29117222390314257,0.14326058087538238,4.877727504434462,2.382391002292098,0.9969890767290831,5.2862948049329495,True,unknown,unknown,"[6151.7289463742545,2594.4299744799973,4017.5756455179753]","[0.00016255592575119187,0.0003854411208789709,0.0002489063266544909]","[3.759471747080408e-12,1.837863898618563e-07,1.0716613073554355e-13]","[819119.4170804463,3382.8168155122726,200675.20921260727]","[1.2208222147203383e-06,0.0002956116311210158,4.983175566371685e-06]","[4.536592389833633e-14,7.341903811451599e-09,2.4418713040441353e-11]",145531.7531934508,451.0155218880946,26.598944159968852,6795.916799913252,ris_only_stage2_then_vp,jnpp_then_vp,True,"[""low_assignment_margin"",""poor_clock_consistency""]",True,1.0,30177.027691382875,30177.027691382875,2,data_only_efim_tau_crb,50.14730608532465,0.3017644192810731,0.3017644192810731,True,30177.329455802155,red,clock_red,True,ngc_red_run_rescue,27027.27136162469,27027.27136162469,2,data_only_efim_tau_crb,47.45811430586686,1.4963803757814635,1.4963803757814635,True,27028.767742000473,red,clock_red,rescue_unavailable_direct_fallback,True,9.21034037197618,13.815510557964274,ngc_certified_ris_only,2.402923173137848,0.07729873063197101,3,decoupled_robust,legacy_multistart,0.0
fig5,force_rescue,16,1080178429,-10.0,snr_db,-10.0,3,3,3,3,full_6d,1080178429,,,nan,,False,,404.6010411279276,0.29117222390314257,0.29117222390314257,0.14326058087538238,0.013595435966077707,2.2550839839316168e-11,4.877727504434462,True,direct_vp_rollback,global_exact_spherical_vp,main_single_proposed,True,47bdaafbaaba3299,adaptive_jones,cupy,True,0,cupy,cupy.linalg.solve,explicit,matrix_free,analytic_reduced_vp_explicit_gradient,False,matrix_free_cpu_only_gpu_backend,,0,0,0,0,,,,,,adaptive_jones,True,fixed_anchor_then_adaptive_jones_score_selection,adaptive_jones,2594.4299744799973,6151.7289463742545,4254.578188790742,0.0,True,6,4,3407151.7799970983,3145253.0180619247,"[6151.7289463742545,2594.4299744799973,4017.5756455179753]","[0.00016255592575119187,0.0003854411208789709,0.0002489063266544909]","[3.759471747080408e-12,1.837863898618563e-07,1.0716613073554355e-13]",jnpp_then_vp,"[""low_assignment_margin"",""poor_clock_consistency""]",3145103.5361730987,3096560,False,145531.7531934508,451.0155218880946,0.10167381296073615,47.556526672485475,"[5.064345900022821,105.79681415702781,4.764694954668039]",28.387981713050976,168.75737519701943,197.87290631211363,nan,nan,nan,nan,nan,nan,nan,,,nan,nan,nan,nan,nan,nan,nan,nan,nan,,,,nan,nan,nan,nan,nan,,False,,nan,,,nan,nan,nan,,,,,,,,0.29117222390314257,0.14326058087538238,4.877727504434462,2.382391002292098,0.9969890767290831,5.2862948049329495,True,rollback,existing_selector_rollback,"[6151.7289463742545,2594.4299744799973,4017.5756455179753]","[0.00016255592575119187,0.0003854411208789709,0.0002489063266544909]","[3.759471747080408e-12,1.837863898618563e-07,1.0716613073554355e-13]","[819119.4170804463,3382.8168155122726,200675.20921260727]","[1.2208222147203383e-06,0.0002956116311210158,4.983175566371685e-06]","[4.536592389833633e-14,7.341903811451599e-09,2.4418713040441353e-11]",145531.7531934508,451.0155218880946,26.598944159968852,6795.916799913252,ris_only_stage2_then_vp,jnpp_then_vp,True,"[""low_assignment_margin"",""poor_clock_consistency""]",False,1.0,nan,nan,,,nan,nan,nan,False,nan,,,False,,nan,nan,,,nan,nan,nan,False,nan,,,,False,nan,nan,force_ris_only,2.402923173137848,0.07729873063197101,3,decoupled_robust,legacy_multistart,0.0
fig5,oracle_init_vp,16,1080178429,-10.0,snr_db,-10.0,3,3,3,3,full_6d,1080178429,,,nan,,False,,26.73461231100373,0.00026756896269800403,0.00026756896269800403,1.8684692516133027e-05,0.00022433175618379576,3.1487602617655546e-12,4.809288954821229,False,oracle_init_vp,global_exact_spherical_vp,,False,,adaptive_jones,cupy,True,0,cupy,cupy.linalg.solve,explicit,matrix_free,analytic_reduced_vp_explicit_gradient,False,matrix_free_cpu_only_gpu_backend,,0,0,0,0,,,,,,fixed_pol_anchor,False,,fixed_pol_anchor,nan,nan,nan,nan,False,3,4,3096725.458075429,3096730.3908326738,"[28.057614493107273,2011.365135030474,15.834561412360475]","[0.03564094874201104,0.0004971747697980675,0.06315299640718589]","[1.0491904595683934e-08,9.46233500686471e-11,7.570591553720832e-09]",oracle_init_vp,"[""oracle_truth_initialization""]",nan,,,nan,nan,nan,nan,,0.0,26.732685344060883,26.732685344060883,nan,nan,nan,nan,nan,nan,nan,,,nan,nan,nan,nan,nan,nan,nan,nan,nan,,,,nan,nan,nan,nan,nan,,False,,nan,,,nan,nan,nan,,,,,,,,nan,nan,nan,nan,nan,nan,False,,,,,,,,,nan,nan,nan,nan,,,,[],False,nan,nan,nan,,,nan,nan,nan,False,nan,,,False,,nan,nan,,,nan,nan,nan,False,nan,,,,False,nan,nan,,nan,nan,,,legacy_multistart,
fig5,direct_vp,9,3933360494,0.0,snr_db,0.0,3,3,3,3,full_6d,3933360494,,,nan,,False,,169.39046607306227,0.00010055835625722463,0.00010055835625722463,5.097167143288095e-06,2.533500852980679e-05,3.6978141724387064e-13,0.119122665685046,False,direct_vp,global_exact_spherical_vp,proposed_post_stage1,False,692ba53e97c0ff8f,adaptive_jones,cpu,False,,legacy_least_squares,cpu,explicit,,legacy_least_squares_numerical,False,,,0,0,,,,,,,,fixed_pol_anchor,True,fixed_anchor_then_adaptive_jones_score_selection,fixed_pol_anchor,2.2539459138600146,4.50838013793559,3.5330316782590843,0.0,True,3,10,3326230.9937670445,3326271.7048765756,"[2.2539459138600146,3.8367689829816483,4.50838013793559]","[0.4436663692098926,0.26063596855368615,0.22180915748009586]","[2.0930906290043006e-07,4.1675981383669374e-07,9.388360652191048e-07]",direct_vp,[],3096586.574093414,3096560,True,7212345.742322165,77.01571941978946,20.642717367830798,0.05574596800562622,"[5.0864868088670745,4.966795638960076,4.96972219234504]",44.63023870601319,164.71356466202997,210.32262322911993,nan,nan,nan,nan,nan,nan,nan,,,nan,nan,nan,nan,nan,nan,nan,nan,nan,,,,nan,nan,nan,nan,nan,,False,,nan,,,nan,nan,nan,,,,,,,,0.00010055835625722463,5.097167143288095e-06,0.119122665685046,nan,nan,nan,False,not_run,not_requested,"[2.2539459138600146,3.8367689829816483,4.50838013793559]","[0.4436663692098926,0.26063596855368615,0.22180915748009586]","[2.0930906290043006e-07,4.1675981383669374e-07,9.388360652191048e-07]",,,,7212345.742322165,77.01571941978946,nan,nan,direct_vp,direct_vp,False,[],False,1.0,nan,nan,,,nan,nan,nan,False,nan,,,False,,nan,nan,,,nan,nan,nan,False,nan,,,,False,nan,nan,reliability_gated,nan,nan,,decoupled_robust,legacy_multistart,0.0
fig5,old_gated,9,3933360494,0.0,snr_db,0.0,3,3,3,3,full_6d,3933360494,,,nan,,False,,138.85444824490696,0.00010055835625722463,0.00010055835625722463,5.097167143288095e-06,2.533500852980679e-05,3.6978141724387064e-13,0.119122665685046,False,direct_vp,global_exact_spherical_vp,main_single_proposed,True,f58a15bf2ec0b628,adaptive_jones,cpu,False,,legacy_least_squares,cpu,explicit,,legacy_least_squares_numerical,False,,,0,0,,,,,,,,fixed_pol_anchor,True,fixed_anchor_then_adaptive_jones_score_selection,fixed_pol_anchor,2.2539459138600146,4.50838013793559,3.5330316782590843,0.0,True,3,10,3326230.9937670445,3326271.7048765756,"[2.2539459138600146,3.8367689829816483,4.50838013793559]","[0.4436663692098926,0.26063596855368615,0.22180915748009586]","[2.0930906290043006e-07,4.1675981383669374e-07,9.388360652191048e-07]",direct_vp,[],3096586.574093414,3096560,True,7212345.742322165,77.01571941978946,20.642717367830798,0.05574596800562622,"[5.0864868088670745,4.966795638960076,4.96972219234504]",44.63023870601319,133.86055743298493,179.4696160000749,nan,nan,nan,nan,nan,nan,nan,,,nan,nan,nan,nan,nan,nan,nan,nan,nan,,,,nan,nan,nan,nan,nan,,False,,nan,,,nan,nan,nan,,,,,,,,0.00010055835625722463,5.097167143288095e-06,0.119122665685046,nan,nan,nan,False,not_run,not_requested,"[2.2539459138600146,3.8367689829816483,4.50838013793559]","[0.4436663692098926,0.26063596855368615,0.22180915748009586]","[2.0930906290043006e-07,4.1675981383669374e-07,9.388360652191048e-07]",,,,7212345.742322165,77.01571941978946,nan,nan,direct_vp,direct_vp,False,[],False,1.0,nan,nan,,,nan,nan,nan,False,nan,,,False,,nan,nan,,,nan,nan,nan,False,nan,,,,False,nan,nan,reliability_gated_ris_only,nan,nan,,decoupled_robust,legacy_multistart,0.0
fig5,adaptive_jones_vp_proposed,9,3933360494,0.0,snr_db,0.0,3,3,3,3,full_6d,3933360494,,,nan,,False,,132.99036733806133,0.00010055835625722463,0.00010055835625722463,5.097167143288095e-06,2.533500852980679e-05,3.6978141724387064e-13,0.119122665685046,False,direct_vp,global_exact_spherical_vp,main_single_proposed,True,e8773f9588eed0f5,adaptive_jones,cpu,False,,legacy_least_squares,cpu,explicit,,legacy_least_squares_numerical,False,,,0,0,,,,,,,,fixed_pol_anchor,True,fixed_anchor_then_adaptive_jones_score_selection,fixed_pol_anchor,2.2539459138600146,4.50838013793559,3.5330316782590843,0.0,True,3,10,3326230.9937670445,3326271.7048765756,"[2.2539459138600146,3.8367689829816483,4.50838013793559]","[0.4436663692098926,0.26063596855368615,0.22180915748009586]","[2.0930906290043006e-07,4.1675981383669374e-07,9.388360652191048e-07]",direct_vp,[],3096586.574093414,3096560,True,7212345.742322165,77.01571941978946,20.642717367830798,0.05574596800562622,"[5.0864868088670745,4.966795638960076,4.96972219234504]",44.63023870601319,126.50719957100227,172.11625813809223,nan,nan,nan,nan,nan,nan,nan,,,nan,nan,nan,nan,nan,nan,nan,nan,nan,,,,nan,nan,nan,nan,nan,,False,,nan,,,nan,nan,nan,,,,,,,,0.00010055835625722463,5.097167143288095e-06,0.119122665685046,nan,nan,nan,False,not_run,not_requested,"[2.2539459138600146,3.8367689829816483,4.50838013793559]","[0.4436663692098926,0.26063596855368615,0.22180915748009586]","[2.0930906290043006e-07,4.1675981383669374e-07,9.388360652191048e-07]",,,,7212345.742322165,77.01571941978946,nan,nan,direct_vp,direct_vp,False,[],True,1.0,0.0008914708086052449,0.0008914708086052449,2,data_only_efim_tau_crb,0.008619120259657425,2.2635767399954904e-05,2.2635767399954904e-05,True,0.0009141065760051998,green,clock_green,False,ngc_green_skip_rescue,nan,nan,2,,nan,nan,nan,False,nan,,candidate_unavailable,ngc_green_skip_rescue,False,9.21034037197618,13.815510557964274,ngc_certified_ris_only,nan,nan,,decoupled_robust,legacy_multistart,0.0
fig5,force_rescue,9,3933360494,0.0,snr_db,0.0,3,3,3,3,full_6d,3933360494,,,nan,,False,,320.5185695148539,0.00010055835625722463,0.00010055835625722463,5.097167143288095e-06,2.533500852980679e-05,3.6978141724387064e-13,0.119122665685046,False,direct_vp_rollback,global_exact_spherical_vp,main_single_proposed,True,f95256816d2a41a9,adaptive_jones,cpu,False,,legacy_least_squares,cpu,explicit,,legacy_least_squares_numerical,False,,,0,0,,,,,,,,fixed_pol_anchor,True,fixed_anchor_then_adaptive_jones_score_selection,fixed_pol_anchor,2.2539459138600146,4.50838013793559,3.5330316782590843,0.0,True,3,10,3326230.9937670445,3326271.7048765756,"[2.2539459138600146,3.8367689829816483,4.50838013793559]","[0.4436663692098926,0.26063596855368615,0.22180915748009586]","[2.0930906290043006e-07,4.1675981383669374e-07,9.388360652191048e-07]",jnpp_then_vp,[],3096586.574093414,3096560,True,7212345.742322165,77.01571941978946,20.642717367830798,0.05574596800562622,"[5.0864868088670745,4.966795638960076,4.96972219234504]",44.63023870601319,178.49430197896436,224.10336054605432,nan,nan,nan,nan,nan,nan,nan,,,nan,nan,nan,nan,nan,nan,nan,nan,nan,,,,nan,nan,nan,nan,nan,,False,,nan,,,nan,nan,nan,,,,,,,,0.00010055835625722463,5.097167143288095e-06,0.119122665685046,0.00010055512356133096,5.097166222687342e-06,0.1191226656850458,True,rollback,existing_selector_rollback,"[2.2539459138600146,3.8367689829816483,4.50838013793559]","[0.4436663692098926,0.26063596855368615,0.22180915748009586]","[2.0930906290043006e-07,4.1675981383669374e-07,9.388360652191048e-07]","[2.2539459137283595,3.8367689809977583,4.508380140223311]","[0.4436663692358076,0.260635968688454,0.2218091573675416]","[2.092253253873453e-07,4.1815990095721567e-07,9.362789502717481e-07]",7212345.742322165,77.01571941978946,7212345.840508211,77.0157182548766,direct_vp,direct_vp,False,[],False,1.0,nan,nan,,,nan,nan,nan,False,nan,,,False,,nan,nan,,,nan,nan,nan,False,nan,,,,False,nan,nan,force_ris_only,0.7000006554288131,0.014187734365957655,3,decoupled_robust,legacy_multistart,0.0
fig5,oracle_init_vp,9,3933360494,0.0,snr_db,0.0,3,3,3,3,full_6d,3933360494,,,nan,,False,,32.11724833888002,0.00010055639223619814,0.00010055639223619814,5.0970812159663655e-06,2.5334806552956152e-05,3.6974591778622516e-13,0.11912266568504627,False,oracle_init_vp,global_exact_spherical_vp,,False,,adaptive_jones,cupy,True,0,cupy,cupy.linalg.solve,explicit,matrix_free,analytic_reduced_vp_explicit_gradient,False,matrix_free_cpu_only_gpu_backend,,0,0,0,0,,,,,,fixed_pol_anchor,False,,fixed_pol_anchor,nan,nan,nan,nan,False,3,4,3096725.458075429,3096749.210784112,"[2.2264181253831485,3.772502292619287,3.499791688906925]","[0.44915193089603583,0.2650760483174995,0.28573129171262934]","[7.591958317335197e-09,1.128744740711935e-08,1.2207927644004678e-07]",oracle_init_vp,"[""oracle_truth_initialization""]",nan,,,nan,nan,nan,nan,,0.0,32.115219302941114,32.115219302941114,nan,nan,nan,nan,nan,nan,nan,,,nan,nan,nan,nan,nan,nan,nan,nan,nan,,,,nan,nan,nan,nan,nan,,False,,nan,,,nan,nan,nan,,,,,,,,nan,nan,nan,nan,nan,nan,False,,,,,,,,,nan,nan,nan,nan,,,,[],False,nan,nan,nan,,,nan,nan,nan,False,nan,,,False,,nan,nan,,,nan,nan,nan,False,nan,,,,False,nan,nan,,nan,nan,,,legacy_multistart,
fig5,direct_vp,10,781873798,5.0,snr_db,5.0,3,3,3,3,full_6d,781873798,,,nan,,False,,56.840240405872464,0.000128621507356988,0.000128621507356988,1.3275705344539273e-06,0.00011447567166161201,1.1818637442640922e-13,0.06968404794975921,False,direct_vp,global_exact_spherical_vp,proposed_post_stage1,False,3bbf6e6064e70191,adaptive_jones,cpu,False,,legacy_least_squares,cpu,explicit,,legacy_least_squares_numerical,False,,,0,0,,,,,,,,fixed_pol_anchor,True,fixed_anchor_then_adaptive_jones_score_selection,fixed_pol_anchor,0.44189048015817933,11.346464179903116,4.342181053785806,0.0,True,3,4,3094418.6181901344,nan,"[1.238188501296124,11.346464179903116,0.44189048015817933]","[0.8076314704521736,0.08813318264908075,2.2630041716255067]",,direct_vp,[],3094269.1601147056,3096560,True,25785005.212693438,81.20679743338751,25.76770314442953,0.036495359348190703,"[4.997817344421779,5.080153170084086,5.008832156215548]",31.81797606917098,51.53247878700495,84.53507413319312,nan,nan,nan,nan,nan,nan,nan,,,nan,nan,nan,nan,nan,nan,nan,nan,nan,,,,nan,nan,nan,nan,nan,,False,,nan,,,nan,nan,nan,,,,,,,,0.000128621507356988,1.3275705344539273e-06,0.06968404794975921,nan,nan,nan,False,not_run,not_requested,"[1.238188501296124,11.346464179903116,0.44189048015817933]","[0.8076314704521736,0.08813318264908075,2.2630041716255067]",,,,,25785005.212693438,81.20679743338751,nan,nan,direct_vp,direct_vp,False,[],False,1.0,nan,nan,,,nan,nan,nan,False,nan,,,False,,nan,nan,,,nan,nan,nan,False,nan,,,,False,nan,nan,reliability_gated,nan,nan,,decoupled_robust,legacy_multistart,0.0
fig5,old_gated,10,781873798,5.0,snr_db,5.0,3,3,3,3,full_6d,781873798,,,nan,,False,,58.078864832175896,0.000128621507356988,0.000128621507356988,1.3275705344539273e-06,0.00011447567166161201,1.1818637442640922e-13,0.06968404794975921,False,direct_vp,global_exact_spherical_vp,main_single_proposed,True,104b56d5c2760753,adaptive_jones,cpu,False,,legacy_least_squares,cpu,explicit,,legacy_least_squares_numerical,False,,,0,0,,,,,,,,fixed_pol_anchor,True,fixed_anchor_then_adaptive_jones_score_selection,fixed_pol_anchor,0.44189048015817933,11.346464179903116,4.342181053785806,0.0,True,3,4,3094418.6181901344,nan,"[1.238188501296124,11.346464179903116,0.44189048015817933]","[0.8076314704521736,0.08813318264908075,2.2630041716255067]",,direct_vp,[],3094269.1601147056,3096560,True,25785005.212693438,81.20679743338751,25.76770314442953,0.036495359348190703,"[4.997817344421779,5.080153170084086,5.008832156215548]",31.81797606917098,53.077030514832586,86.07962586102076,nan,nan,nan,nan,nan,nan,nan,,,nan,nan,nan,nan,nan,nan,nan,nan,nan,,,,nan,nan,nan,nan,nan,,False,,nan,,,nan,nan,nan,,,,,,,,0.000128621507356988,1.3275705344539273e-06,0.06968404794975921,nan,nan,nan,False,not_run,not_requested,"[1.238188501296124,11.346464179903116,0.44189048015817933]","[0.8076314704521736,0.08813318264908075,2.2630041716255067]",,,,,25785005.212693438,81.20679743338751,nan,nan,direct_vp,direct_vp,False,[],False,1.0,nan,nan,,,nan,nan,nan,False,nan,,,False,,nan,nan,,,nan,nan,nan,False,nan,,,,False,nan,nan,reliability_gated_ris_only,nan,nan,,decoupled_robust,legacy_multistart,0.0
fig5,adaptive_jones_vp_proposed,10,781873798,5.0,snr_db,5.0,3,3,3,3,full_6d,781873798,,,nan,,False,,56.362956578144804,0.000128621507356988,0.000128621507356988,1.3275705344539273e-06,0.00011447567166161201,1.1818637442640922e-13,0.06968404794975921,False,direct_vp,global_exact_spherical_vp,main_single_proposed,True,e9bbb04ae810fc2c,adaptive_jones,cpu,False,,legacy_least_squares,cpu,explicit,,legacy_least_squares_numerical,False,,,0,0,,,,,,,,fixed_pol_anchor,True,fixed_anchor_then_adaptive_jones_score_selection,fixed_pol_anchor,0.44189048015817933,11.346464179903116,4.342181053785806,0.0,True,3,4,3094418.6181901344,nan,"[1.238188501296124,11.346464179903116,0.44189048015817933]","[0.8076314704521736,0.08813318264908075,2.2630041716255067]",,direct_vp,[],3094269.1601147056,3096560,True,25785005.212693438,81.20679743338751,25.76770314442953,0.036495359348190703,"[4.997817344421779,5.080153170084086,5.008832156215548]",31.81797606917098,51.285756750032306,84.28835209622048,nan,nan,nan,nan,nan,nan,nan,,,nan,nan,nan,nan,nan,nan,nan,nan,nan,,,,nan,nan,nan,nan,nan,,False,,nan,,,nan,nan,nan,,,,,,,,0.000128621507356988,1.3275705344539273e-06,0.06968404794975921,nan,nan,nan,False,not_run,not_requested,"[1.238188501296124,11.346464179903116,0.44189048015817933]","[0.8076314704521736,0.08813318264908075,2.2630041716255067]",,,,,25785005.212693438,81.20679743338751,nan,nan,direct_vp,direct_vp,False,[],True,1.0,0.0005170413827776123,0.0005170413827776123,2,data_only_efim_tau_crb,0.006564052246755382,1.8358297811197167e-05,1.8358297811197167e-05,True,0.0005353996805888095,green,clock_green,False,ngc_green_skip_rescue,nan,nan,2,,nan,nan,nan,False,nan,,candidate_unavailable,ngc_green_skip_rescue,False,9.21034037197618,13.815510557964274,ngc_certified_ris_only,nan,nan,,decoupled_robust,legacy_multistart,0.0
fig5,force_rescue,10,781873798,5.0,snr_db,5.0,3,3,3,3,full_6d,781873798,,,nan,,False,,124.42590218083933,0.000128621507356988,0.000128621507356988,1.3275705344539273e-06,0.00011447567166161201,1.1818637442640922e-13,0.06968404794975921,False,direct_vp_rollback,global_exact_spherical_vp,main_single_proposed,True,b359a39bf0b8b3fb,adaptive_jones,cpu,False,,legacy_least_squares,cpu,explicit,,legacy_least_squares_numerical,False,,,0,0,,,,,,,,fixed_pol_anchor,True,fixed_anchor_then_adaptive_jones_score_selection,fixed_pol_anchor,0.44189048015817933,11.346464179903116,4.342181053785806,0.0,True,3,4,3094418.6181901344,nan,"[1.238188501296124,11.346464179903116,0.44189048015817933]","[0.8076314704521736,0.08813318264908075,2.2630041716255067]",,jnpp_then_vp,[],3094269.1601147056,3096560,True,25785005.212693438,81.20679743338751,25.76770314442953,0.036495359348190703,"[4.997817344421779,5.080153170084086,5.008832156215548]",31.81797606917098,50.61817363300361,83.62076897919178,nan,nan,nan,nan,nan,nan,nan,,,nan,nan,nan,nan,nan,nan,nan,nan,nan,,,,nan,nan,nan,nan,nan,,False,,nan,,,nan,nan,nan,,,,,,,,0.000128621507356988,1.3275705344539273e-06,0.06968404794975921,0.00012862183591209967,1.3275683919751274e-06,0.06968404794975892,True,rollback,existing_selector_rollback,"[1.238188501296124,11.346464179903116,0.44189048015817933]","[0.8076314704521736,0.08813318264908075,2.2630041716255067]",,"[1.2381885012825835,11.346464179680893,0.4418904801637499]","[0.8076314704610058,0.08813318265080684,2.263004171596979]",,25785005.212693438,81.20679743338751,25785005.156328656,81.20679768567089,direct_vp,direct_vp,False,[],False,1.0,nan,nan,,,nan,nan,nan,False,nan,,,False,,nan,nan,,,nan,nan,nan,False,nan,,,,False,nan,nan,force_ris_only,0.00032230093513277983,0.02482111803343677,3,decoupled_robust,legacy_multistart,0.0
fig5,oracle_init_vp,10,781873798,5.0,snr_db,5.0,3,3,3,3,full_6d,781873798,,,nan,,False,,27.325038140174,0.00012862196303022012,0.00012862196303022012,1.3275673887497998e-06,0.00011447601216713726,1.181848102030692e-13,0.06968404794975919,False,oracle_init_vp,global_exact_spherical_vp,,False,,adaptive_jones,cupy,True,0,cupy,cupy.linalg.solve,explicit,matrix_free,analytic_reduced_vp_explicit_gradient,False,matrix_free_cpu_only_gpu_backend,,0,0,0,0,,,,,,fixed_pol_anchor,False,,fixed_pol_anchor,nan,nan,nan,nan,False,3,4,3096725.458075429,3096768.3929933785,"[1.2372660945134324,11.338011464588023,0.4415612873427867]","[0.8082335759730189,0.08819888770724557,2.264691286723359]","[2.998905595986773e-08,9.946665801992502e-08,2.871338401238291e-07]",oracle_init_vp,"[""oracle_truth_initialization""]",nan,,,nan,nan,nan,nan,,0.0,27.323199008824304,27.323199008824304,nan,nan,nan,nan,nan,nan,nan,,,nan,nan,nan,nan,nan,nan,nan,nan,nan,,,,nan,nan,nan,nan,nan,,False,,nan,,,nan,nan,nan,,,,,,,,nan,nan,nan,nan,nan,nan,False,,,,,,,,,nan,nan,nan,nan,,,,[],False,nan,nan,nan,,,nan,nan,nan,False,nan,,,False,,nan,nan,,,nan,nan,nan,False,nan,,,,False,nan,nan,,nan,nan,,,legacy_multistart,
fig5,direct_vp,17,2127997378,5.0,snr_db,5.0,3,3,3,3,full_6d,2127997378,,,nan,,False,,57.28967223200016,0.00017130325971225312,0.00017130325971225312,1.7489361310106616e-06,1.562828049108508e-05,1.3367066900320914e-13,0.1266449717512925,False,direct_vp,global_exact_spherical_vp,proposed_post_stage1,False,927a76bdc394d0a0,adaptive_jones,cpu,False,,legacy_least_squares,cpu,explicit,,legacy_least_squares_numerical,False,,,0,0,,,,,,,,fixed_pol_anchor,True,fixed_anchor_then_adaptive_jones_score_selection,fixed_pol_anchor,0.5249856887459855,1.8552578025988964,1.2574823586309067,0.0,True,3,4,3100097.2923067473,nan,"[1.3922035845478387,0.5249856887459855,1.8552578025988964]","[0.7182857529586012,1.904813829093397,0.5390086480689191]",,direct_vp,[],3099947.8342313184,3096560,True,20560141.05671733,83.25972834504208,38.30749426715119,0.07293811133184676,"[4.980080851389676,4.9669567022695436,5.127825853509068]",24.871835015015677,51.969845309853554,77.55642856378108,nan,nan,nan,nan,nan,nan,nan,,,nan,nan,nan,nan,nan,nan,nan,nan,nan,,,,nan,nan,nan,nan,nan,,False,,nan,,,nan,nan,nan,,,,,,,,0.00017130325971225312,1.7489361310106616e-06,0.1266449717512925,nan,nan,nan,False,not_run,not_requested,"[1.3922035845478387,0.5249856887459855,1.8552578025988964]","[0.7182857529586012,1.904813829093397,0.5390086480689191]",,,,,20560141.05671733,83.25972834504208,nan,nan,direct_vp,direct_vp,False,[],False,1.0,nan,nan,,,nan,nan,nan,False,nan,,,False,,nan,nan,,,nan,nan,nan,False,nan,,,,False,nan,nan,reliability_gated,nan,nan,,decoupled_robust,legacy_multistart,0.0
fig5,old_gated,17,2127997378,5.0,snr_db,5.0,3,3,3,3,full_6d,2127997378,,,nan,,False,,56.10490858601406,0.00017130325971225312,0.00017130325971225312,1.7489361310106616e-06,1.562828049108508e-05,1.3367066900320914e-13,0.1266449717512925,False,direct_vp,global_exact_spherical_vp,main_single_proposed,True,1d49414d23600c4c,adaptive_jones,cpu,False,,legacy_least_squares,cpu,explicit,,legacy_least_squares_numerical,False,,,0,0,,,,,,,,fixed_pol_anchor,True,fixed_anchor_then_adaptive_jones_score_selection,fixed_pol_anchor,0.5249856887459855,1.8552578025988964,1.2574823586309067,0.0,True,3,4,3100097.2923067473,nan,"[1.3922035845478387,0.5249856887459855,1.8552578025988964]","[0.7182857529586012,1.904813829093397,0.5390086480689191]",,direct_vp,[],3099947.8342313184,3096560,True,20560141.05671733,83.25972834504208,38.30749426715119,0.07293811133184676,"[4.980080851389676,4.9669567022695436,5.127825853509068]",24.871835015015677,51.64053493598476,77.22711818991229,nan,nan,nan,nan,nan,nan,nan,,,nan,nan,nan,nan,nan,nan,nan,nan,nan,,,,nan,nan,nan,nan,nan,,False,,nan,,,nan,nan,nan,,,,,,,,0.00017130325971225312,1.7489361310106616e-06,0.1266449717512925,nan,nan,nan,False,not_run,not_requested,"[1.3922035845478387,0.5249856887459855,1.8552578025988964]","[0.7182857529586012,1.904813829093397,0.5390086480689191]",,,,,20560141.05671733,83.25972834504208,nan,nan,direct_vp,direct_vp,False,[],False,1.0,nan,nan,,,nan,nan,nan,False,nan,,,False,,nan,nan,,,nan,nan,nan,False,nan,,,,False,nan,nan,reliability_gated_ris_only,nan,nan,,decoupled_robust,legacy_multistart,0.0
fig5,adaptive_jones_vp_proposed,17,2127997378,5.0,snr_db,5.0,3,3,3,3,full_6d,2127997378,,,nan,,False,,56.78550615999848,0.00017130325971225312,0.00017130325971225312,1.7489361310106616e-06,1.562828049108508e-05,1.3367066900320914e-13,0.1266449717512925,False,direct_vp,global_exact_spherical_vp,main_single_proposed,True,dd83be00b74ff243,adaptive_jones,cpu,False,,legacy_least_squares,cpu,explicit,,legacy_least_squares_numerical,False,,,0,0,,,,,,,,fixed_pol_anchor,True,fixed_anchor_then_adaptive_jones_score_selection,fixed_pol_anchor,0.5249856887459855,1.8552578025988964,1.2574823586309067,0.0,True,3,4,3100097.2923067473,nan,"[1.3922035845478387,0.5249856887459855,1.8552578025988964]","[0.7182857529586012,1.904813829093397,0.5390086480689191]",,direct_vp,[],3099947.8342313184,3096560,True,20560141.05671733,83.25972834504208,38.30749426715119,0.07293811133184676,"[4.980080851389676,4.9669567022695436,5.127825853509068]",24.871835015015677,51.81219236506149,77.39877561898902,nan,nan,nan,nan,nan,nan,nan,,,nan,nan,nan,nan,nan,nan,nan,nan,nan,,,,nan,nan,nan,nan,nan,,False,,nan,,,nan,nan,nan,,,,,,,,0.00017130325971225312,1.7489361310106616e-06,0.1266449717512925,nan,nan,nan,False,not_run,not_requested,"[1.3922035845478387,0.5249856887459855,1.8552578025988964]","[0.7182857529586012,1.904813829093397,0.5390086480689191]",,,,,20560141.05671733,83.25972834504208,nan,nan,direct_vp,direct_vp,False,[],True,1.0,0.0013701900816105801,0.0013701900816105801,2,data_only_efim_tau_crb,0.010685621498110521,2.2878064962949164e-05,2.2878064962949164e-05,True,0.0013930681465735293,green,clock_green,False,ngc_green_skip_rescue,nan,nan,2,,nan,nan,nan,False,nan,,candidate_unavailable,ngc_green_skip_rescue,False,9.21034037197618,13.815510557964274,ngc_certified_ris_only,nan,nan,,decoupled_robust,legacy_multistart,0.0
fig5,force_rescue,17,2127997378,5.0,snr_db,5.0,3,3,3,3,full_6d,2127997378,,,nan,,False,,99.14321896084584,0.00017130325971225312,0.00017130325971225312,1.7489361310106616e-06,1.562828049108508e-05,1.3367066900320914e-13,0.1266449717512925,False,direct_vp_rollback,global_exact_spherical_vp,main_single_proposed,True,59a279ff96457d01,adaptive_jones,cpu,False,,legacy_least_squares,cpu,explicit,,legacy_least_squares_numerical,False,,,0,0,,,,,,,,fixed_pol_anchor,True,fixed_anchor_then_adaptive_jones_score_selection,fixed_pol_anchor,0.5249856887459855,1.8552578025988964,1.2574823586309067,0.0,True,3,4,3100097.2923067473,nan,"[1.3922035845478387,0.5249856887459855,1.8552578025988964]","[0.7182857529586012,1.904813829093397,0.5390086480689191]",,jnpp_then_vp,[],3099947.8342313184,3096560,True,20560141.05671733,83.25972834504208,38.30749426715119,0.07293811133184676,"[4.980080851389676,4.9669567022695436,5.127825853509068]",24.871835015015677,44.42049786192365,70.00708111585118,nan,nan,nan,nan,nan,nan,nan,,,nan,nan,nan,nan,nan,nan,nan,nan,nan,,,,nan,nan,nan,nan,nan,,False,,nan,,,nan,nan,nan,,,,,,,,0.00017130325971225312,1.7489361310106616e-06,0.1266449717512925,0.0001713108314674912,1.7489494580116661e-06,0.12664497175129288,True,rollback,existing_selector_rollback,"[1.3922035845478387,0.5249856887459855,1.8552578025988964]","[0.7182857529586012,1.904813829093397,0.5390086480689191]",,"[1.3922035846566474,0.5249856888141526,1.8552578023678767]","[0.718285752902463,1.9048138288460652,0.5390086481360373]",,20560141.05671733,83.25972834504208,20560141.698124506,83.25972580070842,direct_vp,direct_vp,False,[],False,1.0,nan,nan,,,nan,nan,nan,False,nan,,,False,,nan,nan,,,nan,nan,nan,False,nan,,,,False,nan,nan,force_ris_only,0.000102045540328427,0.015157343934891057,3,decoupled_robust,legacy_multistart,0.0
fig5,oracle_init_vp,17,2127997378,5.0,snr_db,5.0,3,3,3,3,full_6d,2127997378,,,nan,,False,,27.258119353093207,0.0001713102479813761,0.0001713102479813761,1.7489408425519875e-06,1.5628842807054276e-05,1.3367123976668145e-13,0.1266449717512925,False,oracle_init_vp,global_exact_spherical_vp,,False,,adaptive_jones,cupy,True,0,cupy,cupy.linalg.solve,explicit,matrix_free,analytic_reduced_vp_explicit_gradient,False,matrix_free_cpu_only_gpu_backend,,0,0,0,0,,,,,,fixed_pol_anchor,False,,fixed_pol_anchor,nan,nan,nan,nan,False,3,4,3096725.458075429,3096770.847341048,"[1.393719542769541,0.5255573410310782,1.8572779763403595]","[0.7175044686619291,1.9027419501696974,0.5384223647386241]","[6.272598534644798e-08,7.884092600852865e-08,3.209818539103934e-07]",oracle_init_vp,"[""oracle_truth_initialization""]",nan,,,nan,nan,nan,nan,,0.0,27.256495957961306,27.256495957961306,nan,nan,nan,nan,nan,nan,nan,,,nan,nan,nan,nan,nan,nan,nan,nan,nan,,,,nan,nan,nan,nan,nan,,False,,nan,,,nan,nan,nan,,,,,,,,nan,nan,nan,nan,nan,nan,False,,,,,,,,,nan,nan,nan,nan,,,,[],False,nan,nan,nan,,,nan,nan,nan,False,nan,,,False,,nan,nan,,,nan,nan,nan,False,nan,,,,False,nan,nan,,nan,nan,,,legacy_multistart,
fig5,direct_vp,7,1914929603,5.0,snr_db,5.0,3,3,3,3,full_6d,1914929603,,,nan,,False,,76.0044313040562,0.00023462256612632378,0.00023462256612632378,1.6961646091424286e-06,0.0001307560902482221,1.141681945140398e-13,0.23258241959143885,False,direct_vp,global_exact_spherical_vp,proposed_post_stage1,False,c038d46b09691d99,adaptive_jones,cpu,False,,legacy_least_squares,cpu,explicit,,legacy_least_squares_numerical,False,,,0,0,,,,,,,,fixed_pol_anchor,True,fixed_anchor_then_adaptive_jones_score_selection,fixed_pol_anchor,0.4330431467071221,4.681932933421366,2.2243376897432383,0.0,True,3,4,3094102.4647445967,nan,"[4.681932933421366,1.5580369891012262,0.4330431467071221]","[0.2135869979804599,0.6418332857266148,2.3092387158268366]",,direct_vp,"[""poor_clock_consistency""]",3093953.006669168,3096560,True,25589591.991321694,85.29585579577173,22.673161751193017,0.11501066608581233,"[4.7614454736932945,4.998982983216315,5.011383922317223]",46.434667852008715,69.46275283000432,116.90123434108682,nan,nan,nan,nan,nan,nan,nan,,,nan,nan,nan,nan,nan,nan,nan,nan,nan,,,,nan,nan,nan,nan,nan,,False,,nan,,,nan,nan,nan,,,,,,,,0.00023462256612632378,1.6961646091424286e-06,0.23258241959143885,nan,nan,nan,False,not_run,not_requested,"[4.681932933421366,1.5580369891012262,0.4330431467071221]","[0.2135869979804599,0.6418332857266148,2.3092387158268366]",,,,,25589591.991321694,85.29585579577173,nan,nan,ris_only_stage2_then_vp,direct_vp,True,"[""poor_clock_consistency""]",False,1.0,nan,nan,,,nan,nan,nan,False,nan,,,False,,nan,nan,,,nan,nan,nan,False,nan,,,,False,nan,nan,reliability_gated,nan,nan,,decoupled_robust,legacy_multistart,0.0
fig5,old_gated,7,1914929603,5.0,snr_db,5.0,3,3,3,3,full_6d,1914929603,,,nan,,False,,77.25212130509317,0.00023462256612632378,0.00023462256612632378,1.6961646091424286e-06,0.0001307560902482221,1.141681945140398e-13,0.23258241959143885,False,direct_vp,global_exact_spherical_vp,main_single_proposed,True,ebe10a31fa305378,adaptive_jones,cpu,False,,legacy_least_squares,cpu,explicit,,legacy_least_squares_numerical,False,,,0,0,,,,,,,,fixed_pol_anchor,True,fixed_anchor_then_adaptive_jones_score_selection,fixed_pol_anchor,0.4330431467071221,4.681932933421366,2.2243376897432383,0.0,True,3,4,3094102.4647445967,nan,"[4.681932933421366,1.5580369891012262,0.4330431467071221]","[0.2135869979804599,0.6418332857266148,2.3092387158268366]",,direct_vp,"[""poor_clock_consistency""]",3093953.006669168,3096560,True,25589591.991321694,85.29585579577173,22.673161751193017,0.11501066608581233,"[4.7614454736932945,4.998982983216315,5.011383922317223]",46.434667852008715,70.78599496092647,118.22447647200897,nan,nan,nan,nan,nan,nan,nan,,,nan,nan,nan,nan,nan,nan,nan,nan,nan,,,,nan,nan,nan,nan,nan,,False,,nan,,,nan,nan,nan,,,,,,,,0.00023462256612632378,1.6961646091424286e-06,0.23258241959143885,nan,nan,nan,False,not_run,not_requested,"[4.681932933421366,1.5580369891012262,0.4330431467071221]","[0.2135869979804599,0.6418332857266148,2.3092387158268366]",,,,,25589591.991321694,85.29585579577173,nan,nan,ris_only_stage2_then_vp,direct_vp,True,"[""poor_clock_consistency""]",False,1.0,nan,nan,,,nan,nan,nan,False,nan,,,False,,nan,nan,,,nan,nan,nan,False,nan,,,,False,nan,nan,reliability_gated_ris_only,nan,nan,,decoupled_robust,legacy_multistart,0.0
fig5,adaptive_jones_vp_proposed,7,1914929603,5.0,snr_db,5.0,3,3,3,3,full_6d,1914929603,,,nan,,False,,77.02742581698112,0.00023462256612632378,0.00023462256612632378,1.6961646091424286e-06,0.0001307560902482221,1.141681945140398e-13,0.23258241959143885,False,direct_vp,global_exact_spherical_vp,main_single_proposed,True,2ed8fe80fbb3b041,adaptive_jones,cpu,False,,legacy_least_squares,cpu,explicit,,legacy_least_squares_numerical,False,,,0,0,,,,,,,,fixed_pol_anchor,True,fixed_anchor_then_adaptive_jones_score_selection,fixed_pol_anchor,0.4330431467071221,4.681932933421366,2.2243376897432383,0.0,True,3,4,3094102.4647445967,nan,"[4.681932933421366,1.5580369891012262,0.4330431467071221]","[0.2135869979804599,0.6418332857266148,2.3092387158268366]",,direct_vp,"[""poor_clock_consistency""]",3093953.006669168,3096560,True,25589591.991321694,85.29585579577173,22.673161751193017,0.11501066608581233,"[4.7614454736932945,4.998982983216315,5.011383922317223]",46.434667852008715,70.2484740971122,117.6869556081947,nan,nan,nan,nan,nan,nan,nan,,,nan,nan,nan,nan,nan,nan,nan,nan,nan,,,,nan,nan,nan,nan,nan,,False,,nan,,,nan,nan,nan,,,,,,,,0.00023462256612632378,1.6961646091424286e-06,0.23258241959143885,nan,nan,nan,False,not_run,not_requested,"[4.681932933421366,1.5580369891012262,0.4330431467071221]","[0.2135869979804599,0.6418332857266148,2.3092387158268366]",,,,,25589591.991321694,85.29585579577173,nan,nan,ris_only_stage2_then_vp,direct_vp,True,"[""poor_clock_consistency""]",True,1.0,0.0034775162980325205,0.0034775162980325205,2,data_only_efim_tau_crb,0.017023308281178585,2.8603914573695175e-05,2.8603914573695175e-05,True,0.0035061202126062158,green,clock_green,False,ngc_green_skip_rescue,nan,nan,2,,nan,nan,nan,False,nan,,candidate_unavailable,ngc_green_skip_rescue,False,9.21034037197618,13.815510557964274,ngc_certified_ris_only,nan,nan,,decoupled_robust,legacy_multistart,0.0
fig5,force_rescue,7,1914929603,5.0,snr_db,5.0,3,3,3,3,full_6d,1914929603,,,nan,,False,,169.7292232341133,0.00023462256612632378,0.00023462256612632378,1.6961646091424286e-06,0.0001307560902482221,1.141681945140398e-13,0.23258241959143885,False,direct_vp_rollback,global_exact_spherical_vp,main_single_proposed,True,8a433cf4852e271c,adaptive_jones,cpu,False,,legacy_least_squares,cpu,explicit,,legacy_least_squares_numerical,False,,,0,0,,,,,,,,fixed_pol_anchor,True,fixed_anchor_then_adaptive_jones_score_selection,fixed_pol_anchor,0.4330431467071221,4.681932933421366,2.2243376897432383,0.0,True,3,4,3094102.4647445967,nan,"[4.681932933421366,1.5580369891012262,0.4330431467071221]","[0.2135869979804599,0.6418332857266148,2.3092387158268366]",,jnpp_then_vp,"[""poor_clock_consistency""]",3093953.006669168,3096560,True,25589591.991321694,85.29585579577173,22.673161751193017,0.11501066608581233,"[4.7614454736932945,4.998982983216315,5.011383922317223]",46.434667852008715,70.79154590214603,118.23002741322853,nan,nan,nan,nan,nan,nan,nan,,,nan,nan,nan,nan,nan,nan,nan,nan,nan,,,,nan,nan,nan,nan,nan,,False,,nan,,,nan,nan,nan,,,,,,,,0.00023462256612632378,1.6961646091424286e-06,0.23258241959143885,0.00023462529924992716,1.6961734413624626e-06,0.2325824195914385,True,rollback,existing_selector_rollback,"[4.681932933421366,1.5580369891012262,0.4330431467071221]","[0.2135869979804599,0.6418332857266148,2.3092387158268366]",,"[4.681932933742872,1.558036989251635,0.43304314670145755]","[0.21358699796579297,0.6418332856646539,2.309238715857043]",,25589591.991321694,85.29585579577173,25589592.009953093,85.2958556768421,ris_only_stage2_then_vp,direct_vp,True,"[""poor_clock_consistency""]",False,1.0,nan,nan,,,nan,nan,nan,False,nan,,,False,,nan,nan,,,nan,nan,nan,False,nan,,,,False,nan,nan,force_ris_only,0.00032735057416029994,0.005152101402776284,3,decoupled_robust,legacy_multistart,0.0
fig5,oracle_init_vp,7,1914929603,5.0,snr_db,5.0,3,3,3,3,full_6d,1914929603,,,nan,,False,,44.55498970695771,0.00023462792986422327,0.00023462792986422327,1.6961746231437444e-06,0.00013075779506514893,1.1416821461244708e-13,0.2325824195914388,False,oracle_init_vp,global_exact_spherical_vp,,False,,adaptive_jones,cupy,True,0,cupy,cupy.linalg.solve,explicit,matrix_free,analytic_reduced_vp_explicit_gradient,False,matrix_free_cpu_only_gpu_backend,,0,0,0,0,,,,,,fixed_pol_anchor,False,,fixed_pol_anchor,nan,nan,nan,nan,False,3,4,3096725.458075429,3096768.8878972954,"[4.677967044312722,1.5567172346891043,0.4326763321140337]","[0.2137680728664133,0.6423774194278485,2.311196443571619]","[8.148516849709471e-08,2.757472961859395e-07,1.4554619293969494e-07]",oracle_init_vp,"[""oracle_truth_initialization""]",nan,,,nan,nan,nan,nan,,0.0,44.55351842101663,44.55351842101663,nan,nan,nan,nan,nan,nan,nan,,,nan,nan,nan,nan,nan,nan,nan,nan,nan,,,,nan,nan,nan,nan,nan,,False,,nan,,,nan,nan,nan,,,,,,,,nan,nan,nan,nan,nan,nan,False,,,,,,,,,nan,nan,nan,nan,,,,[],False,nan,nan,nan,,,nan,nan,nan,False,nan,,,False,,nan,nan,,,nan,nan,nan,False,nan,,,,False,nan,nan,,nan,nan,,,legacy_multistart,
fig5,direct_vp,15,2734808712,5.0,snr_db,5.0,3,3,3,3,full_6d,2734808712,,,nan,,False,,55.72715080296621,0.00022965809973958436,0.00022965809973958436,1.4974924808154745e-06,9.790440310118796e-05,9.061987174698e-13,0.03650893540806676,False,direct_vp,global_exact_spherical_vp,proposed_post_stage1,False,a92f7dedf49f3b35,adaptive_jones,cpu,False,,legacy_least_squares,cpu,explicit,,legacy_least_squares_numerical,False,,,0,0,,,,,,,,fixed_pol_anchor,True,fixed_anchor_then_adaptive_jones_score_selection,fixed_pol_anchor,0.6387749920911382,3.499656678996549,1.6373513858185007,0.0,True,3,4,3099516.9772537816,nan,"[3.499656678996549,0.6387749920911382,0.773622486367815]","[0.28574231466705724,1.5654964774461375,1.2926201314212848]",,direct_vp,[],3099367.519178353,3096560,True,27434826.104999702,70.03066036855516,24.00753316480038,0.06298624267407485,"[4.896475935787887,5.0328085813675765,5.027194298990661]",28.531032726867124,50.507912817876786,79.75385819375515,nan,nan,nan,nan,nan,nan,nan,,,nan,nan,nan,nan,nan,nan,nan,nan,nan,,,,nan,nan,nan,nan,nan,,False,,nan,,,nan,nan,nan,,,,,,,,0.00022965809973958436,1.4974924808154745e-06,0.03650893540806676,nan,nan,nan,False,not_run,not_requested,"[3.499656678996549,0.6387749920911382,0.773622486367815]","[0.28574231466705724,1.5654964774461375,1.2926201314212848]",,,,,27434826.104999702,70.03066036855516,nan,nan,direct_vp,direct_vp,False,[],False,1.0,nan,nan,,,nan,nan,nan,False,nan,,,False,,nan,nan,,,nan,nan,nan,False,nan,,,,False,nan,nan,reliability_gated,nan,nan,,decoupled_robust,legacy_multistart,0.0
fig5,old_gated,15,2734808712,5.0,snr_db,5.0,3,3,3,3,full_6d,2734808712,,,nan,,False,,58.051159107126296,0.00022965809973958436,0.00022965809973958436,1.4974924808154745e-06,9.790440310118796e-05,9.061987174698e-13,0.03650893540806676,False,direct_vp,global_exact_spherical_vp,main_single_proposed,True,c54b5724fb9d2541,adaptive_jones,cpu,False,,legacy_least_squares,cpu,explicit,,legacy_least_squares_numerical,False,,,0,0,,,,,,,,fixed_pol_anchor,True,fixed_anchor_then_adaptive_jones_score_selection,fixed_pol_anchor,0.6387749920911382,3.499656678996549,1.6373513858185007,0.0,True,3,4,3099516.9772537816,nan,"[3.499656678996549,0.6387749920911382,0.773622486367815]","[0.28574231466705724,1.5654964774461375,1.2926201314212848]",,direct_vp,[],3099367.519178353,3096560,True,27434826.104999702,70.03066036855516,24.00753316480038,0.06298624267407485,"[4.896475935787887,5.0328085813675765,5.027194298990661]",28.531032726867124,53.053994685877115,82.29994006175548,nan,nan,nan,nan,nan,nan,nan,,,nan,nan,nan,nan,nan,nan,nan,nan,nan,,,,nan,nan,nan,nan,nan,,False,,nan,,,nan,nan,nan,,,,,,,,0.00022965809973958436,1.4974924808154745e-06,0.03650893540806676,nan,nan,nan,False,not_run,not_requested,"[3.499656678996549,0.6387749920911382,0.773622486367815]","[0.28574231466705724,1.5654964774461375,1.2926201314212848]",,,,,27434826.104999702,70.03066036855516,nan,nan,direct_vp,direct_vp,False,[],False,1.0,nan,nan,,,nan,nan,nan,False,nan,,,False,,nan,nan,,,nan,nan,nan,False,nan,,,,False,nan,nan,reliability_gated_ris_only,nan,nan,,decoupled_robust,legacy_multistart,0.0
fig5,adaptive_jones_vp_proposed,15,2734808712,5.0,snr_db,5.0,3,3,3,3,full_6d,2734808712,,,nan,,False,,57.81067029479891,0.00022965809973958436,0.00022965809973958436,1.4974924808154745e-06,9.790440310118796e-05,9.061987174698e-13,0.03650893540806676,False,direct_vp,global_exact_spherical_vp,main_single_proposed,True,85eba4f074a15d10,adaptive_jones,cpu,False,,legacy_least_squares,cpu,explicit,,legacy_least_squares_numerical,False,,,0,0,,,,,,,,fixed_pol_anchor,True,fixed_anchor_then_adaptive_jones_score_selection,fixed_pol_anchor,0.6387749920911382,3.499656678996549,1.6373513858185007,0.0,True,3,4,3099516.9772537816,nan,"[3.499656678996549,0.6387749920911382,0.773622486367815]","[0.28574231466705724,1.5654964774461375,1.2926201314212848]",,direct_vp,[],3099367.519178353,3096560,True,27434826.104999702,70.03066036855516,24.00753316480038,0.06298624267407485,"[4.896475935787887,5.0328085813675765,5.027194298990661]",28.531032726867124,52.74990837788209,81.99585375376046,nan,nan,nan,nan,nan,nan,nan,,,nan,nan,nan,nan,nan,nan,nan,nan,nan,,,,nan,nan,nan,nan,nan,,False,,nan,,,nan,nan,nan,,,,,,,,0.00022965809973958436,1.4974924808154745e-06,0.03650893540806676,nan,nan,nan,False,not_run,not_requested,"[3.499656678996549,0.6387749920911382,0.773622486367815]","[0.28574231466705724,1.5654964774461375,1.2926201314212848]",,,,,27434826.104999702,70.03066036855516,nan,nan,direct_vp,direct_vp,False,[],True,1.0,0.0001560626969567932,0.0001560626969567932,2,data_only_efim_tau_crb,0.003606275744642863,2.051055237006377e-05,2.051055237006377e-05,True,0.00017657324932685698,green,clock_green,False,ngc_green_skip_rescue,nan,nan,2,,nan,nan,nan,False,nan,,candidate_unavailable,ngc_green_skip_rescue,False,9.21034037197618,13.815510557964274,ngc_certified_ris_only,nan,nan,,decoupled_robust,legacy_multistart,0.0
fig5,force_rescue,15,2734808712,5.0,snr_db,5.0,3,3,3,3,full_6d,2734808712,,,nan,,False,,153.47750932280906,0.00022965809973958436,0.00022965809973958436,1.4974924808154745e-06,9.790440310118796e-05,9.061987174698e-13,0.03650893540806676,False,direct_vp_rollback,global_exact_spherical_vp,main_single_proposed,True,279f51f36a567fbc,adaptive_jones,cpu,False,,legacy_least_squares,cpu,explicit,,legacy_least_squares_numerical,False,,,0,0,,,,,,,,fixed_pol_anchor,True,fixed_anchor_then_adaptive_jones_score_selection,fixed_pol_anchor,0.6387749920911382,3.499656678996549,1.6373513858185007,0.0,True,3,4,3099516.9772537816,nan,"[3.499656678996549,0.6387749920911382,0.773622486367815]","[0.28574231466705724,1.5654964774461375,1.2926201314212848]",,jnpp_then_vp,[],3099367.519178353,3096560,True,27434826.104999702,70.03066036855516,24.00753316480038,0.06298624267407485,"[4.896475935787887,5.0328085813675765,5.027194298990661]",28.531032726867124,56.31341130216606,85.55935667804442,nan,nan,nan,nan,nan,nan,nan,,,nan,nan,nan,nan,nan,nan,nan,nan,nan,,,,nan,nan,nan,nan,nan,,False,,nan,,,nan,nan,nan,,,,,,,,0.00022965809973958436,1.4974924808154745e-06,0.03650893540806676,0.00022965674660958477,1.4974883395411984e-06,0.03650893540806656,True,rollback,existing_selector_rollback,"[3.499656678996549,0.6387749920911382,0.773622486367815]","[0.28574231466705724,1.5654964774461375,1.2926201314212848]",,"[3.4996566780061187,0.6387749921286784,0.7736224863622441]","[0.28574231474792455,1.5654964773541349,1.2926201314305934]",,27434826.104999702,70.03066036855516,27434826.21199169,70.03066007896876,direct_vp,direct_vp,False,[],False,1.0,nan,nan,,,nan,nan,nan,False,nan,,,False,,nan,nan,,,nan,nan,nan,False,nan,,,,False,nan,nan,force_ris_only,0.0004105124368818268,0.0048117145185643355,3,decoupled_robust,legacy_multistart,0.0
fig5,oracle_init_vp,15,2734808712,5.0,snr_db,5.0,3,3,3,3,full_6d,2734808712,,,nan,,False,,43.569088373100385,0.00022965847422781334,0.00022965847422781334,1.4974903518370683e-06,9.79040112098618e-05,9.061968367065455e-13,0.036508935408066705,False,oracle_init_vp,global_exact_spherical_vp,,False,,adaptive_jones,cupy,True,0,cupy,cupy.linalg.solve,explicit,matrix_free,analytic_reduced_vp_explicit_gradient,False,matrix_free_cpu_only_gpu_backend,,0,0,0,0,,,,,,fixed_pol_anchor,False,,fixed_pol_anchor,nan,nan,nan,nan,False,3,4,3096725.458075429,3096773.4393693544,"[3.502811569349648,0.6393508386573472,0.774319896001642]","[0.28548495407138413,1.5640864757437178,1.2914559023511196]","[7.075504020856822e-09,1.4783983404668149e-08,3.656760433551822e-07]",oracle_init_vp,"[""oracle_truth_initialization""]",nan,,,nan,nan,nan,nan,,0.0,43.567352456972,43.567352456972,nan,nan,nan,nan,nan,nan,nan,,,nan,nan,nan,nan,nan,nan,nan,nan,nan,,,,nan,nan,nan,nan,nan,,False,,nan,,,nan,nan,nan,,,,,,,,nan,nan,nan,nan,nan,nan,False,,,,,,,,,nan,nan,nan,nan,,,,[],False,nan,nan,nan,,,nan,nan,nan,False,nan,,,False,,nan,nan,,,nan,nan,nan,False,nan,,,,False,nan,nan,,nan,nan,,,legacy_multistart,
fig5,direct_vp,22,3206710796,5.0,snr_db,5.0,3,3,3,3,full_6d,3206710796,,,nan,,False,,45.559928343165666,0.00011319977014141171,0.00011319977014141171,1.6023450126162981e-06,3.660837451568893e-05,6.033851382943984e-13,0.03387933882349879,False,direct_vp,global_exact_spherical_vp,proposed_post_stage1,False,9fc6b02592a8a6ee,adaptive_jones,cpu,False,,legacy_least_squares,cpu,explicit,,legacy_least_squares_numerical,False,,,0,0,,,,,,,,fixed_pol_anchor,True,fixed_anchor_then_adaptive_jones_score_selection,fixed_pol_anchor,0.6985506873285521,2.2229329835942813,1.2332387762801533,0.0,True,3,4,3093356.7930072756,nan,"[0.7782326579176264,0.6985506873285521,2.2229329835942813]","[1.2849627805070456,1.431535346165893,0.44985611684112387]",,direct_vp,[],3093207.3349318467,3096560,True,17972905.335147303,85.48527458906375,25.35790923141339,0.03729494265082887,"[4.964776578457245,4.945609290818527,5.032546465109415]",23.022048335056752,41.33411324908957,65.351226139348,nan,nan,nan,nan,nan,nan,nan,,,nan,nan,nan,nan,nan,nan,nan,nan,nan,,,,nan,nan,nan,nan,nan,,False,,nan,,,nan,nan,nan,,,,,,,,0.00011319977014141171,1.6023450126162981e-06,0.03387933882349879,nan,nan,nan,False,not_run,not_requested,"[0.7782326579176264,0.6985506873285521,2.2229329835942813]","[1.2849627805070456,1.431535346165893,0.44985611684112387]",,,,,17972905.335147303,85.48527458906375,nan,nan,direct_vp,direct_vp,False,[],False,1.0,nan,nan,,,nan,nan,nan,False,nan,,,False,,nan,nan,,,nan,nan,nan,False,nan,,,,False,nan,nan,reliability_gated,nan,nan,,decoupled_robust,legacy_multistart,0.0
fig5,old_gated,22,3206710796,5.0,snr_db,5.0,3,3,3,3,full_6d,3206710796,,,nan,,False,,54.8836491398979,0.00011319977014141171,0.00011319977014141171,1.6023450126162981e-06,3.660837451568893e-05,6.033851382943984e-13,0.03387933882349879,False,direct_vp,global_exact_spherical_vp,main_single_proposed,True,e2cd745c51fc6d20,adaptive_jones,cpu,False,,legacy_least_squares,cpu,explicit,,legacy_least_squares_numerical,False,,,0,0,,,,,,,,fixed_pol_anchor,True,fixed_anchor_then_adaptive_jones_score_selection,fixed_pol_anchor,0.6985506873285521,2.2229329835942813,1.2332387762801533,0.0,True,3,4,3093356.7930072756,nan,"[0.7782326579176264,0.6985506873285521,2.2229329835942813]","[1.2849627805070456,1.431535346165893,0.44985611684112387]",,direct_vp,[],3093207.3349318467,3096560,True,17972905.335147303,85.48527458906375,25.35790923141339,0.03729494265082887,"[4.964776578457245,4.945609290818527,5.032546465109415]",23.022048335056752,51.22218023985624,75.23929313011467,nan,nan,nan,nan,nan,nan,nan,,,nan,nan,nan,nan,nan,nan,nan,nan,nan,,,,nan,nan,nan,nan,nan,,False,,nan,,,nan,nan,nan,,,,,,,,0.00011319977014141171,1.6023450126162981e-06,0.03387933882349879,nan,nan,nan,False,not_run,not_requested,"[0.7782326579176264,0.6985506873285521,2.2229329835942813]","[1.2849627805070456,1.431535346165893,0.44985611684112387]",,,,,17972905.335147303,85.48527458906375,nan,nan,direct_vp,direct_vp,False,[],False,1.0,nan,nan,,,nan,nan,nan,False,nan,,,False,,nan,nan,,,nan,nan,nan,False,nan,,,,False,nan,nan,reliability_gated_ris_only,nan,nan,,decoupled_robust,legacy_multistart,0.0
fig5,adaptive_jones_vp_proposed,22,3206710796,5.0,snr_db,5.0,3,3,3,3,full_6d,3206710796,,,nan,,False,,45.07730115391314,0.00011319977014141171,0.00011319977014141171,1.6023450126162981e-06,3.660837451568893e-05,6.033851382943984e-13,0.03387933882349879,False,direct_vp,global_exact_spherical_vp,main_single_proposed,True,0d24c7ebe2005beb,adaptive_jones,cpu,False,,legacy_least_squares,cpu,explicit,,legacy_least_squares_numerical,False,,,0,0,,,,,,,,fixed_pol_anchor,True,fixed_anchor_then_adaptive_jones_score_selection,fixed_pol_anchor,0.6985506873285521,2.2229329835942813,1.2332387762801533,0.0,True,3,4,3093356.7930072756,nan,"[0.7782326579176264,0.6985506873285521,2.2229329835942813]","[1.2849627805070456,1.431535346165893,0.44985611684112387]",,direct_vp,[],3093207.3349318467,3096560,True,17972905.335147303,85.48527458906375,25.35790923141339,0.03729494265082887,"[4.964776578457245,4.945609290818527,5.032546465109415]",23.022048335056752,41.11497130407952,65.13208419433795,nan,nan,nan,nan,nan,nan,nan,,,nan,nan,nan,nan,nan,nan,nan,nan,nan,,,,nan,nan,nan,nan,nan,,False,,nan,,,nan,nan,nan,,,,,,,,0.00011319977014141171,1.6023450126162981e-06,0.03387933882349879,nan,nan,nan,False,not_run,not_requested,"[0.7782326579176264,0.6985506873285521,2.2229329835942813]","[1.2849627805070456,1.431535346165893,0.44985611684112387]",,,,,17972905.335147303,85.48527458906375,nan,nan,direct_vp,direct_vp,False,[],True,1.0,0.0004949550442745419,0.0004949550442745419,2,data_only_efim_tau_crb,0.00642232463283702,5.398649726355943e-06,5.398649726355943e-06,True,0.0005003536940008978,green,clock_green,False,ngc_green_skip_rescue,nan,nan,2,,nan,nan,nan,False,nan,,candidate_unavailable,ngc_green_skip_rescue,False,9.21034037197618,13.815510557964274,ngc_certified_ris_only,nan,nan,,decoupled_robust,legacy_multistart,0.0
fig5,force_rescue,22,3206710796,5.0,snr_db,5.0,3,3,3,3,full_6d,3206710796,,,nan,,False,,107.30320123909041,0.00011319977014141171,0.00011319977014141171,1.6023450126162981e-06,3.660837451568893e-05,6.033851382943984e-13,0.03387933882349879,False,direct_vp_rollback,global_exact_spherical_vp,main_single_proposed,True,197f89c15757e7dc,adaptive_jones,cpu,False,,legacy_least_squares,cpu,explicit,,legacy_least_squares_numerical,False,,,0,0,,,,,,,,fixed_pol_anchor,True,fixed_anchor_then_adaptive_jones_score_selection,fixed_pol_anchor,0.6985506873285521,2.2229329835942813,1.2332387762801533,0.0,True,3,4,3093356.7930072756,nan,"[0.7782326579176264,0.6985506873285521,2.2229329835942813]","[1.2849627805070456,1.431535346165893,0.44985611684112387]",,jnpp_then_vp,[],3093207.3349318467,3096560,True,17972905.335147303,85.48527458906375,25.35790923141339,0.03729494265082887,"[4.964776578457245,4.945609290818527,5.032546465109415]",23.022048335056752,39.32973312889226,63.34684601915069,nan,nan,nan,nan,nan,nan,nan,,,nan,nan,nan,nan,nan,nan,nan,nan,nan,,,,nan,nan,nan,nan,nan,,False,,nan,,,nan,nan,nan,,,,,,,,0.00011319977014141171,1.6023450126162981e-06,0.03387933882349879,0.0001132100894880287,1.6023482263947994e-06,0.033879338823499,True,rollback,existing_selector_rollback,"[0.7782326579176264,0.6985506873285521,2.2229329835942813]","[1.2849627805070456,1.431535346165893,0.44985611684112387]",,"[0.7782326579817477,0.698550687338725,2.222932983444512]","[1.2849627804011732,1.4315353461450457,0.44985611687143273]",,17972905.335147303,85.48527458906375,17972906.29849456,85.4852699900506,direct_vp,direct_vp,False,[],False,1.0,nan,nan,,,nan,nan,nan,False,nan,,,False,,nan,nan,,,nan,nan,nan,False,nan,,,,False,nan,nan,force_ris_only,0.0002989082558303007,0.03167757724426931,3,decoupled_robust,legacy_multistart,0.0
fig5,oracle_init_vp,22,3206710796,5.0,snr_db,5.0,3,3,3,3,full_6d,3206710796,,,nan,,False,,27.173305785050616,0.00011319974806779664,0.00011319974806779664,1.6023439834456212e-06,3.660830687261421e-05,6.033844882122409e-13,0.03387933882349881,False,oracle_init_vp,global_exact_spherical_vp,,False,,adaptive_jones,cupy,True,0,cupy,cupy.linalg.solve,explicit,matrix_free,analytic_reduced_vp_explicit_gradient,False,matrix_free_cpu_only_gpu_backend,,0,0,0,0,,,,,,fixed_pol_anchor,False,,fixed_pol_anchor,nan,nan,nan,nan,False,3,4,3096725.458075429,3096770.996053626,"[0.7773860437345005,0.6977907565805571,2.220514726556013]","[1.2863621723838807,1.4330943632725754,0.45034603375441945]","[1.0264249782744538e-07,9.628460561969314e-08,1.4872264697587128e-07]",oracle_init_vp,"[""oracle_truth_initialization""]",nan,,,nan,nan,nan,nan,,0.0,27.171802820870653,27.171802820870653,nan,nan,nan,nan,nan,nan,nan,,,nan,nan,nan,nan,nan,nan,nan,nan,nan,,,,nan,nan,nan,nan,nan,,False,,nan,,,nan,nan,nan,,,,,,,,nan,nan,nan,nan,nan,nan,False,,,,,,,,,nan,nan,nan,nan,,,,[],False,nan,nan,nan,,,nan,nan,nan,False,nan,,,False,,nan,nan,,,nan,nan,nan,False,nan,,,,False,nan,nan,,nan,nan,,,legacy_multistart,
fig5,direct_vp,13,634888206,5.0,snr_db,5.0,3,3,3,3,full_6d,634888206,,,nan,,False,,68.68726454908028,0.00028316813241281095,0.00028316813241281095,1.3142352628611672e-06,7.411583361150294e-05,3.9109308032619543e-13,0.06465740913525525,False,direct_vp,global_exact_spherical_vp,proposed_post_stage1,False,27e7344fd24b6d6c,adaptive_jones,cpu,False,,legacy_least_squares,cpu,explicit,,legacy_least_squares_numerical,False,,,0,0,,,,,,,,fixed_pol_anchor,True,fixed_anchor_then_adaptive_jones_score_selection,fixed_pol_anchor,0.5380349740015787,8.165005870482105,3.1854283565395956,0.0,True,3,4,3095329.0551549997,nan,"[0.5380349740015787,8.165005870482105,0.8532442251351012]","[1.8586152356640808,0.12247388622303461,1.171997384266865]",,direct_vp,[],3095179.597079571,3096560,True,23846894.43618174,80.67568503326842,34.7881885113206,0.045463290375064865,"[5.004507957313559,5.113949284324604,5.077062449048594]",28.784756311913952,61.77853683196008,91.26804262190126,nan,nan,nan,nan,nan,nan,nan,,,nan,nan,nan,nan,nan,nan,nan,nan,nan,,,,nan,nan,nan,nan,nan,,False,,nan,,,nan,nan,nan,,,,,,,,0.00028316813241281095,1.3142352628611672e-06,0.06465740913525525,nan,nan,nan,False,not_run,not_requested,"[0.5380349740015787,8.165005870482105,0.8532442251351012]","[1.8586152356640808,0.12247388622303461,1.171997384266865]",,,,,23846894.43618174,80.67568503326842,nan,nan,direct_vp,direct_vp,False,[],False,1.0,nan,nan,,,nan,nan,nan,False,nan,,,False,,nan,nan,,,nan,nan,nan,False,nan,,,,False,nan,nan,reliability_gated,nan,nan,,decoupled_robust,legacy_multistart,0.0
fig5,old_gated,13,634888206,5.0,snr_db,5.0,3,3,3,3,full_6d,634888206,,,nan,,False,,76.08069718792103,0.00028316813241281095,0.00028316813241281095,1.3142352628611672e-06,7.411583361150294e-05,3.9109308032619543e-13,0.06465740913525525,False,direct_vp,global_exact_spherical_vp,main_single_proposed,True,52573796fa10114b,adaptive_jones,cpu,False,,legacy_least_squares,cpu,explicit,,legacy_least_squares_numerical,False,,,0,0,,,,,,,,fixed_pol_anchor,True,fixed_anchor_then_adaptive_jones_score_selection,fixed_pol_anchor,0.5380349740015787,8.165005870482105,3.1854283565395956,0.0,True,3,4,3095329.0551549997,nan,"[0.5380349740015787,8.165005870482105,0.8532442251351012]","[1.8586152356640808,0.12247388622303461,1.171997384266865]",,direct_vp,[],3095179.597079571,3096560,True,23846894.43618174,80.67568503326842,34.7881885113206,0.045463290375064865,"[5.004507957313559,5.113949284324604,5.077062449048594]",28.784756311913952,69.27736360696144,98.76686939690262,nan,nan,nan,nan,nan,nan,nan,,,nan,nan,nan,nan,nan,nan,nan,nan,nan,,,,nan,nan,nan,nan,nan,,False,,nan,,,nan,nan,nan,,,,,,,,0.00028316813241281095,1.3142352628611672e-06,0.06465740913525525,nan,nan,nan,False,not_run,not_requested,"[0.5380349740015787,8.165005870482105,0.8532442251351012]","[1.8586152356640808,0.12247388622303461,1.171997384266865]",,,,,23846894.43618174,80.67568503326842,nan,nan,direct_vp,direct_vp,False,[],False,1.0,nan,nan,,,nan,nan,nan,False,nan,,,False,,nan,nan,,,nan,nan,nan,False,nan,,,,False,nan,nan,reliability_gated_ris_only,nan,nan,,decoupled_robust,legacy_multistart,0.0
fig5,adaptive_jones_vp_proposed,13,634888206,5.0,snr_db,5.0,3,3,3,3,full_6d,634888206,,,nan,,False,,77.38257083995268,0.00028316813241281095,0.00028316813241281095,1.3142352628611672e-06,7.411583361150294e-05,3.9109308032619543e-13,0.06465740913525525,False,direct_vp,global_exact_spherical_vp,main_single_proposed,True,7f67caa73bf26867,adaptive_jones,cpu,False,,legacy_least_squares,cpu,explicit,,legacy_least_squares_numerical,False,,,0,0,,,,,,,,fixed_pol_anchor,True,fixed_anchor_then_adaptive_jones_score_selection,fixed_pol_anchor,0.5380349740015787,8.165005870482105,3.1854283565395956,0.0,True,3,4,3095329.0551549997,nan,"[0.5380349740015787,8.165005870482105,0.8532442251351012]","[1.8586152356640808,0.12247388622303461,1.171997384266865]",,direct_vp,[],3095179.597079571,3096560,True,23846894.43618174,80.67568503326842,34.7881885113206,0.045463290375064865,"[5.004507957313559,5.113949284324604,5.077062449048594]",28.784756311913952,70.83641642192379,100.32592221186496,nan,nan,nan,nan,nan,nan,nan,,,nan,nan,nan,nan,nan,nan,nan,nan,nan,,,,nan,nan,nan,nan,nan,,False,,nan,,,nan,nan,nan,,,,,,,,0.00028316813241281095,1.3142352628611672e-06,0.06465740913525525,nan,nan,nan,False,not_run,not_requested,"[0.5380349740015787,8.165005870482105,0.8532442251351012]","[1.8586152356640808,0.12247388622303461,1.171997384266865]",,,,,23846894.43618174,80.67568503326842,nan,nan,direct_vp,direct_vp,False,[],True,1.0,0.0006388438597579786,0.0006388438597579786,2,data_only_efim_tau_crb,0.007296368159102506,1.5097753703938418e-05,1.5097753703938418e-05,True,0.000653941613461917,green,clock_green,False,ngc_green_skip_rescue,nan,nan,2,,nan,nan,nan,False,nan,,candidate_unavailable,ngc_green_skip_rescue,False,9.21034037197618,13.815510557964274,ngc_certified_ris_only,nan,nan,,decoupled_robust,legacy_multistart,0.0
fig5,force_rescue,13,634888206,5.0,snr_db,5.0,3,3,3,3,full_6d,634888206,,,nan,,False,,187.90047559398226,0.00028316813241281095,0.00028316813241281095,1.3142352628611672e-06,7.411583361150294e-05,3.9109308032619543e-13,0.06465740913525525,False,direct_vp_rollback,global_exact_spherical_vp,main_single_proposed,True,80cfd50af87c9a26,adaptive_jones,cpu,False,,legacy_least_squares,cpu,explicit,,legacy_least_squares_numerical,False,,,0,0,,,,,,,,fixed_pol_anchor,True,fixed_anchor_then_adaptive_jones_score_selection,fixed_pol_anchor,0.5380349740015787,8.165005870482105,3.1854283565395956,0.0,True,3,4,3095329.0551549997,nan,"[0.5380349740015787,8.165005870482105,0.8532442251351012]","[1.8586152356640808,0.12247388622303461,1.171997384266865]",,jnpp_then_vp,[],3095179.597079571,3096560,True,23846894.43618174,80.67568503326842,34.7881885113206,0.045463290375064865,"[5.004507957313559,5.113949284324604,5.077062449048594]",28.784756311913952,70.69563376391307,100.18513955385424,nan,nan,nan,nan,nan,nan,nan,,,nan,nan,nan,nan,nan,nan,nan,nan,nan,,,,nan,nan,nan,nan,nan,,False,,nan,,,nan,nan,nan,,,,,,,,0.00028316813241281095,1.3142352628611672e-06,0.06465740913525525,0.00028316515088002195,1.314229343472583e-06,0.06465740913525524,True,rollback,existing_selector_rollback,"[0.5380349740015787,8.165005870482105,0.8532442251351012]","[1.8586152356640808,0.12247388622303461,1.171997384266865]",,"[0.5380349740091259,8.165005870355698,0.8532442251697195]","[1.8586152356380097,0.12247388622493069,1.171997384219314]",,23846894.43618174,80.67568503326842,23846894.235291697,80.6756857542238,direct_vp,direct_vp,False,[],False,1.0,nan,nan,,,nan,nan,nan,False,nan,,,False,,nan,nan,,,nan,nan,nan,False,nan,,,,False,nan,nan,force_ris_only,0.00023065212684241247,0.0364048737890141,3,decoupled_robust,legacy_multistart,0.0
fig5,oracle_init_vp,13,634888206,5.0,snr_db,5.0,3,3,3,3,full_6d,634888206,,,nan,,False,,44.496751385042444,0.00028316944608485964,0.00028316944608485964,1.3142352245318528e-06,7.41159681095478e-05,3.9109112220672547e-13,0.06465740913525538,False,oracle_init_vp,global_exact_spherical_vp,,False,,adaptive_jones,cupy,True,0,cupy,cupy.linalg.solve,explicit,matrix_free,analytic_reduced_vp_explicit_gradient,False,matrix_free_cpu_only_gpu_backend,,0,0,0,0,,,,,,fixed_pol_anchor,False,,fixed_pol_anchor,nan,nan,nan,nan,False,3,4,3096725.458075429,3096769.7338349293,"[0.5377923467721705,8.161323856937901,0.8528594541049691]","[1.859453757572903,0.12252914080131051,1.1725261356791714]","[9.167246117842285e-08,1.0210813973593925e-07,2.082838619120574e-07]",oracle_init_vp,"[""oracle_truth_initialization""]",nan,,,nan,nan,nan,nan,,0.0,44.495218699099496,44.495218699099496,nan,nan,nan,nan,nan,nan,nan,,,nan,nan,nan,nan,nan,nan,nan,nan,nan,,,,nan,nan,nan,nan,nan,,False,,nan,,,nan,nan,nan,,,,,,,,nan,nan,nan,nan,nan,nan,False,,,,,,,,,nan,nan,nan,nan,,,,[],False,nan,nan,nan,,,nan,nan,nan,False,nan,,,False,,nan,nan,,,nan,nan,nan,False,nan,,,,False,nan,nan,,nan,nan,,,legacy_multistart,
fig5,direct_vp,18,3644258948,0.0,snr_db,0.0,3,3,3,3,full_6d,3644258948,,,nan,,False,,172.6344255199656,0.00016270786817268953,0.00016270786817268953,3.6767677692938823e-06,0.00013425382087569717,1.5324796465647728e-12,0.43947808245551245,False,direct_vp,global_exact_spherical_vp,proposed_post_stage1,False,4d87e562740f739b,adaptive_jones,cpu,False,,legacy_least_squares,cpu,explicit,,legacy_least_squares_numerical,False,,,0,0,,,,,,,,fixed_pol_anchor,True,fixed_anchor_then_adaptive_jones_score_selection,fixed_pol_anchor,1.6584226109632554,10.90141159973297,6.353724304762686,0.0,True,3,10,3561542.9650624427,3565871.2042235592,"[6.501338703591831,10.90141159973297,1.6584226109632554]","[0.15381447507742108,0.09173123965098184,0.6029826133505954]","[8.296158316561875e-08,1.0592354983342496e-07,1.3757228070373265e-07]",direct_vp,[],3093957.532053036,3096560,True,8065215.376155015,80.81145074722829,24.230122274751043,0.0981693521031425,"[5.116000698681762,5.2188416654150815,4.979178521403722]",42.1832090918906,165.48827357892878,208.57141424459405,nan,nan,nan,nan,nan,nan,nan,,,nan,nan,nan,nan,nan,nan,nan,nan,nan,,,,nan,nan,nan,nan,nan,,False,,nan,,,nan,nan,nan,,,,,,,,0.00016270786817268953,3.6767677692938823e-06,0.43947808245551245,nan,nan,nan,False,not_run,not_requested,"[6.501338703591831,10.90141159973297,1.6584226109632554]","[0.15381447507742108,0.09173123965098184,0.6029826133505954]","[8.296158316561875e-08,1.0592354983342496e-07,1.3757228070373265e-07]",,,,8065215.376155015,80.81145074722829,nan,nan,direct_vp,direct_vp,False,[],False,1.0,nan,nan,,,nan,nan,nan,False,nan,,,False,,nan,nan,,,nan,nan,nan,False,nan,,,,False,nan,nan,reliability_gated,nan,nan,,decoupled_robust,legacy_multistart,0.0
fig5,old_gated,18,3644258948,0.0,snr_db,0.0,3,3,3,3,full_6d,3644258948,,,nan,,False,,172.63488163379952,0.00016270786817268953,0.00016270786817268953,3.6767677692938823e-06,0.00013425382087569717,1.5324796465647728e-12,0.43947808245551245,False,direct_vp,global_exact_spherical_vp,main_single_proposed,True,700f49803e2e8417,adaptive_jones,cpu,False,,legacy_least_squares,cpu,explicit,,legacy_least_squares_numerical,False,,,0,0,,,,,,,,fixed_pol_anchor,True,fixed_anchor_then_adaptive_jones_score_selection,fixed_pol_anchor,1.6584226109632554,10.90141159973297,6.353724304762686,0.0,True,3,10,3561542.9650624427,3565871.2042235592,"[6.501338703591831,10.90141159973297,1.6584226109632554]","[0.15381447507742108,0.09173123965098184,0.6029826133505954]","[8.296158316561875e-08,1.0592354983342496e-07,1.3757228070373265e-07]",direct_vp,[],3093957.532053036,3096560,True,8065215.376155015,80.81145074722829,24.230122274751043,0.0981693521031425,"[5.116000698681762,5.2188416654150815,4.979178521403722]",42.1832090918906,165.76826125313528,208.85140191880055,nan,nan,nan,nan,nan,nan,nan,,,nan,nan,nan,nan,nan,nan,nan,nan,nan,,,,nan,nan,nan,nan,nan,,False,,nan,,,nan,nan,nan,,,,,,,,0.00016270786817268953,3.6767677692938823e-06,0.43947808245551245,nan,nan,nan,False,not_run,not_requested,"[6.501338703591831,10.90141159973297,1.6584226109632554]","[0.15381447507742108,0.09173123965098184,0.6029826133505954]","[8.296158316561875e-08,1.0592354983342496e-07,1.3757228070373265e-07]",,,,8065215.376155015,80.81145074722829,nan,nan,direct_vp,direct_vp,False,[],False,1.0,nan,nan,,,nan,nan,nan,False,nan,,,False,,nan,nan,,,nan,nan,nan,False,nan,,,,False,nan,nan,reliability_gated_ris_only,nan,nan,,decoupled_robust,legacy_multistart,0.0
fig5,adaptive_jones_vp_proposed,18,3644258948,0.0,snr_db,0.0,3,3,3,3,full_6d,3644258948,,,nan,,False,,171.54974006908014,0.00016270786817268953,0.00016270786817268953,3.6767677692938823e-06,0.00013425382087569717,1.5324796465647728e-12,0.43947808245551245,False,direct_vp,global_exact_spherical_vp,main_single_proposed,True,e82e2a818a22e436,adaptive_jones,cpu,False,,legacy_least_squares,cpu,explicit,,legacy_least_squares_numerical,False,,,0,0,,,,,,,,fixed_pol_anchor,True,fixed_anchor_then_adaptive_jones_score_selection,fixed_pol_anchor,1.6584226109632554,10.90141159973297,6.353724304762686,0.0,True,3,10,3561542.9650624427,3565871.2042235592,"[6.501338703591831,10.90141159973297,1.6584226109632554]","[0.15381447507742108,0.09173123965098184,0.6029826133505954]","[8.296158316561875e-08,1.0592354983342496e-07,1.3757228070373265e-07]",direct_vp,[],3093957.532053036,3096560,True,8065215.376155015,80.81145074722829,24.230122274751043,0.0981693521031425,"[5.116000698681762,5.2188416654150815,4.979178521403722]",42.1832090918906,164.6630037361756,207.74614440184087,nan,nan,nan,nan,nan,nan,nan,,,nan,nan,nan,nan,nan,nan,nan,nan,nan,,,,nan,nan,nan,nan,nan,,False,,nan,,,nan,nan,nan,,,,,,,,0.00016270786817268953,3.6767677692938823e-06,0.43947808245551245,nan,nan,nan,False,not_run,not_requested,"[6.501338703591831,10.90141159973297,1.6584226109632554]","[0.15381447507742108,0.09173123965098184,0.6029826133505954]","[8.296158316561875e-08,1.0592354983342496e-07,1.3757228070373265e-07]",,,,8065215.376155015,80.81145074722829,nan,nan,direct_vp,direct_vp,False,[],True,1.0,0.007777170299475663,0.007777170299475663,2,data_only_efim_tau_crb,0.025457759621700913,6.297202742745418e-05,6.297202742745418e-05,True,0.007840142326903117,green,clock_green,False,ngc_green_skip_rescue,nan,nan,2,,nan,nan,nan,False,nan,,candidate_unavailable,ngc_green_skip_rescue,False,9.21034037197618,13.815510557964274,ngc_certified_ris_only,nan,nan,,decoupled_robust,legacy_multistart,0.0
fig5,force_rescue,18,3644258948,0.0,snr_db,0.0,3,3,3,3,full_6d,3644258948,,,nan,,False,,343.4797299269121,0.00016270786817268953,0.00016270786817268953,3.6767677692938823e-06,0.00013425382087569717,1.5324796465647728e-12,0.43947808245551245,False,direct_vp_rollback,global_exact_spherical_vp,main_single_proposed,True,34d35ff3fb0b8505,adaptive_jones,cpu,False,,legacy_least_squares,cpu,explicit,,legacy_least_squares_numerical,False,,,0,0,,,,,,,,fixed_pol_anchor,True,fixed_anchor_then_adaptive_jones_score_selection,fixed_pol_anchor,1.6584226109632554,10.90141159973297,6.353724304762686,0.0,True,3,10,3561542.9650624427,3565871.2042235592,"[6.501338703591831,10.90141159973297,1.6584226109632554]","[0.15381447507742108,0.09173123965098184,0.6029826133505954]","[8.296158316561875e-08,1.0592354983342496e-07,1.3757228070373265e-07]",jnpp_then_vp,[],3093957.532053036,3096560,True,8065215.376155015,80.81145074722829,24.230122274751043,0.0981693521031425,"[5.116000698681762,5.2188416654150815,4.979178521403722]",42.1832090918906,166.36252622003667,209.44566688570194,nan,nan,nan,nan,nan,nan,nan,,,nan,nan,nan,nan,nan,nan,nan,nan,nan,,,,nan,nan,nan,nan,nan,,False,,nan,,,nan,nan,nan,,,,,,,,0.00016270786817268953,3.6767677692938823e-06,0.43947808245551245,0.00016270856964331477,3.6767696507519437e-06,0.43947808245551295,True,rollback,existing_selector_rollback,"[6.501338703591831,10.90141159973297,1.6584226109632554]","[0.15381447507742108,0.09173123965098184,0.6029826133505954]","[8.296158316561875e-08,1.0592354983342496e-07,1.3757228070373265e-07]","[6.501338688786597,10.90141157231193,1.6584226128490787]","[0.1538144754276965,0.09173123988171948,0.6029826126649327]","[6.706034920345848e-08,1.1408164998845275e-07,1.6136527508770402e-07]",8065215.376155015,80.81145074722829,8065215.3713158555,80.81145078389399,direct_vp,direct_vp,False,[],False,1.0,nan,nan,,,nan,nan,nan,False,nan,,,False,,nan,nan,,,nan,nan,nan,False,nan,,,,False,nan,nan,force_ris_only,0.7000000731155411,0.09831865536396033,3,decoupled_robust,legacy_multistart,0.0
fig5,oracle_init_vp,18,3644258948,0.0,snr_db,0.0,3,3,3,3,full_6d,3644258948,,,nan,,False,,43.1660970619414,0.00016270794039678502,0.00016270794039678502,3.676730785792335e-06,0.00013425365109878578,1.532455114450505e-12,0.4394780824555083,False,oracle_init_vp,global_exact_spherical_vp,,False,,adaptive_jones,cupy,True,0,cupy,cupy.linalg.solve,explicit,matrix_free,analytic_reduced_vp_explicit_gradient,False,matrix_free_cpu_only_gpu_backend,,0,0,0,0,,,,,,fixed_pol_anchor,False,,fixed_pol_anchor,nan,nan,nan,nan,False,3,4,3096725.458075429,3096746.863740441,"[6.469648354448528,10.821952862829908,1.3319008063520739]","[0.15456790619940428,0.09240476397045412,0.7508066631009522]","[2.2790369545775266e-08,8.689997715948918e-11,1.2601867898248803e-07]",oracle_init_vp,"[""oracle_truth_initialization""]",nan,,,nan,nan,nan,nan,,0.0,43.16416535200551,43.16416535200551,nan,nan,nan,nan,nan,nan,nan,,,nan,nan,nan,nan,nan,nan,nan,nan,nan,,,,nan,nan,nan,nan,nan,,False,,nan,,,nan,nan,nan,,,,,,,,nan,nan,nan,nan,nan,nan,False,,,,,,,,,nan,nan,nan,nan,,,,[],False,nan,nan,nan,,,nan,nan,nan,False,nan,,,False,,nan,nan,,,nan,nan,nan,False,nan,,,,False,nan,nan,,nan,nan,,,legacy_multistart,
fig5,direct_vp,23,2043173887,5.0,snr_db,5.0,3,3,3,3,full_6d,2043173887,,,nan,,False,,57.41150889103301,0.00029646950843398523,0.00029646950843398523,1.6275213469713935e-06,2.224457690066507e-05,8.27554965291602e-14,0.10357436633949338,False,direct_vp,global_exact_spherical_vp,proposed_post_stage1,False,7e041c830876bd80,adaptive_jones,cpu,False,,legacy_least_squares,cpu,explicit,,legacy_least_squares_numerical,False,,,0,0,,,,,,,,fixed_pol_anchor,True,fixed_anchor_then_adaptive_jones_score_selection,fixed_pol_anchor,0.6586447149613927,3.917980264347167,1.7661621602470092,0.0,True,3,4,3096396.0010300167,nan,"[3.917980264347167,0.6586447149613927,0.7218615014324684]","[0.2552335470129549,1.5182692235797528,1.385307289576836]",,direct_vp,[],3096246.542954588,3096560,True,26542997.191674005,63.99278148363899,26.21283172833531,0.03569208089901689,"[5.047814215095596,4.962336866968095,4.989173399890592]",23.73942156485282,52.19118797313422,76.62329246778972,nan,nan,nan,nan,nan,nan,nan,,,nan,nan,nan,nan,nan,nan,nan,nan,nan,,,,nan,nan,nan,nan,nan,,False,,nan,,,nan,nan,nan,,,,,,,,0.00029646950843398523,1.6275213469713935e-06,0.10357436633949338,nan,nan,nan,False,not_run,not_requested,"[3.917980264347167,0.6586447149613927,0.7218615014324684]","[0.2552335470129549,1.5182692235797528,1.385307289576836]",,,,,26542997.191674005,63.99278148363899,nan,nan,direct_vp,direct_vp,False,[],False,1.0,nan,nan,,,nan,nan,nan,False,nan,,,False,,nan,nan,,,nan,nan,nan,False,nan,,,,False,nan,nan,reliability_gated,nan,nan,,decoupled_robust,legacy_multistart,0.0
fig5,old_gated,23,2043173887,5.0,snr_db,5.0,3,3,3,3,full_6d,2043173887,,,nan,,False,,56.121325489133596,0.00029646950843398523,0.00029646950843398523,1.6275213469713935e-06,2.224457690066507e-05,8.27554965291602e-14,0.10357436633949338,False,direct_vp,global_exact_spherical_vp,main_single_proposed,True,4b9fb18cd3e2c523,adaptive_jones,cpu,False,,legacy_least_squares,cpu,explicit,,legacy_least_squares_numerical,False,,,0,0,,,,,,,,fixed_pol_anchor,True,fixed_anchor_then_adaptive_jones_score_selection,fixed_pol_anchor,0.6586447149613927,3.917980264347167,1.7661621602470092,0.0,True,3,4,3096396.0010300167,nan,"[3.917980264347167,0.6586447149613927,0.7218615014324684]","[0.2552335470129549,1.5182692235797528,1.385307289576836]",,direct_vp,[],3096246.542954588,3096560,True,26542997.191674005,63.99278148363899,26.21283172833531,0.03569208089901689,"[5.047814215095596,4.962336866968095,4.989173399890592]",23.73942156485282,51.196931208949536,75.62903570360504,nan,nan,nan,nan,nan,nan,nan,,,nan,nan,nan,nan,nan,nan,nan,nan,nan,,,,nan,nan,nan,nan,nan,,False,,nan,,,nan,nan,nan,,,,,,,,0.00029646950843398523,1.6275213469713935e-06,0.10357436633949338,nan,nan,nan,False,not_run,not_requested,"[3.917980264347167,0.6586447149613927,0.7218615014324684]","[0.2552335470129549,1.5182692235797528,1.385307289576836]",,,,,26542997.191674005,63.99278148363899,nan,nan,direct_vp,direct_vp,False,[],False,1.0,nan,nan,,,nan,nan,nan,False,nan,,,False,,nan,nan,,,nan,nan,nan,False,nan,,,,False,nan,nan,reliability_gated_ris_only,nan,nan,,decoupled_robust,legacy_multistart,0.0
fig5,adaptive_jones_vp_proposed,23,2043173887,5.0,snr_db,5.0,3,3,3,3,full_6d,2043173887,,,nan,,False,,58.003147904993966,0.00029646950843398523,0.00029646950843398523,1.6275213469713935e-06,2.224457690066507e-05,8.27554965291602e-14,0.10357436633949338,False,direct_vp,global_exact_spherical_vp,main_single_proposed,True,7de679b653af7c9d,adaptive_jones,cpu,False,,legacy_least_squares,cpu,explicit,,legacy_least_squares_numerical,False,,,0,0,,,,,,,,fixed_pol_anchor,True,fixed_anchor_then_adaptive_jones_score_selection,fixed_pol_anchor,0.6586447149613927,3.917980264347167,1.7661621602470092,0.0,True,3,4,3096396.0010300167,nan,"[3.917980264347167,0.6586447149613927,0.7218615014324684]","[0.2552335470129549,1.5182692235797528,1.385307289576836]",,direct_vp,[],3096246.542954588,3096560,True,26542997.191674005,63.99278148363899,26.21283172833531,0.03569208089901689,"[5.047814215095596,4.962336866968095,4.989173399890592]",23.73942156485282,53.071239995071664,77.50334448972717,nan,nan,nan,nan,nan,nan,nan,,,nan,nan,nan,nan,nan,nan,nan,nan,nan,,,,nan,nan,nan,nan,nan,,False,,nan,,,nan,nan,nan,,,,,,,,0.00029646950843398523,1.6275213469713935e-06,0.10357436633949338,nan,nan,nan,False,not_run,not_requested,"[3.917980264347167,0.6586447149613927,0.7218615014324684]","[0.2552335470129549,1.5182692235797528,1.385307289576836]",,,,,26542997.191674005,63.99278148363899,nan,nan,direct_vp,direct_vp,False,[],True,1.0,0.0017146410082768116,0.0017146410082768116,2,data_only_efim_tau_crb,0.011953524613675012,8.878065923997925e-06,8.878065923997925e-06,True,0.0017235190742008095,green,clock_green,False,ngc_green_skip_rescue,nan,nan,2,,nan,nan,nan,False,nan,,candidate_unavailable,ngc_green_skip_rescue,False,9.21034037197618,13.815510557964274,ngc_certified_ris_only,nan,nan,,decoupled_robust,legacy_multistart,0.0
fig5,force_rescue,23,2043173887,5.0,snr_db,5.0,3,3,3,3,full_6d,2043173887,,,nan,,False,,115.03356718388386,0.00029646950843398523,0.00029646950843398523,1.6275213469713935e-06,2.224457690066507e-05,8.27554965291602e-14,0.10357436633949338,False,direct_vp_rollback,global_exact_spherical_vp,main_single_proposed,True,72460e7dba60e7ff,adaptive_jones,cpu,False,,legacy_least_squares,cpu,explicit,,legacy_least_squares_numerical,False,,,0,0,,,,,,,,fixed_pol_anchor,True,fixed_anchor_then_adaptive_jones_score_selection,fixed_pol_anchor,0.6586447149613927,3.917980264347167,1.7661621602470092,0.0,True,3,4,3096396.0010300167,nan,"[3.917980264347167,0.6586447149613927,0.7218615014324684]","[0.2552335470129549,1.5182692235797528,1.385307289576836]",,jnpp_then_vp,[],3096246.542954588,3096560,True,26542997.191674005,63.99278148363899,26.21283172833531,0.03569208089901689,"[5.047814215095596,4.962336866968095,4.989173399890592]",23.73942156485282,51.12029835302383,75.55240284767933,nan,nan,nan,nan,nan,nan,nan,,,nan,nan,nan,nan,nan,nan,nan,nan,nan,,,,nan,nan,nan,nan,nan,,False,,nan,,,nan,nan,nan,,,,,,,,0.00029646950843398523,1.6275213469713935e-06,0.10357436633949338,0.00029646153116577253,1.6275051316273653e-06,0.10357436633949368,True,rollback,existing_selector_rollback,"[3.917980264347167,0.6586447149613927,0.7218615014324684]","[0.2552335470129549,1.5182692235797528,1.385307289576836]",,"[3.917980268446345,0.6586447148974501,0.7218615013493163]","[0.25523354674591736,1.5182692237271496,1.3853072897364112]",,26542997.191674005,63.99278148363899,26542997.640494317,63.99278035777813,direct_vp,direct_vp,False,[],False,1.0,nan,nan,,,nan,nan,nan,False,nan,,,False,,nan,nan,,,nan,nan,nan,False,nan,,,,False,nan,nan,force_ris_only,6.532454655989597e-05,0.009953276089364773,3,decoupled_robust,legacy_multistart,0.0
fig5,oracle_init_vp,23,2043173887,5.0,snr_db,5.0,3,3,3,3,full_6d,2043173887,,,nan,,False,,44.174360257107764,0.0002964644235614168,0.0002964644235614168,1.6275106638917513e-06,2.224408618726562e-05,8.275412904169843e-14,0.10357436633949424,False,oracle_init_vp,global_exact_spherical_vp,,False,,adaptive_jones,cupy,True,0,cupy,cupy.linalg.solve,explicit,matrix_free,analytic_reduced_vp_explicit_gradient,False,matrix_free_cpu_only_gpu_backend,,0,0,0,0,,,,,,fixed_pol_anchor,False,,fixed_pol_anchor,nan,nan,nan,nan,False,3,4,3096725.458075429,3096773.191402572,"[3.9175634151396146,0.6585746391156936,0.7217846997215828]","[0.2552607051953604,1.518430775503441,1.385454693601863]","[2.6695619464757507e-07,2.0656856247251926e-07,1.5097753991281587e-08]",oracle_init_vp,"[""oracle_truth_initialization""]",nan,,,nan,nan,nan,nan,,0.0,44.172748116077855,44.172748116077855,nan,nan,nan,nan,nan,nan,nan,,,nan,nan,nan,nan,nan,nan,nan,nan,nan,,,,nan,nan,nan,nan,nan,,False,,nan,,,nan,nan,nan,,,,,,,,nan,nan,nan,nan,nan,nan,False,,,,,,,,,nan,nan,nan,nan,,,,[],False,nan,nan,nan,,,nan,nan,nan,False,nan,,,False,,nan,nan,,,nan,nan,nan,False,nan,,,,False,nan,nan,,nan,nan,,,legacy_multistart,
fig5,direct_vp,1,112311654,10.0,snr_db,10.0,3,3,3,3,full_6d,112311654,,,nan,,False,,56.268174888100475,4.0650964937666024e-05,4.0650964937666024e-05,8.862828486702628e-07,3.1803783678936307e-05,1.8611683866554647e-13,0.030381711184540337,False,direct_vp,global_exact_spherical_vp,proposed_post_stage1,False,c325137075e2daf0,adaptive_jones,cpu,False,,legacy_least_squares,cpu,explicit,,legacy_least_squares_numerical,False,,,0,0,,,,,,,,fixed_pol_anchor,True,fixed_anchor_then_adaptive_jones_score_selection,fixed_pol_anchor,0.12049167024436208,4.014890416464592,1.606860063875579,0.0,True,3,4,3096579.5337933255,nan,"[0.6851981049177832,0.12049167024436208,4.014890416464592]","[1.4594319406637946,8.299328891132792,0.2490728005663873]",,direct_vp,[],3096430.0757178967,3096560,True,51131304.20967999,98.53732705115344,34.99573040318582,0.05130158801729789,"[5.000086164447211,4.998729037494232,4.890586845350483]",27.6939612259157,50.686374296899885,79.16752181691118,nan,nan,nan,nan,nan,nan,nan,,,nan,nan,nan,nan,nan,nan,nan,nan,nan,,,,nan,nan,nan,nan,nan,,False,,nan,,,nan,nan,nan,,,,,,,,4.0650964937666024e-05,8.862828486702628e-07,0.030381711184540337,nan,nan,nan,False,not_run,not_requested,"[0.6851981049177832,0.12049167024436208,4.014890416464592]","[1.4594319406637946,8.299328891132792,0.2490728005663873]",,,,,51131304.20967999,98.53732705115344,nan,nan,direct_vp,direct_vp,False,[],False,1.0,nan,nan,,,nan,nan,nan,False,nan,,,False,,nan,nan,,,nan,nan,nan,False,nan,,,,False,nan,nan,reliability_gated,nan,nan,,decoupled_robust,legacy_multistart,0.0
fig5,old_gated,1,112311654,10.0,snr_db,10.0,3,3,3,3,full_6d,112311654,,,nan,,False,,57.982454884797335,4.0650964937666024e-05,4.0650964937666024e-05,8.862828486702628e-07,3.1803783678936307e-05,1.8611683866554647e-13,0.030381711184540337,False,direct_vp,global_exact_spherical_vp,main_single_proposed,True,6b8f6b71e3111b0a,adaptive_jones,cpu,False,,legacy_least_squares,cpu,explicit,,legacy_least_squares_numerical,False,,,0,0,,,,,,,,fixed_pol_anchor,True,fixed_anchor_then_adaptive_jones_score_selection,fixed_pol_anchor,0.12049167024436208,4.014890416464592,1.606860063875579,0.0,True,3,4,3096579.5337933255,nan,"[0.6851981049177832,0.12049167024436208,4.014890416464592]","[1.4594319406637946,8.299328891132792,0.2490728005663873]",,direct_vp,[],3096430.0757178967,3096560,True,51131304.20967999,98.53732705115344,34.99573040318582,0.05130158801729789,"[5.000086164447211,4.998729037494232,4.890586845350483]",27.6939612259157,52.90373510099016,81.38488262100145,nan,nan,nan,nan,nan,nan,nan,,,nan,nan,nan,nan,nan,nan,nan,nan,nan,,,,nan,nan,nan,nan,nan,,False,,nan,,,nan,nan,nan,,,,,,,,4.0650964937666024e-05,8.862828486702628e-07,0.030381711184540337,nan,nan,nan,False,not_run,not_requested,"[0.6851981049177832,0.12049167024436208,4.014890416464592]","[1.4594319406637946,8.299328891132792,0.2490728005663873]",,,,,51131304.20967999,98.53732705115344,nan,nan,direct_vp,direct_vp,False,[],False,1.0,nan,nan,,,nan,nan,nan,False,nan,,,False,,nan,nan,,,nan,nan,nan,False,nan,,,,False,nan,nan,reliability_gated_ris_only,nan,nan,,decoupled_robust,legacy_multistart,0.0
fig5,adaptive_jones_vp_proposed,1,112311654,10.0,snr_db,10.0,3,3,3,3,full_6d,112311654,,,nan,,False,,57.262456708122045,4.0650964937666024e-05,4.0650964937666024e-05,8.862828486702628e-07,3.1803783678936307e-05,1.8611683866554647e-13,0.030381711184540337,False,direct_vp,global_exact_spherical_vp,main_single_proposed,True,4d117a8810d11088,adaptive_jones,cpu,False,,legacy_least_squares,cpu,explicit,,legacy_least_squares_numerical,False,,,0,0,,,,,,,,fixed_pol_anchor,True,fixed_anchor_then_adaptive_jones_score_selection,fixed_pol_anchor,0.12049167024436208,4.014890416464592,1.606860063875579,0.0,True,3,4,3096579.5337933255,nan,"[0.6851981049177832,0.12049167024436208,4.014890416464592]","[1.4594319406637946,8.299328891132792,0.2490728005663873]",,direct_vp,[],3096430.0757178967,3096560,True,51131304.20967999,98.53732705115344,34.99573040318582,0.05130158801729789,"[5.000086164447211,4.998729037494232,4.890586845350483]",27.6939612259157,52.15982169401832,80.64096921402961,nan,nan,nan,nan,nan,nan,nan,,,nan,nan,nan,nan,nan,nan,nan,nan,nan,,,,nan,nan,nan,nan,nan,,False,,nan,,,nan,nan,nan,,,,,,,,4.0650964937666024e-05,8.862828486702628e-07,0.030381711184540337,nan,nan,nan,False,not_run,not_requested,"[0.6851981049177832,0.12049167024436208,4.014890416464592]","[1.4594319406637946,8.299328891132792,0.2490728005663873]",,,,,51131304.20967999,98.53732705115344,nan,nan,direct_vp,direct_vp,False,[],True,1.0,5.3358231368253935e-05,5.3358231368253935e-05,2,data_only_efim_tau_crb,0.002108677139983224,1.1785095763712593e-05,1.1785095763712593e-05,True,6.514332713196653e-05,green,clock_green,False,ngc_green_skip_rescue,nan,nan,2,,nan,nan,nan,False,nan,,candidate_unavailable,ngc_green_skip_rescue,False,9.21034037197618,13.815510557964274,ngc_certified_ris_only,nan,nan,,decoupled_robust,legacy_multistart,0.0
fig5,force_rescue,1,112311654,10.0,snr_db,10.0,3,3,3,3,full_6d,112311654,,,nan,,False,,107.970847816905,4.0650964937666024e-05,4.0650964937666024e-05,8.862828486702628e-07,3.1803783678936307e-05,1.8611683866554647e-13,0.030381711184540337,False,direct_vp_rollback,global_exact_spherical_vp,main_single_proposed,True,a7477d3b908ddeb1,adaptive_jones,cpu,False,,legacy_least_squares,cpu,explicit,,legacy_least_squares_numerical,False,,,0,0,,,,,,,,fixed_pol_anchor,True,fixed_anchor_then_adaptive_jones_score_selection,fixed_pol_anchor,0.12049167024436208,4.014890416464592,1.606860063875579,0.0,True,3,4,3096579.5337933255,nan,"[0.6851981049177832,0.12049167024436208,4.014890416464592]","[1.4594319406637946,8.299328891132792,0.2490728005663873]",,jnpp_then_vp,[],3096430.0757178967,3096560,True,51131304.20967999,98.53732705115344,34.99573040318582,0.05130158801729789,"[5.000086164447211,4.998729037494232,4.890586845350483]",27.6939612259157,49.31633912608959,77.79748664610088,nan,nan,nan,nan,nan,nan,nan,,,nan,nan,nan,nan,nan,nan,nan,nan,nan,,,,nan,nan,nan,nan,nan,,False,,nan,,,nan,nan,nan,,,,,,,,4.0650964937666024e-05,8.862828486702628e-07,0.030381711184540337,4.0648529405286286e-05,8.862828651742135e-07,0.03038171118454013,True,rollback,existing_selector_rollback,"[0.6851981049177832,0.12049167024436208,4.014890416464592]","[1.4594319406637946,8.299328891132792,0.2490728005663873]",,"[0.6851981049296489,0.12049167024432252,4.014890416828984]","[1.4594319406385214,8.299328891135517,0.24907280054378142]",,51131304.20967999,98.53732705115344,51131303.11003712,98.53732921569413,direct_vp,direct_vp,False,[],False,1.0,nan,nan,,,nan,nan,nan,False,nan,,,False,,nan,nan,,,nan,nan,nan,False,nan,,,,False,nan,nan,force_ris_only,0.00015956096815608473,0.0031167833059956625,3,decoupled_robust,legacy_multistart,0.0
fig5,oracle_init_vp,1,112311654,10.0,snr_db,10.0,3,3,3,3,full_6d,112311654,,,nan,,False,,26.639023520052433,4.065112689382767e-05,4.065112689382767e-05,8.862824066020841e-07,3.1803711209921746e-05,1.8611653271742642e-13,0.03038171118454013,False,oracle_init_vp,global_exact_spherical_vp,,False,,adaptive_jones,cupy,True,0,cupy,cupy.linalg.solve,explicit,matrix_free,analytic_reduced_vp_explicit_gradient,False,matrix_free_cpu_only_gpu_backend,,0,0,0,0,,,,,,fixed_pol_anchor,False,,fixed_pol_anchor,nan,nan,nan,nan,False,3,4,3096725.458075429,3096778.1121925707,"[0.6851658153690448,0.12048599214643775,4.0147012170378495]","[1.459500718757683,8.299720010476298,0.2490845385335577]","[5.417039250743896e-07,4.1191098209523055e-08,5.7523693198859114e-08]",oracle_init_vp,"[""oracle_truth_initialization""]",nan,,,nan,nan,nan,nan,,0.0,26.63751139701344,26.63751139701344,nan,nan,nan,nan,nan,nan,nan,,,nan,nan,nan,nan,nan,nan,nan,nan,nan,,,,nan,nan,nan,nan,nan,,False,,nan,,,nan,nan,nan,,,,,,,,nan,nan,nan,nan,nan,nan,False,,,,,,,,,nan,nan,nan,nan,,,,[],False,nan,nan,nan,,,nan,nan,nan,False,nan,,,False,,nan,nan,,,nan,nan,nan,False,nan,,,,False,nan,nan,,nan,nan,,,legacy_multistart,
fig5,direct_vp,21,4000820147,5.0,snr_db,5.0,3,3,3,3,full_6d,4000820147,,,nan,,False,,77.81366672809236,0.00012512342017215305,0.00012512342017215305,9.706993540420722e-07,7.043134638436701e-05,6.972390101978036e-13,0.109997973064644,False,direct_vp,global_exact_spherical_vp,proposed_post_stage1,False,1093e1414d25e41e,adaptive_jones,cpu,False,,legacy_least_squares,cpu,explicit,,legacy_least_squares_numerical,False,,,0,0,,,,,,,,fixed_pol_anchor,True,fixed_anchor_then_adaptive_jones_score_selection,fixed_pol_anchor,0.3634182430437209,14.174662644797248,5.8298536972929105,0.0,True,3,4,3096158.0670352406,nan,"[0.3634182430437209,14.174662644797248,2.9514802040377597]","[2.7516505270191733,0.07054841621594932,0.3388130466296209]",,direct_vp,[],3096008.6089598117,3096560,True,16183441.658245267,135.5577768875977,29.57983737809317,0.04590273828387817,"[4.9940432044067204,5.1060924363841105,5.058161239250865]",30.243775178911164,70.6149543998763,101.62216284475289,nan,nan,nan,nan,nan,nan,nan,,,nan,nan,nan,nan,nan,nan,nan,nan,nan,,,,nan,nan,nan,nan,nan,,False,,nan,,,nan,nan,nan,,,,,,,,0.00012512342017215305,9.706993540420722e-07,0.109997973064644,nan,nan,nan,False,not_run,not_requested,"[0.3634182430437209,14.174662644797248,2.9514802040377597]","[2.7516505270191733,0.07054841621594932,0.3388130466296209]",,,,,16183441.658245267,135.5577768875977,nan,nan,direct_vp,direct_vp,False,[],False,1.0,nan,nan,,,nan,nan,nan,False,nan,,,False,,nan,nan,,,nan,nan,nan,False,nan,,,,False,nan,nan,reliability_gated,nan,nan,,decoupled_robust,legacy_multistart,0.0
fig5,old_gated,21,4000820147,5.0,snr_db,5.0,3,3,3,3,full_6d,4000820147,,,nan,,False,,78.04866902693175,0.00012512342017215305,0.00012512342017215305,9.706993540420722e-07,7.043134638436701e-05,6.972390101978036e-13,0.109997973064644,False,direct_vp,global_exact_spherical_vp,main_single_proposed,True,1fc1776b29235ff0,adaptive_jones,cpu,False,,legacy_least_squares,cpu,explicit,,legacy_least_squares_numerical,False,,,0,0,,,,,,,,fixed_pol_anchor,True,fixed_anchor_then_adaptive_jones_score_selection,fixed_pol_anchor,0.3634182430437209,14.174662644797248,5.8298536972929105,0.0,True,3,4,3096158.0670352406,nan,"[0.3634182430437209,14.174662644797248,2.9514802040377597]","[2.7516505270191733,0.07054841621594932,0.3388130466296209]",,direct_vp,[],3096008.6089598117,3096560,True,16183441.658245267,135.5577768875977,29.57983737809317,0.04590273828387817,"[4.9940432044067204,5.1060924363841105,5.058161239250865]",30.243775178911164,71.33880737703294,102.34601582190953,nan,nan,nan,nan,nan,nan,nan,,,nan,nan,nan,nan,nan,nan,nan,nan,nan,,,,nan,nan,nan,nan,nan,,False,,nan,,,nan,nan,nan,,,,,,,,0.00012512342017215305,9.706993540420722e-07,0.109997973064644,nan,nan,nan,False,not_run,not_requested,"[0.3634182430437209,14.174662644797248,2.9514802040377597]","[2.7516505270191733,0.07054841621594932,0.3388130466296209]",,,,,16183441.658245267,135.5577768875977,nan,nan,direct_vp,direct_vp,False,[],False,1.0,nan,nan,,,nan,nan,nan,False,nan,,,False,,nan,nan,,,nan,nan,nan,False,nan,,,,False,nan,nan,reliability_gated_ris_only,nan,nan,,decoupled_robust,legacy_multistart,0.0
fig5,adaptive_jones_vp_proposed,21,4000820147,5.0,snr_db,5.0,3,3,3,3,full_6d,4000820147,,,nan,,False,,64.0979045140557,0.00012512342017215305,0.00012512342017215305,9.706993540420722e-07,7.043134638436701e-05,6.972390101978036e-13,0.109997973064644,False,direct_vp,global_exact_spherical_vp,main_single_proposed,True,05427c3ae1e9d85b,adaptive_jones,cpu,False,,legacy_least_squares,cpu,explicit,,legacy_least_squares_numerical,False,,,0,0,,,,,,,,fixed_pol_anchor,True,fixed_anchor_then_adaptive_jones_score_selection,fixed_pol_anchor,0.3634182430437209,14.174662644797248,5.8298536972929105,0.0,True,3,4,3096158.0670352406,nan,"[0.3634182430437209,14.174662644797248,2.9514802040377597]","[2.7516505270191733,0.07054841621594932,0.3388130466296209]",,direct_vp,[],3096008.6089598117,3096560,True,16183441.658245267,135.5577768875977,29.57983737809317,0.04590273828387817,"[4.9940432044067204,5.1060924363841105,5.058161239250865]",30.243775178911164,58.91932102688588,89.92652947176248,nan,nan,nan,nan,nan,nan,nan,,,nan,nan,nan,nan,nan,nan,nan,nan,nan,,,,nan,nan,nan,nan,nan,,False,,nan,,,nan,nan,nan,,,,,,,,0.00012512342017215305,9.706993540420722e-07,0.109997973064644,nan,nan,nan,False,not_run,not_requested,"[0.3634182430437209,14.174662644797248,2.9514802040377597]","[2.7516505270191733,0.07054841621594932,0.3388130466296209]",,,,,16183441.658245267,135.5577768875977,nan,nan,direct_vp,direct_vp,False,[],True,1.0,0.0005518634149314888,0.0005518634149314888,2,data_only_efim_tau_crb,0.006781490832476102,3.433057738717656e-05,3.433057738717656e-05,True,0.0005861939923186653,green,clock_green,False,ngc_green_skip_rescue,nan,nan,2,,nan,nan,nan,False,nan,,candidate_unavailable,ngc_green_skip_rescue,False,9.21034037197618,13.815510557964274,ngc_certified_ris_only,nan,nan,,decoupled_robust,legacy_multistart,0.0
fig5,force_rescue,21,4000820147,5.0,snr_db,5.0,3,3,3,3,full_6d,4000820147,,,nan,,False,,132.4353098771535,0.00012512342017215305,0.00012512342017215305,9.706993540420722e-07,7.043134638436701e-05,6.972390101978036e-13,0.109997973064644,False,direct_vp_rollback,global_exact_spherical_vp,main_single_proposed,True,2173c869fe0ec48a,adaptive_jones,cpu,False,,legacy_least_squares,cpu,explicit,,legacy_least_squares_numerical,False,,,0,0,,,,,,,,fixed_pol_anchor,True,fixed_anchor_then_adaptive_jones_score_selection,fixed_pol_anchor,0.3634182430437209,14.174662644797248,5.8298536972929105,0.0,True,3,4,3096158.0670352406,nan,"[0.3634182430437209,14.174662644797248,2.9514802040377597]","[2.7516505270191733,0.07054841621594932,0.3388130466296209]",,jnpp_then_vp,[],3096008.6089598117,3096560,True,16183441.658245267,135.5577768875977,29.57983737809317,0.04590273828387817,"[4.9940432044067204,5.1060924363841105,5.058161239250865]",30.243775178911164,49.33554309094325,80.34275153581984,nan,nan,nan,nan,nan,nan,nan,,,nan,nan,nan,nan,nan,nan,nan,nan,nan,,,,nan,nan,nan,nan,nan,,False,,nan,,,nan,nan,nan,,,,,,,,0.00012512342017215305,9.706993540420722e-07,0.109997973064644,0.00012513479018224301,9.707078094286115e-07,0.10999797306464483,True,rollback,existing_selector_rollback,"[0.3634182430437209,14.174662644797248,2.9514802040377597]","[2.7516505270191733,0.07054841621594932,0.3388130466296209]",,"[0.36341824302889253,14.174662638459056,2.9514802047191258]","[2.751650527131447,0.070548416247495,0.338813046551404]",,16183441.658245267,135.5577768875977,16183440.353334524,135.55778781020535,direct_vp,direct_vp,False,[],False,1.0,nan,nan,,,nan,nan,nan,False,nan,,,False,,nan,nan,,,nan,nan,nan,False,nan,,,,False,nan,nan,force_ris_only,0.000647848244529293,0.08106313399954546,3,decoupled_robust,legacy_multistart,0.0
fig5,oracle_init_vp,21,4000820147,5.0,snr_db,5.0,3,3,3,3,full_6d,4000820147,,,nan,,False,,33.66578676481731,0.00012512916496820902,0.00012512916496820902,9.706945141975646e-07,7.04308367308787e-05,6.972359397437706e-13,0.10999797306464398,False,oracle_init_vp,global_exact_spherical_vp,,False,,adaptive_jones,cupy,True,0,cupy,cupy.linalg.solve,explicit,matrix_free,analytic_reduced_vp_explicit_gradient,False,matrix_free_cpu_only_gpu_backend,,0,0,0,0,,,,,,fixed_pol_anchor,False,,fixed_pol_anchor,nan,nan,nan,nan,False,3,4,3096725.458075429,3096759.064003827,"[0.3633516532739424,14.172065391747713,2.9509393991379174]","[2.7521548092302326,0.07056134531866613,0.3388751393163775]","[2.390056582573888e-08,2.2787518120301562e-08,1.3011786819987565e-08]",oracle_init_vp,"[""oracle_truth_initialization""]",nan,,,nan,nan,nan,nan,,0.0,33.664297794923186,33.664297794923186,nan,nan,nan,nan,nan,nan,nan,,,nan,nan,nan,nan,nan,nan,nan,nan,nan,,,,nan,nan,nan,nan,nan,,False,,nan,,,nan,nan,nan,,,,,,,,nan,nan,nan,nan,nan,nan,False,,,,,,,,,nan,nan,nan,nan,,,,[],False,nan,nan,nan,,,nan,nan,nan,False,nan,,,False,,nan,nan,,,nan,nan,nan,False,nan,,,,False,nan,nan,,nan,nan,,,legacy_multistart,
fig5,direct_vp,0,3147786918,10.0,snr_db,10.0,3,3,3,3,full_6d,3147786918,,,nan,,False,,56.82815147214569,0.00011769764795589957,0.00011769764795589957,2.5936125702880306e-07,1.8137868259439606e-05,9.928775929859188e-14,0.03963112900885202,False,direct_vp,global_exact_spherical_vp,proposed_post_stage1,False,1c118fc308d3a531,adaptive_jones,cpu,False,,legacy_least_squares,cpu,explicit,,legacy_least_squares_numerical,False,,,0,0,,,,,,,,fixed_pol_anchor,True,fixed_anchor_then_adaptive_jones_score_selection,fixed_pol_anchor,0.18701440093155722,0.7298455121471565,0.4065317290552029,0.0,True,3,4,3095619.276017012,nan,"[0.7298455121471565,0.18701440093155722,0.30273527408689493]","[1.3701529753294464,5.347181794656493,3.303215996272256]",,direct_vp,[],3095469.817941583,3096560,True,82254382.79054578,69.81647220593167,57.7298280390066,0.007754148213915894,"[5.000704534638654,4.981715426642062,4.991571917755726]",26.095851480029523,51.78079613507725,78.66907786531374,nan,nan,nan,nan,nan,nan,nan,,,nan,nan,nan,nan,nan,nan,nan,nan,nan,,,,nan,nan,nan,nan,nan,,False,,nan,,,nan,nan,nan,,,,,,,,0.00011769764795589957,2.5936125702880306e-07,0.03963112900885202,nan,nan,nan,False,not_run,not_requested,"[0.7298455121471565,0.18701440093155722,0.30273527408689493]","[1.3701529753294464,5.347181794656493,3.303215996272256]",,,,,82254382.79054578,69.81647220593167,nan,nan,direct_vp,direct_vp,False,[],False,1.0,nan,nan,,,nan,nan,nan,False,nan,,,False,,nan,nan,,,nan,nan,nan,False,nan,,,,False,nan,nan,reliability_gated,nan,nan,,decoupled_robust,legacy_multistart,0.0
fig5,old_gated,0,3147786918,10.0,snr_db,10.0,3,3,3,3,full_6d,3147786918,,,nan,,False,,58.494162240065634,0.00011769764795589957,0.00011769764795589957,2.5936125702880306e-07,1.8137868259439606e-05,9.928775929859188e-14,0.03963112900885202,False,direct_vp,global_exact_spherical_vp,main_single_proposed,True,058888896115d695,adaptive_jones,cpu,False,,legacy_least_squares,cpu,explicit,,legacy_least_squares_numerical,False,,,0,0,,,,,,,,fixed_pol_anchor,True,fixed_anchor_then_adaptive_jones_score_selection,fixed_pol_anchor,0.18701440093155722,0.7298455121471565,0.4065317290552029,0.0,True,3,4,3095619.276017012,nan,"[0.7298455121471565,0.18701440093155722,0.30273527408689493]","[1.3701529753294464,5.347181794656493,3.303215996272256]",,direct_vp,[],3095469.817941583,3096560,True,82254382.79054578,69.81647220593167,57.7298280390066,0.007754148213915894,"[5.000704534638654,4.981715426642062,4.991571917755726]",26.095851480029523,53.58032066607848,80.46860239631496,nan,nan,nan,nan,nan,nan,nan,,,nan,nan,nan,nan,nan,nan,nan,nan,nan,,,,nan,nan,nan,nan,nan,,False,,nan,,,nan,nan,nan,,,,,,,,0.00011769764795589957,2.5936125702880306e-07,0.03963112900885202,nan,nan,nan,False,not_run,not_requested,"[0.7298455121471565,0.18701440093155722,0.30273527408689493]","[1.3701529753294464,5.347181794656493,3.303215996272256]",,,,,82254382.79054578,69.81647220593167,nan,nan,direct_vp,direct_vp,False,[],False,1.0,nan,nan,,,nan,nan,nan,False,nan,,,False,,nan,nan,,,nan,nan,nan,False,nan,,,,False,nan,nan,reliability_gated_ris_only,nan,nan,,decoupled_robust,legacy_multistart,0.0
fig5,adaptive_jones_vp_proposed,0,3147786918,10.0,snr_db,10.0,3,3,3,3,full_6d,3147786918,,,nan,,False,,57.679444638080895,0.00011769764795589957,0.00011769764795589957,2.5936125702880306e-07,1.8137868259439606e-05,9.928775929859188e-14,0.03963112900885202,False,direct_vp,global_exact_spherical_vp,main_single_proposed,True,bd0777eaf20777ab,adaptive_jones,cpu,False,,legacy_least_squares,cpu,explicit,,legacy_least_squares_numerical,False,,,0,0,,,,,,,,fixed_pol_anchor,True,fixed_anchor_then_adaptive_jones_score_selection,fixed_pol_anchor,0.18701440093155722,0.7298455121471565,0.4065317290552029,0.0,True,3,4,3095619.276017012,nan,"[0.7298455121471565,0.18701440093155722,0.30273527408689493]","[1.3701529753294464,5.347181794656493,3.303215996272256]",,direct_vp,[],3095469.817941583,3096560,True,82254382.79054578,69.81647220593167,57.7298280390066,0.007754148213915894,"[5.000704534638654,4.981715426642062,4.991571917755726]",26.095851480029523,52.829856753116474,79.71813848335296,nan,nan,nan,nan,nan,nan,nan,,,nan,nan,nan,nan,nan,nan,nan,nan,nan,,,,nan,nan,nan,nan,nan,,False,,nan,,,nan,nan,nan,,,,,,,,0.00011769764795589957,2.5936125702880306e-07,0.03963112900885202,nan,nan,nan,False,not_run,not_requested,"[0.7298455121471565,0.18701440093155722,0.30273527408689493]","[1.3701529753294464,5.347181794656493,3.303215996272256]",,,,,82254382.79054578,69.81647220593167,nan,nan,direct_vp,direct_vp,False,[],True,1.0,0.00022856210380530276,0.00022856210380530276,2,data_only_efim_tau_crb,0.004364268779964776,2.4003917443487773e-06,2.4003917443487773e-06,True,0.00023096249554965153,green,clock_green,False,ngc_green_skip_rescue,nan,nan,2,,nan,nan,nan,False,nan,,candidate_unavailable,ngc_green_skip_rescue,False,9.21034037197618,13.815510557964274,ngc_certified_ris_only,nan,nan,,decoupled_robust,legacy_multistart,0.0
fig5,force_rescue,0,3147786918,10.0,snr_db,10.0,3,3,3,3,full_6d,3147786918,,,nan,,False,,121.15507060708478,0.00011769764795589957,0.00011769764795589957,2.5936125702880306e-07,1.8137868259439606e-05,9.928775929859188e-14,0.03963112900885202,False,direct_vp_rollback,global_exact_spherical_vp,main_single_proposed,True,a788b4bd51693850,adaptive_jones,cpu,False,,legacy_least_squares,cpu,explicit,,legacy_least_squares_numerical,False,,,0,0,,,,,,,,fixed_pol_anchor,True,fixed_anchor_then_adaptive_jones_score_selection,fixed_pol_anchor,0.18701440093155722,0.7298455121471565,0.4065317290552029,0.0,True,3,4,3095619.276017012,nan,"[0.7298455121471565,0.18701440093155722,0.30273527408689493]","[1.3701529753294464,5.347181794656493,3.303215996272256]",,jnpp_then_vp,[],3095469.817941583,3096560,True,82254382.79054578,69.81647220593167,57.7298280390066,0.007754148213915894,"[5.000704534638654,4.981715426642062,4.991571917755726]",26.095851480029523,51.69284491217695,78.58112664241344,nan,nan,nan,nan,nan,nan,nan,,,nan,nan,nan,nan,nan,nan,nan,nan,nan,,,,nan,nan,nan,nan,nan,,False,,nan,,,nan,nan,nan,,,,,,,,0.00011769764795589957,2.5936125702880306e-07,0.03963112900885202,0.00011769817085968579,2.593619635321058e-07,0.039631129008851816,True,rollback,existing_selector_rollback,"[0.7298455121471565,0.18701440093155722,0.30273527408689493]","[1.3701529753294464,5.347181794656493,3.303215996272256]",,"[0.7298455121386512,0.18701440093022006,0.3027352740873544]","[1.3701529753454136,5.347181794694725,3.303215996267243]",,82254382.79054578,69.81647220593167,82254382.94178803,69.8164721103041,direct_vp,direct_vp,False,[],False,1.0,nan,nan,,,nan,nan,nan,False,nan,,,False,,nan,nan,,,nan,nan,nan,False,nan,,,,False,nan,nan,force_ris_only,0.00012902319879030393,0.00485313426862556,3,decoupled_robust,legacy_multistart,0.0
fig5,oracle_init_vp,0,3147786918,10.0,snr_db,10.0,3,3,3,3,full_6d,3147786918,,,nan,,False,,32.68131991405971,0.0001176993018125007,0.0001176993018125007,2.5936238964407205e-07,1.8138143792304552e-05,9.928790474549751e-14,0.0396311290088519,False,oracle_init_vp,global_exact_spherical_vp,,False,,adaptive_jones,cupy,True,0,cupy,cupy.linalg.solve,explicit,matrix_free,analytic_reduced_vp_explicit_gradient,False,matrix_free_cpu_only_gpu_backend,,0,0,0,0,,,,,,fixed_pol_anchor,False,,fixed_pol_anchor,nan,nan,nan,nan,False,3,4,3096725.458075429,3096792.2779069548,"[0.7295847912580814,0.1869475942431476,0.3026271287266216]","[1.3706426065637831,5.349092637689651,3.3043964174905414]","[2.33727645372342e-08,6.081442861075314e-08,7.143452055290763e-09]",oracle_init_vp,"[""oracle_truth_initialization""]",nan,,,nan,nan,nan,nan,,0.0,32.67974874889478,32.67974874889478,nan,nan,nan,nan,nan,nan,nan,,,nan,nan,nan,nan,nan,nan,nan,nan,nan,,,,nan,nan,nan,nan,nan,,False,,nan,,,nan,nan,nan,,,,,,,,nan,nan,nan,nan,nan,nan,False,,,,,,,,,nan,nan,nan,nan,,,,[],False,nan,nan,nan,,,nan,nan,nan,False,nan,,,False,,nan,nan,,,nan,nan,nan,False,nan,,,,False,nan,nan,,nan,nan,,,legacy_multistart,
fig5,direct_vp,16,1080178429,5.0,snr_db,5.0,3,3,3,3,full_6d,1080178429,,,nan,,False,,158.98231259011663,4.7697752417488104e-05,4.7697752417488104e-05,5.914794838165646e-07,3.977976005513686e-05,5.602913877196338e-13,0.15208307008548064,False,direct_vp,global_exact_spherical_vp,proposed_post_stage1,False,2291c7ed259088ed,adaptive_jones,cpu,False,,legacy_least_squares,cpu,explicit,,legacy_least_squares_numerical,False,,,0,0,,,,,,,,fixed_pol_anchor,True,fixed_anchor_then_adaptive_jones_score_selection,fixed_pol_anchor,0.4989858484970372,62.849634158085756,21.410140379539087,0.0,True,3,10,3101124.588407523,nan,"[0.8818011320344662,62.849634158085756,0.4989858484970372]","[1.1340425450486176,0.015910991580664564,2.004064850759868]",,jnpp_then_vp,"[""poor_clock_consistency""]",3100975.130332074,3096560,False,27169540.05947034,87.54029676438935,12.193516324703774,0.10401223821435952,"[5.021436611416654,5.1870534779943895,4.936579467524776]",36.815557022811845,96.25871375319548,133.98870752891526,nan,nan,nan,nan,nan,nan,nan,,,nan,nan,nan,nan,nan,nan,nan,nan,nan,,,,nan,nan,nan,nan,nan,,False,,nan,,,nan,nan,nan,,,,,,,,4.7697752417488104e-05,5.914794838165646e-07,0.15208307008548064,nan,nan,nan,False,not_run,not_requested,"[0.8818011320344662,62.849634158085756,0.4989858484970372]","[1.1340425450486176,0.015910991580664564,2.004064850759868]",,,,,27169540.05947034,87.54029676438935,nan,nan,ris_only_stage2_then_vp,jnpp_then_vp,True,"[""poor_clock_consistency""]",False,1.0,nan,nan,,,nan,nan,nan,False,nan,,,False,,nan,nan,,,nan,nan,nan,False,nan,,,,False,nan,nan,reliability_gated,nan,nan,,decoupled_robust,legacy_multistart,0.0
fig5,old_gated,16,1080178429,5.0,snr_db,5.0,3,3,3,3,full_6d,1080178429,,,nan,,False,,132.70099346991628,4.770389367146635e-05,4.770389367146635e-05,5.914795579570183e-07,3.9782346523959287e-05,5.602927821360897e-13,0.1520830700854816,False,direct_vp_rollback,global_exact_spherical_vp,main_single_proposed,True,87569c187c40b6e5,adaptive_jones,cpu,False,,legacy_least_squares,cpu,explicit,,legacy_least_squares_numerical,False,,,0,0,,,,,,,,fixed_pol_anchor,True,fixed_anchor_then_adaptive_jones_score_selection,fixed_pol_anchor,0.4989858484970372,62.849634158085756,21.410140379539087,0.0,True,3,4,3101124.588407523,nan,"[0.8818011320344662,62.849634158085756,0.4989858484970372]","[1.1340425450486176,0.015910991580664564,2.004064850759868]",,jnpp_then_vp,"[""poor_clock_consistency""]",3100975.130332094,3096560,False,27169539.880447596,87.54029756172447,12.193516324703774,0.10401223821435952,"[5.021436611416654,5.1870534779943895,4.936579467524776]",36.815557022811845,51.86548151890747,89.59547529462725,nan,nan,nan,nan,nan,nan,nan,,,nan,nan,nan,nan,nan,nan,nan,nan,nan,,,,nan,nan,nan,nan,nan,,False,,nan,,,nan,nan,nan,,,,,,,,4.770389367146635e-05,5.914795579570183e-07,0.1520830700854816,4.769989237603894e-05,5.914786108692688e-07,0.15208307008548164,True,rollback,existing_selector_rollback,"[0.8818011320344662,62.849634158085756,0.4989858484970372]","[1.1340425450486176,0.015910991580664564,2.004064850759868]",,"[0.8818011320896713,62.84963424973906,0.49898584849840644]","[1.134042544977621,0.015910991557461646,2.004064850754369]",,27169539.880447596,87.54029756172447,27169540.020939317,87.54029695527905,ris_only_stage2_then_vp,jnpp_then_vp,True,"[""poor_clock_consistency""]",False,1.0,nan,nan,,,nan,nan,nan,False,nan,,,False,,nan,nan,,,nan,nan,nan,False,nan,,,,False,nan,nan,reliability_gated_ris_only,0.0007033377359349894,0.028564563446343588,3,decoupled_robust,legacy_multistart,0.0
fig5,adaptive_jones_vp_proposed,16,1080178429,5.0,snr_db,5.0,3,3,3,3,full_6d,1080178429,,,nan,,False,,57.57513940613717,4.770389367146635e-05,4.770389367146635e-05,5.914795579570183e-07,3.9782346523959287e-05,5.602927821360897e-13,0.1520830700854816,False,direct_vp,global_exact_spherical_vp,main_single_proposed,True,3a24b2a1bc3b628b,adaptive_jones,cpu,False,,legacy_least_squares,cpu,explicit,,legacy_least_squares_numerical,False,,,0,0,,,,,,,,fixed_pol_anchor,True,fixed_anchor_then_adaptive_jones_score_selection,fixed_pol_anchor,0.4989858484970372,62.849634158085756,21.410140379539087,0.0,True,3,4,3101124.588407523,nan,"[0.8818011320344662,62.849634158085756,0.4989858484970372]","[1.1340425450486176,0.015910991580664564,2.004064850759868]",,direct_vp,"[""poor_clock_consistency""]",3100975.130332094,3096560,False,27169539.880447596,87.54029756172447,12.193516324703774,0.10401223821435952,"[5.021436611416654,5.1870534779943895,4.936579467524776]",36.815557022811845,52.67232773709111,90.40232151281089,nan,nan,nan,nan,nan,nan,nan,,,nan,nan,nan,nan,nan,nan,nan,nan,nan,,,,nan,nan,nan,nan,nan,,False,,nan,,,nan,nan,nan,,,,,,,,4.770389367146635e-05,5.914795579570183e-07,0.1520830700854816,nan,nan,nan,False,not_run,not_requested,"[0.8818011320344662,62.849634158085756,0.4989858484970372]","[1.1340425450486176,0.015910991580664564,2.004064850759868]",,,,,27169539.880447596,87.54029756172447,nan,nan,ris_only_stage2_then_vp,jnpp_then_vp,True,"[""poor_clock_consistency""]",True,1.0,0.0022394033203509667,0.0022394033203509667,2,data_only_efim_tau_crb,0.013660781213480458,0.00012290432161100905,0.00012290432161100905,True,0.002362307641961976,green,clock_green,False,ngc_green_skip_rescue,nan,nan,2,,nan,nan,nan,False,nan,,candidate_unavailable,ngc_green_skip_rescue,False,9.21034037197618,13.815510557964274,ngc_certified_ris_only,nan,nan,,decoupled_robust,legacy_multistart,0.0
fig5,force_rescue,16,1080178429,5.0,snr_db,5.0,3,3,3,3,full_6d,1080178429,,,nan,,False,,130.62902148417197,4.770389367146635e-05,4.770389367146635e-05,5.914795579570183e-07,3.9782346523959287e-05,5.602927821360897e-13,0.1520830700854816,False,direct_vp_rollback,global_exact_spherical_vp,main_single_proposed,True,754189d62feaf2d9,adaptive_jones,cpu,False,,legacy_least_squares,cpu,explicit,,legacy_least_squares_numerical,False,,,0,0,,,,,,,,fixed_pol_anchor,True,fixed_anchor_then_adaptive_jones_score_selection,fixed_pol_anchor,0.4989858484970372,62.849634158085756,21.410140379539087,0.0,True,3,4,3101124.588407523,nan,"[0.8818011320344662,62.849634158085756,0.4989858484970372]","[1.1340425450486176,0.015910991580664564,2.004064850759868]",,jnpp_then_vp,"[""poor_clock_consistency""]",3100975.130332094,3096560,False,27169539.880447596,87.54029756172447,12.193516324703774,0.10401223821435952,"[5.021436611416654,5.1870534779943895,4.936579467524776]",36.815557022811845,50.928432221058756,88.65842599677853,nan,nan,nan,nan,nan,nan,nan,,,nan,nan,nan,nan,nan,nan,nan,nan,nan,,,,nan,nan,nan,nan,nan,,False,,nan,,,nan,nan,nan,,,,,,,,4.770389367146635e-05,5.914795579570183e-07,0.1520830700854816,4.769989237603894e-05,5.914786108692688e-07,0.15208307008548164,True,rollback,existing_selector_rollback,"[0.8818011320344662,62.849634158085756,0.4989858484970372]","[1.1340425450486176,0.015910991580664564,2.004064850759868]",,"[0.8818011320896713,62.84963424973906,0.49898584849840644]","[1.134042544977621,0.015910991557461646,2.004064850754369]",,27169539.880447596,87.54029756172447,27169540.020939317,87.54029695527905,ris_only_stage2_then_vp,jnpp_then_vp,True,"[""poor_clock_consistency""]",False,1.0,nan,nan,,,nan,nan,nan,False,nan,,,False,,nan,nan,,,nan,nan,nan,False,nan,,,,False,nan,nan,force_ris_only,0.0007033377359349894,0.028564563446343588,3,decoupled_robust,legacy_multistart,0.0
fig5,oracle_init_vp,16,1080178429,5.0,snr_db,5.0,3,3,3,3,full_6d,1080178429,,,nan,,False,,30.866016944870353,4.770056163329143e-05,4.770056163329143e-05,5.914784090572263e-07,3.978107457473242e-05,5.602913948710362e-13,0.152083070085481,False,oracle_init_vp,global_exact_spherical_vp,,False,,adaptive_jones,cupy,True,0,cupy,cupy.linalg.solve,explicit,matrix_free,analytic_reduced_vp_explicit_gradient,False,matrix_free_cpu_only_gpu_backend,,0,0,0,0,,,,,,fixed_pol_anchor,False,,fixed_pol_anchor,nan,nan,nan,nan,False,3,4,3096725.458075429,3096763.0012551746,"[0.8830538570610555,62.93892113799188,0.499694729458221]","[1.1324337604132966,0.01588841978629707,2.0012218281423944]","[7.897292245967686e-08,2.926873331372344e-09,3.015555065448915e-08]",oracle_init_vp,"[""oracle_truth_initialization""]",nan,,,nan,nan,nan,nan,,0.0,30.864970701979473,30.864970701979473,nan,nan,nan,nan,nan,nan,nan,,,nan,nan,nan,nan,nan,nan,nan,nan,nan,,,,nan,nan,nan,nan,nan,,False,,nan,,,nan,nan,nan,,,,,,,,nan,nan,nan,nan,nan,nan,False,,,,,,,,,nan,nan,nan,nan,,,,[],False,nan,nan,nan,,,nan,nan,nan,False,nan,,,False,,nan,nan,,,nan,nan,nan,False,nan,,,,False,nan,nan,,nan,nan,,,legacy_multistart,
fig5,direct_vp,19,3846521747,5.0,snr_db,5.0,3,3,3,3,full_6d,3846521747,,,nan,,False,,58.20748824905604,0.00040613424176738665,0.00040613424176738665,2.159912054298795e-06,0.00012186898302299069,1.2825169091003895e-13,0.03748198917125246,False,direct_vp,global_exact_spherical_vp,proposed_post_stage1,False,1fd717aac410ffc6,adaptive_jones,cpu,False,,legacy_least_squares,cpu,explicit,,legacy_least_squares_numerical,False,,,0,0,,,,,,,,fixed_pol_anchor,True,fixed_anchor_then_adaptive_jones_score_selection,fixed_pol_anchor,0.5905105009596737,1.5108283026891145,1.1136444803497298,0.0,True,3,4,3095370.7697392874,nan,"[1.2395946374004019,0.5905105009596737,1.5108283026891145]","[0.806715332437946,1.6934499867051476,0.661888580071339]",,direct_vp,[],3095221.3116638586,3096560,True,20977875.905086227,80.88890950074001,29.642693174316523,0.07113441514757715,"[5.017924928494,4.966518974202304,5.136404278560142]",42.20431853714399,52.76945345499553,95.94030723208562,nan,nan,nan,nan,nan,nan,nan,,,nan,nan,nan,nan,nan,nan,nan,nan,nan,,,,nan,nan,nan,nan,nan,,False,,nan,,,nan,nan,nan,,,,,,,,0.00040613424176738665,2.159912054298795e-06,0.03748198917125246,nan,nan,nan,False,not_run,not_requested,"[1.2395946374004019,0.5905105009596737,1.5108283026891145]","[0.806715332437946,1.6934499867051476,0.661888580071339]",,,,,20977875.905086227,80.88890950074001,nan,nan,direct_vp,direct_vp,False,[],False,1.0,nan,nan,,,nan,nan,nan,False,nan,,,False,,nan,nan,,,nan,nan,nan,False,nan,,,,False,nan,nan,reliability_gated,nan,nan,,decoupled_robust,legacy_multistart,0.0
fig5,old_gated,19,3846521747,5.0,snr_db,5.0,3,3,3,3,full_6d,3846521747,,,nan,,False,,71.08982126088813,0.00040613424176738665,0.00040613424176738665,2.159912054298795e-06,0.00012186898302299069,1.2825169091003895e-13,0.03748198917125246,False,direct_vp,global_exact_spherical_vp,main_single_proposed,True,9cb5793b68b6eb69,adaptive_jones,cpu,False,,legacy_least_squares,cpu,explicit,,legacy_least_squares_numerical,False,,,0,0,,,,,,,,fixed_pol_anchor,True,fixed_anchor_then_adaptive_jones_score_selection,fixed_pol_anchor,0.5905105009596737,1.5108283026891145,1.1136444803497298,0.0,True,3,4,3095370.7697392874,nan,"[1.2395946374004019,0.5905105009596737,1.5108283026891145]","[0.806715332437946,1.6934499867051476,0.661888580071339]",,direct_vp,[],3095221.3116638586,3096560,True,20977875.905086227,80.88890950074001,29.642693174316523,0.07113441514757715,"[5.017924928494,4.966518974202304,5.136404278560142]",42.20431853714399,64.6668123609852,107.83766613807529,nan,nan,nan,nan,nan,nan,nan,,,nan,nan,nan,nan,nan,nan,nan,nan,nan,,,,nan,nan,nan,nan,nan,,False,,nan,,,nan,nan,nan,,,,,,,,0.00040613424176738665,2.159912054298795e-06,0.03748198917125246,nan,nan,nan,False,not_run,not_requested,"[1.2395946374004019,0.5905105009596737,1.5108283026891145]","[0.806715332437946,1.6934499867051476,0.661888580071339]",,,,,20977875.905086227,80.88890950074001,nan,nan,direct_vp,direct_vp,False,[],False,1.0,nan,nan,,,nan,nan,nan,False,nan,,,False,,nan,nan,,,nan,nan,nan,False,nan,,,,False,nan,nan,reliability_gated_ris_only,nan,nan,,decoupled_robust,legacy_multistart,0.0
fig5,adaptive_jones_vp_proposed,19,3846521747,5.0,snr_db,5.0,3,3,3,3,full_6d,3846521747,,,nan,,False,,78.54401371302083,0.00040613424176738665,0.00040613424176738665,2.159912054298795e-06,0.00012186898302299069,1.2825169091003895e-13,0.03748198917125246,False,direct_vp,global_exact_spherical_vp,main_single_proposed,True,546690c6ae7d1f1b,adaptive_jones,cpu,False,,legacy_least_squares,cpu,explicit,,legacy_least_squares_numerical,False,,,0,0,,,,,,,,fixed_pol_anchor,True,fixed_anchor_then_adaptive_jones_score_selection,fixed_pol_anchor,0.5905105009596737,1.5108283026891145,1.1136444803497298,0.0,True,3,4,3095370.7697392874,nan,"[1.2395946374004019,0.5905105009596737,1.5108283026891145]","[0.806715332437946,1.6934499867051476,0.661888580071339]",,direct_vp,[],3095221.3116638586,3096560,True,20977875.905086227,80.88890950074001,29.642693174316523,0.07113441514757715,"[5.017924928494,4.966518974202304,5.136404278560142]",42.20431853714399,71.48961741896346,114.66047119605355,nan,nan,nan,nan,nan,nan,nan,,,nan,nan,nan,nan,nan,nan,nan,nan,nan,,,,nan,nan,nan,nan,nan,,False,,nan,,,nan,nan,nan,,,,,,,,0.00040613424176738665,2.159912054298795e-06,0.03748198917125246,nan,nan,nan,False,not_run,not_requested,"[1.2395946374004019,0.5905105009596737,1.5108283026891145]","[0.806715332437946,1.6934499867051476,0.661888580071339]",,,,,20977875.905086227,80.88890950074001,nan,nan,direct_vp,direct_vp,False,[],True,1.0,0.00023525836861860213,0.00023525836861860213,2,data_only_efim_tau_crb,0.004427738028785147,3.573338273902287e-05,3.573338273902287e-05,True,0.000270991751357625,green,clock_green,False,ngc_green_skip_rescue,nan,nan,2,,nan,nan,nan,False,nan,,candidate_unavailable,ngc_green_skip_rescue,False,9.21034037197618,13.815510557964274,ngc_certified_ris_only,nan,nan,,decoupled_robust,legacy_multistart,0.0
fig5,force_rescue,19,3846521747,5.0,snr_db,5.0,3,3,3,3,full_6d,3846521747,,,nan,,False,,172.12655110983178,0.00040613424176738665,0.00040613424176738665,2.159912054298795e-06,0.00012186898302299069,1.2825169091003895e-13,0.03748198917125246,False,direct_vp_rollback,global_exact_spherical_vp,main_single_proposed,True,b5292a5fe06106df,adaptive_jones,cpu,False,,legacy_least_squares,cpu,explicit,,legacy_least_squares_numerical,False,,,0,0,,,,,,,,fixed_pol_anchor,True,fixed_anchor_then_adaptive_jones_score_selection,fixed_pol_anchor,0.5905105009596737,1.5108283026891145,1.1136444803497298,0.0,True,3,4,3095370.7697392874,nan,"[1.2395946374004019,0.5905105009596737,1.5108283026891145]","[0.806715332437946,1.6934499867051476,0.661888580071339]",,jnpp_then_vp,[],3095221.3116638586,3096560,True,20977875.905086227,80.88890950074001,29.642693174316523,0.07113441514757715,"[5.017924928494,4.966518974202304,5.136404278560142]",42.20431853714399,70.08771471399814,113.25856849108823,nan,nan,nan,nan,nan,nan,nan,,,nan,nan,nan,nan,nan,nan,nan,nan,nan,,,,nan,nan,nan,nan,nan,,False,,nan,,,nan,nan,nan,,,,,,,,0.00040613424176738665,2.159912054298795e-06,0.03748198917125246,0.0004061301122514451,2.1599020118008193e-06,0.03748198917125223,True,rollback,existing_selector_rollback,"[1.2395946374004019,0.5905105009596737,1.5108283026891145]","[0.806715332437946,1.6934499867051476,0.661888580071339]",,"[1.2395946377657765,0.590510500857818,1.5108283026163958]","[0.806715332200164,1.6934499869972466,0.6618885801031968]",,20977875.905086227,80.88890950074001,20977875.522955738,80.88891110396891,direct_vp,direct_vp,False,[],False,1.0,nan,nan,,,nan,nan,nan,False,nan,,,False,,nan,nan,,,nan,nan,nan,False,nan,,,,False,nan,nan,force_ris_only,0.0004920673962719404,0.005666734848395243,3,decoupled_robust,legacy_multistart,0.0
fig5,oracle_init_vp,19,3846521747,5.0,snr_db,5.0,3,3,3,3,full_6d,3846521747,,,nan,,False,,43.81445166305639,0.00040614063130781954,0.00040614063130781954,2.1599187509800407e-06,0.0001218679086266624,1.2825311551446712e-13,0.037481989171252054,False,oracle_init_vp,global_exact_spherical_vp,,False,,adaptive_jones,cupy,True,0,cupy,cupy.linalg.solve,explicit,matrix_free,analytic_reduced_vp_explicit_gradient,False,matrix_free_cpu_only_gpu_backend,,0,0,0,0,,,,,,fixed_pol_anchor,False,,fixed_pol_anchor,nan,nan,nan,nan,False,3,4,3096725.458075429,3096776.602074362,"[1.2390523403393296,0.590252164767728,1.510167346420546]","[0.8070684082037235,1.6941911604727835,0.662178269427376]","[1.4591294092777932e-08,2.6215472399938313e-09,3.074036795032733e-07]",oracle_init_vp,"[""oracle_truth_initialization""]",nan,,,nan,nan,nan,nan,,0.0,43.812929139938205,43.812929139938205,nan,nan,nan,nan,nan,nan,nan,,,nan,nan,nan,nan,nan,nan,nan,nan,nan,,,,nan,nan,nan,nan,nan,,False,,nan,,,nan,nan,nan,,,,,,,,nan,nan,nan,nan,nan,nan,False,,,,,,,,,nan,nan,nan,nan,,,,[],False,nan,nan,nan,,,nan,nan,nan,False,nan,,,False,,nan,nan,,,nan,nan,nan,False,nan,,,,False,nan,nan,,nan,nan,,,legacy_multistart,
fig5,direct_vp,3,3422926171,5.0,snr_db,5.0,3,3,3,3,full_6d,3422926171,,,nan,,False,,172.90440056705847,0.00028976913919818596,0.00028976913919818596,3.612303582249843e-06,0.00013404135289472177,7.11612431151442e-13,0.08795708669945836,False,direct_vp,global_exact_spherical_vp,proposed_post_stage1,False,faed5641ebb8938a,adaptive_jones,cpu,False,,legacy_least_squares,cpu,explicit,,legacy_least_squares_numerical,False,,,0,0,,,,,,,,fixed_pol_anchor,True,fixed_anchor_then_adaptive_jones_score_selection,fixed_pol_anchor,0.7769943657596486,2.803099275620612,1.4725214018642532,0.0,True,3,10,4119228.348654856,4124968.2699292656,"[2.803099275620612,0.7769943657596486,0.837470564212499]","[0.3567479784588774,1.2870106194676805,1.1940718190370012]","[1.8919944040754608e-06,1.8663008618977934e-07,6.63794135357651e-08]",direct_vp,[],3097490.0766403438,3096560,True,27061120.752297603,79.29070606495253,31.471965174567252,0.036852097819051056,"[4.962353123734968,4.962094215079015,5.040398452657238]",44.681907730177045,165.83070492488332,211.45733564114198,nan,nan,nan,nan,nan,nan,nan,,,nan,nan,nan,nan,nan,nan,nan,nan,nan,,,,nan,nan,nan,nan,nan,,False,,nan,,,nan,nan,nan,,,,,,,,0.00028976913919818596,3.612303582249843e-06,0.08795708669945836,nan,nan,nan,False,not_run,not_requested,"[2.803099275620612,0.7769943657596486,0.837470564212499]","[0.3567479784588774,1.2870106194676805,1.1940718190370012]","[1.8919944040754608e-06,1.8663008618977934e-07,6.63794135357651e-08]",,,,27061120.752297603,79.29070606495253,nan,nan,direct_vp,direct_vp,False,[],False,1.0,nan,nan,,,nan,nan,nan,False,nan,,,False,,nan,nan,,,nan,nan,nan,False,nan,,,,False,nan,nan,reliability_gated,nan,nan,,decoupled_robust,legacy_multistart,0.0
fig5,old_gated,3,3422926171,5.0,snr_db,5.0,3,3,3,3,full_6d,3422926171,,,nan,,False,,168.6513404471334,0.00028976913919818596,0.00028976913919818596,3.612303582249843e-06,0.00013404135289472177,7.11612431151442e-13,0.08795708669945836,False,direct_vp,global_exact_spherical_vp,main_single_proposed,True,973a631055d9b351,adaptive_jones,cpu,False,,legacy_least_squares,cpu,explicit,,legacy_least_squares_numerical,False,,,0,0,,,,,,,,fixed_pol_anchor,True,fixed_anchor_then_adaptive_jones_score_selection,fixed_pol_anchor,0.7769943657596486,2.803099275620612,1.4725214018642532,0.0,True,3,10,4119228.348654856,4124968.2699292656,"[2.803099275620612,0.7769943657596486,0.837470564212499]","[0.3567479784588774,1.2870106194676805,1.1940718190370012]","[1.8919944040754608e-06,1.8663008618977934e-07,6.63794135357651e-08]",direct_vp,[],3097490.0766403438,3096560,True,27061120.752297603,79.29070606495253,31.471965174567252,0.036852097819051056,"[4.962353123734968,4.962094215079015,5.040398452657238]",44.681907730177045,162.0587708100211,207.68540152627975,nan,nan,nan,nan,nan,nan,nan,,,nan,nan,nan,nan,nan,nan,nan,nan,nan,,,,nan,nan,nan,nan,nan,,False,,nan,,,nan,nan,nan,,,,,,,,0.00028976913919818596,3.612303582249843e-06,0.08795708669945836,nan,nan,nan,False,not_run,not_requested,"[2.803099275620612,0.7769943657596486,0.837470564212499]","[0.3567479784588774,1.2870106194676805,1.1940718190370012]","[1.8919944040754608e-06,1.8663008618977934e-07,6.63794135357651e-08]",,,,27061120.752297603,79.29070606495253,nan,nan,direct_vp,direct_vp,False,[],False,1.0,nan,nan,,,nan,nan,nan,False,nan,,,False,,nan,nan,,,nan,nan,nan,False,nan,,,,False,nan,nan,reliability_gated_ris_only,nan,nan,,decoupled_robust,legacy_multistart,0.0
fig5,adaptive_jones_vp_proposed,3,3422926171,5.0,snr_db,5.0,3,3,3,3,full_6d,3422926171,,,nan,,False,,148.61310258181766,0.00028976913919818596,0.00028976913919818596,3.612303582249843e-06,0.00013404135289472177,7.11612431151442e-13,0.08795708669945836,False,direct_vp,global_exact_spherical_vp,main_single_proposed,True,1544315fc6f754ad,adaptive_jones,cpu,False,,legacy_least_squares,cpu,explicit,,legacy_least_squares_numerical,False,,,0,0,,,,,,,,fixed_pol_anchor,True,fixed_anchor_then_adaptive_jones_score_selection,fixed_pol_anchor,0.7769943657596486,2.803099275620612,1.4725214018642532,0.0,True,3,10,4119228.348654856,4124968.2699292656,"[2.803099275620612,0.7769943657596486,0.837470564212499]","[0.3567479784588774,1.2870106194676805,1.1940718190370012]","[1.8919944040754608e-06,1.8663008618977934e-07,6.63794135357651e-08]",direct_vp,[],3097490.0766403438,3096560,True,27061120.752297603,79.29070606495253,31.471965174567252,0.036852097819051056,"[4.962353123734968,4.962094215079015,5.040398452657238]",44.681907730177045,143.93438714905642,189.56101786531508,nan,nan,nan,nan,nan,nan,nan,,,nan,nan,nan,nan,nan,nan,nan,nan,nan,,,,nan,nan,nan,nan,nan,,False,,nan,,,nan,nan,nan,,,,,,,,0.00028976913919818596,3.612303582249843e-06,0.08795708669945836,nan,nan,nan,False,not_run,not_requested,"[2.803099275620612,0.7769943657596486,0.837470564212499]","[0.3567479784588774,1.2870106194676805,1.1940718190370012]","[1.8919944040754608e-06,1.8663008618977934e-07,6.63794135357651e-08]",,,,27061120.752297603,79.29070606495253,nan,nan,direct_vp,direct_vp,False,[],True,1.0,0.005741799337555062,0.005741799337555062,2,data_only_efim_tau_crb,0.02187426063046677,1.4657102609096196e-05,1.4657102609096196e-05,True,0.005756456440164158,green,clock_green,False,ngc_green_skip_rescue,nan,nan,2,,nan,nan,nan,False,nan,,candidate_unavailable,ngc_green_skip_rescue,False,9.21034037197618,13.815510557964274,ngc_certified_ris_only,nan,nan,,decoupled_robust,legacy_multistart,0.0
fig5,force_rescue,3,3422926171,5.0,snr_db,5.0,3,3,3,3,full_6d,3422926171,,,nan,,False,,250.279488947941,0.00028976913919818596,0.00028976913919818596,3.612303582249843e-06,0.00013404135289472177,7.11612431151442e-13,0.08795708669945836,False,direct_vp_rollback,global_exact_spherical_vp,main_single_proposed,True,f064f59bebeaade6,adaptive_jones,cpu,False,,legacy_least_squares,cpu,explicit,,legacy_least_squares_numerical,False,,,0,0,,,,,,,,fixed_pol_anchor,True,fixed_anchor_then_adaptive_jones_score_selection,fixed_pol_anchor,0.7769943657596486,2.803099275620612,1.4725214018642532,0.0,True,3,10,4119228.348654856,4124968.2699292656,"[2.803099275620612,0.7769943657596486,0.837470564212499]","[0.3567479784588774,1.2870106194676805,1.1940718190370012]","[1.8919944040754608e-06,1.8663008618977934e-07,6.63794135357651e-08]",jnpp_then_vp,[],3097490.0766403438,3096560,True,27061120.752297603,79.29070606495253,31.471965174567252,0.036852097819051056,"[4.962353123734968,4.962094215079015,5.040398452657238]",44.681907730177045,124.51962239784189,170.14625311410055,nan,nan,nan,nan,nan,nan,nan,,,nan,nan,nan,nan,nan,nan,nan,nan,nan,,,,nan,nan,nan,nan,nan,,False,,nan,,,nan,nan,nan,,,,,,,,0.00028976913919818596,3.612303582249843e-06,0.08795708669945836,0.00028976842185300645,3.612304012237732e-06,0.08795708669945848,True,rollback,existing_selector_rollback,"[2.803099275620612,0.7769943657596486,0.837470564212499]","[0.3567479784588774,1.2870106194676805,1.1940718190370012]","[1.8919944040754608e-06,1.8663008618977934e-07,6.63794135357651e-08]","[2.803099262109809,0.7769943658097993,0.8374705648440924]","[0.35674798017838544,1.2870106193846111,1.1940718181364707]","[1.8658833594783723e-06,1.6805512582561422e-07,7.553208111927229e-08]",27061120.752297603,79.29070606495253,27061120.689223837,79.29070620674345,direct_vp,direct_vp,False,[],False,1.0,nan,nan,,,nan,nan,nan,False,nan,,,False,,nan,nan,,,nan,nan,nan,False,nan,,,,False,nan,nan,force_ris_only,0.7000002119551026,0.020650566031220282,3,decoupled_robust,legacy_multistart,0.0
fig5,oracle_init_vp,3,3422926171,5.0,snr_db,5.0,3,3,3,3,full_6d,3422926171,,,nan,,False,,31.082765927072614,0.00028976201581879603,0.00028976201581879603,3.612297115609294e-06,0.0001340402095719232,7.116142748481649e-13,0.08795708669945795,False,oracle_init_vp,global_exact_spherical_vp,,False,,adaptive_jones,cupy,True,0,cupy,cupy.linalg.solve,explicit,matrix_free,analytic_reduced_vp_explicit_gradient,False,matrix_free_cpu_only_gpu_backend,,0,0,0,0,,,,,,fixed_pol_anchor,False,,fixed_pol_anchor,nan,nan,nan,nan,False,3,4,3096725.458075429,3096780.9349932987,"[2.7677859387620827,0.7682587677638127,0.6666217095718959]","[0.361299617138922,1.3016447608010424,1.5001011602840428]","[7.895918074470006e-07,5.768945184861212e-07,1.3808470490633917e-07]",oracle_init_vp,"[""oracle_truth_initialization""]",nan,,,nan,nan,nan,nan,,0.0,31.080652113072574,31.080652113072574,nan,nan,nan,nan,nan,nan,nan,,,nan,nan,nan,nan,nan,nan,nan,nan,nan,,,,nan,nan,nan,nan,nan,,False,,nan,,,nan,nan,nan,,,,,,,,nan,nan,nan,nan,nan,nan,False,,,,,,,,,nan,nan,nan,nan,,,,[],False,nan,nan,nan,,,nan,nan,nan,False,nan,,,False,,nan,nan,,,nan,nan,nan,False,nan,,,,False,nan,nan,,nan,nan,,,legacy_multistart,
fig5,direct_vp,4,287230138,10.0,snr_db,10.0,3,3,3,3,full_6d,287230138,,,nan,,False,,58.46106091886759,0.00010673074267254712,0.00010673074267254712,4.5719918299572533e-07,8.273590856146727e-05,8.966163851520809e-14,0.049430920104639044,False,direct_vp,global_exact_spherical_vp,proposed_post_stage1,False,031873ef3f2599f0,adaptive_jones,cpu,False,,legacy_least_squares,cpu,explicit,,legacy_least_squares_numerical,False,,,0,0,,,,,,,,fixed_pol_anchor,True,fixed_anchor_then_adaptive_jones_score_selection,fixed_pol_anchor,0.20035967964372497,1.4215353306517742,0.6175382140478027,0.0,True,3,4,3096418.307009507,nan,"[1.4215353306517742,0.230719631847909,0.20035967964372497]","[0.7034647528177005,4.334264891073387,4.9910241510566244]",,direct_vp,[],3096268.848934078,3096560,True,92244171.87120278,76.14377538421867,49.79698025231723,0.016363856055126153,"[4.971683064572148,4.995046175766584,5.011571264935367]",31.64139497303404,53.18408657889813,86.14152790093794,nan,nan,nan,nan,nan,nan,nan,,,nan,nan,nan,nan,nan,nan,nan,nan,nan,,,,nan,nan,nan,nan,nan,,False,,nan,,,nan,nan,nan,,,,,,,,0.00010673074267254712,4.5719918299572533e-07,0.049430920104639044,nan,nan,nan,False,not_run,not_requested,"[1.4215353306517742,0.230719631847909,0.20035967964372497]","[0.7034647528177005,4.334264891073387,4.9910241510566244]",,,,,92244171.87120278,76.14377538421867,nan,nan,direct_vp,direct_vp,False,[],False,1.0,nan,nan,,,nan,nan,nan,False,nan,,,False,,nan,nan,,,nan,nan,nan,False,nan,,,,False,nan,nan,reliability_gated,nan,nan,,decoupled_robust,legacy_multistart,0.0
fig5,old_gated,4,287230138,10.0,snr_db,10.0,3,3,3,3,full_6d,287230138,,,nan,,False,,52.48649550997652,0.00010673074267254712,0.00010673074267254712,4.5719918299572533e-07,8.273590856146727e-05,8.966163851520809e-14,0.049430920104639044,False,direct_vp,global_exact_spherical_vp,main_single_proposed,True,cde0848595787e17,adaptive_jones,cpu,False,,legacy_least_squares,cpu,explicit,,legacy_least_squares_numerical,False,,,0,0,,,,,,,,fixed_pol_anchor,True,fixed_anchor_then_adaptive_jones_score_selection,fixed_pol_anchor,0.20035967964372497,1.4215353306517742,0.6175382140478027,0.0,True,3,4,3096418.307009507,nan,"[1.4215353306517742,0.230719631847909,0.20035967964372497]","[0.7034647528177005,4.334264891073387,4.9910241510566244]",,direct_vp,[],3096268.848934078,3096560,True,92244171.87120278,76.14377538421867,49.79698025231723,0.016363856055126153,"[4.971683064572148,4.995046175766584,5.011571264935367]",31.64139497303404,48.40427161101252,81.36171293305233,nan,nan,nan,nan,nan,nan,nan,,,nan,nan,nan,nan,nan,nan,nan,nan,nan,,,,nan,nan,nan,nan,nan,,False,,nan,,,nan,nan,nan,,,,,,,,0.00010673074267254712,4.5719918299572533e-07,0.049430920104639044,nan,nan,nan,False,not_run,not_requested,"[1.4215353306517742,0.230719631847909,0.20035967964372497]","[0.7034647528177005,4.334264891073387,4.9910241510566244]",,,,,92244171.87120278,76.14377538421867,nan,nan,direct_vp,direct_vp,False,[],False,1.0,nan,nan,,,nan,nan,nan,False,nan,,,False,,nan,nan,,,nan,nan,nan,False,nan,,,,False,nan,nan,reliability_gated_ris_only,nan,nan,,decoupled_robust,legacy_multistart,0.0
fig5,adaptive_jones_vp_proposed,4,287230138,10.0,snr_db,10.0,3,3,3,3,full_6d,287230138,,,nan,,False,,45.18938824115321,0.00010673074267254712,0.00010673074267254712,4.5719918299572533e-07,8.273590856146727e-05,8.966163851520809e-14,0.049430920104639044,False,direct_vp,global_exact_spherical_vp,main_single_proposed,True,44dad8bd644e4627,adaptive_jones,cpu,False,,legacy_least_squares,cpu,explicit,,legacy_least_squares_numerical,False,,,0,0,,,,,,,,fixed_pol_anchor,True,fixed_anchor_then_adaptive_jones_score_selection,fixed_pol_anchor,0.20035967964372497,1.4215353306517742,0.6175382140478027,0.0,True,3,4,3096418.307009507,nan,"[1.4215353306517742,0.230719631847909,0.20035967964372497]","[0.7034647528177005,4.334264891073387,4.9910241510566244]",,direct_vp,[],3096268.848934078,3096560,True,92244171.87120278,76.14377538421867,49.79698025231723,0.016363856055126153,"[4.971683064572148,4.995046175766584,5.011571264935367]",31.64139497303404,40.9656157840509,73.92305710609071,nan,nan,nan,nan,nan,nan,nan,,,nan,nan,nan,nan,nan,nan,nan,nan,nan,,,,nan,nan,nan,nan,nan,,False,,nan,,,nan,nan,nan,,,,,,,,0.00010673074267254712,4.5719918299572533e-07,0.049430920104639044,nan,nan,nan,False,not_run,not_requested,"[1.4215353306517742,0.230719631847909,0.20035967964372497]","[0.7034647528177005,4.334264891073387,4.9910241510566244]",,,,,92244171.87120278,76.14377538421867,nan,nan,direct_vp,direct_vp,False,[],True,1.0,0.0002333314810294503,0.0002333314810294503,2,data_only_efim_tau_crb,0.004409568015779723,4.802928984813973e-06,4.802928984813973e-06,True,0.00023813441001426427,green,clock_green,False,ngc_green_skip_rescue,nan,nan,2,,nan,nan,nan,False,nan,,candidate_unavailable,ngc_green_skip_rescue,False,9.21034037197618,13.815510557964274,ngc_certified_ris_only,nan,nan,,decoupled_robust,legacy_multistart,0.0
fig5,force_rescue,4,287230138,10.0,snr_db,10.0,3,3,3,3,full_6d,287230138,,,nan,,False,,107.49017119803466,0.00010673074267254712,0.00010673074267254712,4.5719918299572533e-07,8.273590856146727e-05,8.966163851520809e-14,0.049430920104639044,False,direct_vp_rollback,global_exact_spherical_vp,main_single_proposed,True,2226f59b2a68274f,adaptive_jones,cpu,False,,legacy_least_squares,cpu,explicit,,legacy_least_squares_numerical,False,,,0,0,,,,,,,,fixed_pol_anchor,True,fixed_anchor_then_adaptive_jones_score_selection,fixed_pol_anchor,0.20035967964372497,1.4215353306517742,0.6175382140478027,0.0,True,3,4,3096418.307009507,nan,"[1.4215353306517742,0.230719631847909,0.20035967964372497]","[0.7034647528177005,4.334264891073387,4.9910241510566244]",,jnpp_then_vp,[],3096268.848934078,3096560,True,92244171.87120278,76.14377538421867,49.79698025231723,0.016363856055126153,"[4.971683064572148,4.995046175766584,5.011571264935367]",31.64139497303404,42.02889472595416,74.98633604799397,nan,nan,nan,nan,nan,nan,nan,,,nan,nan,nan,nan,nan,nan,nan,nan,nan,,,,nan,nan,nan,nan,nan,,False,,nan,,,nan,nan,nan,,,,,,,,0.00010673074267254712,4.5719918299572533e-07,0.049430920104639044,0.00010673213515775178,4.572010755449335e-07,0.04943092010463868,True,rollback,existing_selector_rollback,"[1.4215353306517742,0.230719631847909,0.20035967964372497]","[0.7034647528177005,4.334264891073387,4.9910241510566244]",,"[1.4215353307221972,0.23071963184840785,0.20035967964995247]","[0.7034647527828508,4.334264891064016,4.991024150901495]",,92244171.87120278,76.14377538421867,92244172.00097346,76.14377528908258,direct_vp,direct_vp,False,[],False,1.0,nan,nan,,,nan,nan,nan,False,nan,,,False,,nan,nan,,,nan,nan,nan,False,nan,,,,False,nan,nan,force_ris_only,0.0002175237340608427,0.0033350646803103575,3,decoupled_robust,legacy_multistart,0.0
fig5,oracle_init_vp,4,287230138,10.0,snr_db,10.0,3,3,3,3,full_6d,287230138,,,nan,,False,,42.94565573800355,0.00010673165593648555,0.00010673165593648555,4.572002089772636e-07,8.273614400396214e-05,8.966213865967559e-14,0.04943092010463884,False,oracle_init_vp,global_exact_spherical_vp,,False,,adaptive_jones,cupy,True,0,cupy,cupy.linalg.solve,explicit,matrix_free,analytic_reduced_vp_explicit_gradient,False,matrix_free_cpu_only_gpu_backend,,0,0,0,0,,,,,,fixed_pol_anchor,False,,fixed_pol_anchor,nan,nan,nan,nan,False,3,4,3096725.458075429,3096792.0150618204,"[1.421394327848915,0.23069674664128176,0.20033980586148337]","[0.7035345367614779,4.33469485182946,4.991519262483503]","[3.0964611305978236e-08,5.360571528546559e-08,1.8940517714503438e-08]",oracle_init_vp,"[""oracle_truth_initialization""]",nan,,,nan,nan,nan,nan,,0.0,42.9440563370008,42.9440563370008,nan,nan,nan,nan,nan,nan,nan,,,nan,nan,nan,nan,nan,nan,nan,nan,nan,,,,nan,nan,nan,nan,nan,,False,,nan,,,nan,nan,nan,,,,,,,,nan,nan,nan,nan,nan,nan,False,,,,,,,,,nan,nan,nan,nan,,,,[],False,nan,nan,nan,,,nan,nan,nan,False,nan,,,False,,nan,nan,,,nan,nan,nan,False,nan,,,,False,nan,nan,,nan,nan,,,legacy_multistart,
fig5,direct_vp,20,3607282624,5.0,snr_db,5.0,3,3,3,3,full_6d,3607282624,,,nan,,False,,77.81174563686363,7.740526903184721e-05,7.740526903184721e-05,2.1544181119402974e-06,6.815402017671205e-05,1.3909427203592965e-13,0.18082282547596576,False,direct_vp,global_exact_spherical_vp,proposed_post_stage1,False,6f34a49d19903e8b,adaptive_jones,cpu,False,,legacy_least_squares,cpu,explicit,,legacy_least_squares_numerical,False,,,0,0,,,,,,,,fixed_pol_anchor,True,fixed_anchor_then_adaptive_jones_score_selection,fixed_pol_anchor,0.49924642290197196,2.4639688923655774,1.4414490766118249,0.0,True,3,4,3095406.2301007877,nan,"[1.3611319145679253,2.4639688923655774,0.49924642290197196]","[0.7346826485337953,0.40584927963009637,2.0030188582760315]",,direct_vp,[],3095256.772025359,3096560,True,27169370.986835033,65.4535770101993,29.558359368259353,0.025388070528350144,"[4.94351456430424,5.0013321401580315,4.992256140864595]",42.60058422596194,70.73342194291763,114.21119872480631,nan,nan,nan,nan,nan,nan,nan,,,nan,nan,nan,nan,nan,nan,nan,nan,nan,,,,nan,nan,nan,nan,nan,,False,,nan,,,nan,nan,nan,,,,,,,,7.740526903184721e-05,2.1544181119402974e-06,0.18082282547596576,nan,nan,nan,False,not_run,not_requested,"[1.3611319145679253,2.4639688923655774,0.49924642290197196]","[0.7346826485337953,0.40584927963009637,2.0030188582760315]",,,,,27169370.986835033,65.4535770101993,nan,nan,direct_vp,direct_vp,False,[],False,1.0,nan,nan,,,nan,nan,nan,False,nan,,,False,,nan,nan,,,nan,nan,nan,False,nan,,,,False,nan,nan,reliability_gated,nan,nan,,decoupled_robust,legacy_multistart,0.0
fig5,old_gated,20,3607282624,5.0,snr_db,5.0,3,3,3,3,full_6d,3607282624,,,nan,,False,,77.88851465890184,7.740526903184721e-05,7.740526903184721e-05,2.1544181119402974e-06,6.815402017671205e-05,1.3909427203592965e-13,0.18082282547596576,False,direct_vp,global_exact_spherical_vp,main_single_proposed,True,624f455bae292d01,adaptive_jones,cpu,False,,legacy_least_squares,cpu,explicit,,legacy_least_squares_numerical,False,,,0,0,,,,,,,,fixed_pol_anchor,True,fixed_anchor_then_adaptive_jones_score_selection,fixed_pol_anchor,0.49924642290197196,2.4639688923655774,1.4414490766118249,0.0,True,3,4,3095406.2301007877,nan,"[1.3611319145679253,2.4639688923655774,0.49924642290197196]","[0.7346826485337953,0.40584927963009637,2.0030188582760315]",,direct_vp,[],3095256.772025359,3096560,True,27169370.986835033,65.4535770101993,29.558359368259353,0.025388070528350144,"[4.94351456430424,5.0013321401580315,4.992256140864595]",42.60058422596194,71.17780399997719,114.65558078186586,nan,nan,nan,nan,nan,nan,nan,,,nan,nan,nan,nan,nan,nan,nan,nan,nan,,,,nan,nan,nan,nan,nan,,False,,nan,,,nan,nan,nan,,,,,,,,7.740526903184721e-05,2.1544181119402974e-06,0.18082282547596576,nan,nan,nan,False,not_run,not_requested,"[1.3611319145679253,2.4639688923655774,0.49924642290197196]","[0.7346826485337953,0.40584927963009637,2.0030188582760315]",,,,,27169370.986835033,65.4535770101993,nan,nan,direct_vp,direct_vp,False,[],False,1.0,nan,nan,,,nan,nan,nan,False,nan,,,False,,nan,nan,,,nan,nan,nan,False,nan,,,,False,nan,nan,reliability_gated_ris_only,nan,nan,,decoupled_robust,legacy_multistart,0.0
fig5,adaptive_jones_vp_proposed,20,3607282624,5.0,snr_db,5.0,3,3,3,3,full_6d,3607282624,,,nan,,False,,77.39392990595661,7.740526903184721e-05,7.740526903184721e-05,2.1544181119402974e-06,6.815402017671205e-05,1.3909427203592965e-13,0.18082282547596576,False,direct_vp,global_exact_spherical_vp,main_single_proposed,True,2f55cb83d413414d,adaptive_jones,cpu,False,,legacy_least_squares,cpu,explicit,,legacy_least_squares_numerical,False,,,0,0,,,,,,,,fixed_pol_anchor,True,fixed_anchor_then_adaptive_jones_score_selection,fixed_pol_anchor,0.49924642290197196,2.4639688923655774,1.4414490766118249,0.0,True,3,4,3095406.2301007877,nan,"[1.3611319145679253,2.4639688923655774,0.49924642290197196]","[0.7346826485337953,0.40584927963009637,2.0030188582760315]",,direct_vp,[],3095256.772025359,3096560,True,27169370.986835033,65.4535770101993,29.558359368259353,0.025388070528350144,"[4.94351456430424,5.0013321401580315,4.992256140864595]",42.60058422596194,70.93597531900741,114.41375210089609,nan,nan,nan,nan,nan,nan,nan,,,nan,nan,nan,nan,nan,nan,nan,nan,nan,,,,nan,nan,nan,nan,nan,,False,,nan,,,nan,nan,nan,,,,,,,,7.740526903184721e-05,2.1544181119402974e-06,0.18082282547596576,nan,nan,nan,False,not_run,not_requested,"[1.3611319145679253,2.4639688923655774,0.49924642290197196]","[0.7346826485337953,0.40584927963009637,2.0030188582760315]",,,,,27169370.986835033,65.4535770101993,nan,nan,direct_vp,direct_vp,False,[],True,1.0,4.532084413737806e-06,4.532084413737806e-06,2,data_only_efim_tau_crb,0.0006145516261021666,7.755845375923914e-06,7.755845375923914e-06,True,1.228792978966172e-05,green,clock_green,False,ngc_green_skip_rescue,nan,nan,2,,nan,nan,nan,False,nan,,candidate_unavailable,ngc_green_skip_rescue,False,9.21034037197618,13.815510557964274,ngc_certified_ris_only,nan,nan,,decoupled_robust,legacy_multistart,0.0
fig5,force_rescue,20,3607282624,5.0,snr_db,5.0,3,3,3,3,full_6d,3607282624,,,nan,,False,,164.36502149119042,7.740526903184721e-05,7.740526903184721e-05,2.1544181119402974e-06,6.815402017671205e-05,1.3909427203592965e-13,0.18082282547596576,False,direct_vp_rollback,global_exact_spherical_vp,main_single_proposed,True,116b8ff5a4e6c9ef,adaptive_jones,cpu,False,,legacy_least_squares,cpu,explicit,,legacy_least_squares_numerical,False,,,0,0,,,,,,,,fixed_pol_anchor,True,fixed_anchor_then_adaptive_jones_score_selection,fixed_pol_anchor,0.49924642290197196,2.4639688923655774,1.4414490766118249,0.0,True,3,4,3095406.2301007877,nan,"[1.3611319145679253,2.4639688923655774,0.49924642290197196]","[0.7346826485337953,0.40584927963009637,2.0030188582760315]",,jnpp_then_vp,[],3095256.772025359,3096560,True,27169370.986835033,65.4535770101993,29.558359368259353,0.025388070528350144,"[4.94351456430424,5.0013321401580315,4.992256140864595]",42.60058422596194,70.35128845321015,113.82906523509882,nan,nan,nan,nan,nan,nan,nan,,,nan,nan,nan,nan,nan,nan,nan,nan,nan,,,,nan,nan,nan,nan,nan,,False,,nan,,,nan,nan,nan,,,,,,,,7.740526903184721e-05,2.1544181119402974e-06,0.18082282547596576,7.740578692966653e-05,2.1543484957916363e-06,0.18082282547596595,True,rollback,existing_selector_rollback,"[1.3611319145679253,2.4639688923655774,0.49924642290197196]","[0.7346826485337953,0.40584927963009637,2.0030188582760315]",,"[1.3611319147830094,2.463968890906608,0.4992464227963332]","[0.7346826484177017,0.40584927987040853,2.003018858699863]",,27169370.986835033,65.4535770101993,27169371.283837993,65.45357631178267,direct_vp,direct_vp,False,[],False,1.0,nan,nan,,,nan,nan,nan,False,nan,,,False,,nan,nan,,,nan,nan,nan,False,nan,,,,False,nan,nan,force_ris_only,0.00010617524572351323,0.018579036517995636,3,decoupled_robust,legacy_multistart,0.0
fig5,oracle_init_vp,20,3607282624,5.0,snr_db,5.0,3,3,3,3,full_6d,3607282624,,,nan,,False,,44.913950021145865,7.740486147313719e-05,7.740486147313719e-05,2.1544072785706334e-06,6.815367780376865e-05,1.39097259924052e-13,0.18082282547596493,False,oracle_init_vp,global_exact_spherical_vp,,False,,adaptive_jones,cupy,True,0,cupy,cupy.linalg.solve,explicit,matrix_free,analytic_reduced_vp_explicit_gradient,False,matrix_free_cpu_only_gpu_backend,,0,0,0,0,,,,,,fixed_pol_anchor,False,,fixed_pol_anchor,nan,nan,nan,nan,False,3,4,3096725.458075429,3096771.1622827095,"[1.3605520344075561,2.462919172327604,0.4990337299567809]","[0.734995777235439,0.4060222565292218,2.003872564057156]","[4.04805802651782e-07,2.2611391253796103e-07,1.278693519848567e-07]",oracle_init_vp,"[""oracle_truth_initialization""]",nan,,,nan,nan,nan,nan,,0.0,44.91232475498691,44.91232475498691,nan,nan,nan,nan,nan,nan,nan,,,nan,nan,nan,nan,nan,nan,nan,nan,nan,,,,nan,nan,nan,nan,nan,,False,,nan,,,nan,nan,nan,,,,,,,,nan,nan,nan,nan,nan,nan,False,,,,,,,,,nan,nan,nan,nan,,,,[],False,nan,nan,nan,,,nan,nan,nan,False,nan,,,False,,nan,nan,,,nan,nan,nan,False,nan,,,,False,nan,nan,,nan,nan,,,legacy_multistart,
fig5,direct_vp,3,3422926171,10.0,snr_db,10.0,3,3,3,3,full_6d,3422926171,,,nan,,False,,58.686429196968675,0.00016301744240226608,0.00016301744240226608,1.142367170961098e-06,7.535764469807207e-05,4.001508455689775e-13,0.027814473024448776,False,direct_vp,global_exact_spherical_vp,proposed_post_stage1,False,9c8c806ee7032f77,adaptive_jones,cpu,False,,legacy_least_squares,cpu,explicit,,legacy_least_squares_numerical,False,,,0,0,,,,,,,,fixed_pol_anchor,True,fixed_anchor_then_adaptive_jones_score_selection,fixed_pol_anchor,0.2108125507860041,0.8741613027972528,0.4426109238488527,0.0,True,3,4,3097639.5338393194,nan,"[0.8741613027972528,0.24285891796330109,0.2108125507860041]","[1.1439536351005224,4.11761696208689,4.743550591610124]",,direct_vp,[],3097490.0757638905,3096560,True,85549327.87959662,79.30691472715365,56.839643142146684,0.020636948154893635,"[4.978470152476394,4.9788167165102015,5.022419983594304]",28.53847453300841,53.33049356006086,82.71522034611553,nan,nan,nan,nan,nan,nan,nan,,,nan,nan,nan,nan,nan,nan,nan,nan,nan,,,,nan,nan,nan,nan,nan,,False,,nan,,,nan,nan,nan,,,,,,,,0.00016301744240226608,1.142367170961098e-06,0.027814473024448776,nan,nan,nan,False,not_run,not_requested,"[0.8741613027972528,0.24285891796330109,0.2108125507860041]","[1.1439536351005224,4.11761696208689,4.743550591610124]",,,,,85549327.87959662,79.30691472715365,nan,nan,direct_vp,direct_vp,False,[],False,1.0,nan,nan,,,nan,nan,nan,False,nan,,,False,,nan,nan,,,nan,nan,nan,False,nan,,,,False,nan,nan,reliability_gated,nan,nan,,decoupled_robust,legacy_multistart,0.0
fig5,old_gated,3,3422926171,10.0,snr_db,10.0,3,3,3,3,full_6d,3422926171,,,nan,,False,,57.44630079413764,0.00016301744240226608,0.00016301744240226608,1.142367170961098e-06,7.535764469807207e-05,4.001508455689775e-13,0.027814473024448776,False,direct_vp,global_exact_spherical_vp,main_single_proposed,True,b917e593ccb4b77e,adaptive_jones,cpu,False,,legacy_least_squares,cpu,explicit,,legacy_least_squares_numerical,False,,,0,0,,,,,,,,fixed_pol_anchor,True,fixed_anchor_then_adaptive_jones_score_selection,fixed_pol_anchor,0.2108125507860041,0.8741613027972528,0.4426109238488527,0.0,True,3,4,3097639.5338393194,nan,"[0.8741613027972528,0.24285891796330109,0.2108125507860041]","[1.1439536351005224,4.11761696208689,4.743550591610124]",,direct_vp,[],3097490.0757638905,3096560,True,85549327.87959662,79.30691472715365,56.839643142146684,0.020636948154893635,"[4.978470152476394,4.9788167165102015,5.022419983594304]",28.53847453300841,52.547946417937055,81.93267320399173,nan,nan,nan,nan,nan,nan,nan,,,nan,nan,nan,nan,nan,nan,nan,nan,nan,,,,nan,nan,nan,nan,nan,,False,,nan,,,nan,nan,nan,,,,,,,,0.00016301744240226608,1.142367170961098e-06,0.027814473024448776,nan,nan,nan,False,not_run,not_requested,"[0.8741613027972528,0.24285891796330109,0.2108125507860041]","[1.1439536351005224,4.11761696208689,4.743550591610124]",,,,,85549327.87959662,79.30691472715365,nan,nan,direct_vp,direct_vp,False,[],False,1.0,nan,nan,,,nan,nan,nan,False,nan,,,False,,nan,nan,,,nan,nan,nan,False,nan,,,,False,nan,nan,reliability_gated_ris_only,nan,nan,,decoupled_robust,legacy_multistart,0.0
fig5,adaptive_jones_vp_proposed,3,3422926171,10.0,snr_db,10.0,3,3,3,3,full_6d,3422926171,,,nan,,False,,48.55574507894926,0.00016301744240226608,0.00016301744240226608,1.142367170961098e-06,7.535764469807207e-05,4.001508455689775e-13,0.027814473024448776,False,direct_vp,global_exact_spherical_vp,main_single_proposed,True,0e43daa65abaae15,adaptive_jones,cpu,False,,legacy_least_squares,cpu,explicit,,legacy_least_squares_numerical,False,,,0,0,,,,,,,,fixed_pol_anchor,True,fixed_anchor_then_adaptive_jones_score_selection,fixed_pol_anchor,0.2108125507860041,0.8741613027972528,0.4426109238488527,0.0,True,3,4,3097639.5338393194,nan,"[0.8741613027972528,0.24285891796330109,0.2108125507860041]","[1.1439536351005224,4.11761696208689,4.743550591610124]",,direct_vp,[],3097490.0757638905,3096560,True,85549327.87959662,79.30691472715365,56.839643142146684,0.020636948154893635,"[4.978470152476394,4.9788167165102015,5.022419983594304]",28.53847453300841,43.93452493613586,73.31925172219053,nan,nan,nan,nan,nan,nan,nan,,,nan,nan,nan,nan,nan,nan,nan,nan,nan,,,,nan,nan,nan,nan,nan,,False,,nan,,,nan,nan,nan,,,,,,,,0.00016301744240226608,1.142367170961098e-06,0.027814473024448776,nan,nan,nan,False,not_run,not_requested,"[0.8741613027972528,0.24285891796330109,0.2108125507860041]","[1.1439536351005224,4.11761696208689,4.743550591610124]",,,,,85549327.87959662,79.30691472715365,nan,nan,direct_vp,direct_vp,False,[],True,1.0,0.0017898144217675398,0.0017898144217675398,2,data_only_efim_tau_crb,0.01221274751290477,4.809109502186957e-06,4.809109502186957e-06,True,0.0017946235312697267,green,clock_green,False,ngc_green_skip_rescue,nan,nan,2,,nan,nan,nan,False,nan,,candidate_unavailable,ngc_green_skip_rescue,False,9.21034037197618,13.815510557964274,ngc_certified_ris_only,nan,nan,,decoupled_robust,legacy_multistart,0.0
fig5,force_rescue,3,3422926171,10.0,snr_db,10.0,3,3,3,3,full_6d,3422926171,,,nan,,False,,117.12444162298925,0.00016301744240226608,0.00016301744240226608,1.142367170961098e-06,7.535764469807207e-05,4.001508455689775e-13,0.027814473024448776,False,direct_vp_rollback,global_exact_spherical_vp,main_single_proposed,True,ca1b50b4942bac90,adaptive_jones,cpu,False,,legacy_least_squares,cpu,explicit,,legacy_least_squares_numerical,False,,,0,0,,,,,,,,fixed_pol_anchor,True,fixed_anchor_then_adaptive_jones_score_selection,fixed_pol_anchor,0.2108125507860041,0.8741613027972528,0.4426109238488527,0.0,True,3,4,3097639.5338393194,nan,"[0.8741613027972528,0.24285891796330109,0.2108125507860041]","[1.1439536351005224,4.11761696208689,4.743550591610124]",,jnpp_then_vp,[],3097490.0757638905,3096560,True,85549327.87959662,79.30691472715365,56.839643142146684,0.020636948154893635,"[4.978470152476394,4.9788167165102015,5.022419983594304]",28.53847453300841,51.5476416121237,80.93236839817837,nan,nan,nan,nan,nan,nan,nan,,,nan,nan,nan,nan,nan,nan,nan,nan,nan,,,,nan,nan,nan,nan,nan,,False,,nan,,,nan,nan,nan,,,,,,,,0.00016301744240226608,1.142367170961098e-06,0.027814473024448776,0.00016301988907609942,1.1423665820553339e-06,0.027814473024448495,True,rollback,existing_selector_rollback,"[0.8741613027972528,0.24285891796330109,0.2108125507860041]","[1.1439536351005224,4.11761696208689,4.743550591610124]",,"[0.8741613028294664,0.24285891796404288,0.21081255079380717]","[1.1439536350583668,4.1176169620743135,4.743550591434546]",,85549327.87959662,79.30691472715365,85549328.28146572,79.30691429432143,direct_vp,direct_vp,False,[],False,1.0,nan,nan,,,nan,nan,nan,False,nan,,,False,,nan,nan,,,nan,nan,nan,False,nan,,,,False,nan,nan,force_ris_only,0.0002947290698756824,0.01146520671397138,3,decoupled_robust,legacy_multistart,0.0
fig5,oracle_init_vp,3,3422926171,10.0,snr_db,10.0,3,3,3,3,full_6d,3422926171,,,nan,,False,,35.56178952008486,0.00016301885738476574,0.00016301885738476574,1.1423678919155161e-06,7.535781654650735e-05,4.0015038768249585e-13,0.027814473024448352,False,oracle_init_vp,global_exact_spherical_vp,,False,,adaptive_jones,cupy,True,0,cupy,cupy.linalg.solve,explicit,matrix_free,analytic_reduced_vp_explicit_gradient,False,matrix_free_cpu_only_gpu_backend,,0,0,0,0,,,,,,fixed_pol_anchor,False,,fixed_pol_anchor,nan,nan,nan,nan,False,3,4,3096725.458075429,3096797.4745054417,"[0.8744193458197755,0.24293060728848254,0.2108747803746813]","[1.143616051931716,4.116401844796144,4.742150759910663]","[1.0082078748305437e-06,3.7023601442946387e-07,8.258799604820565e-08]",oracle_init_vp,"[""oracle_truth_initialization""]",nan,,,nan,nan,nan,nan,,0.0,35.56019609095529,35.56019609095529,nan,nan,nan,nan,nan,nan,nan,,,nan,nan,nan,nan,nan,nan,nan,nan,nan,,,,nan,nan,nan,nan,nan,,False,,nan,,,nan,nan,nan,,,,,,,,nan,nan,nan,nan,nan,nan,False,,,,,,,,,nan,nan,nan,nan,,,,[],False,nan,nan,nan,,,nan,nan,nan,False,nan,,,False,,nan,nan,,,nan,nan,nan,False,nan,,,,False,nan,nan,,nan,nan,,,legacy_multistart,
fig5,direct_vp,5,2290547997,10.0,snr_db,10.0,3,3,3,3,full_6d,2290547997,,,nan,,False,,45.133231558837,0.00017194659988764756,0.00017194659988764756,4.504477198402501e-07,1.79689817213491e-05,2.650300862698203e-13,0.0272769766945719,False,direct_vp,global_exact_spherical_vp,proposed_post_stage1,False,7cb9689d11a4efbe,adaptive_jones,cpu,False,,legacy_least_squares,cpu,explicit,,legacy_least_squares_numerical,False,,,0,0,,,,,,,,fixed_pol_anchor,True,fixed_anchor_then_adaptive_jones_score_selection,fixed_pol_anchor,0.17106715623505817,0.5767366216796491,0.3853302554812094,0.0,True,3,4,3094111.610618507,nan,"[0.5767366216796491,0.17106715623505817,0.4081869885289208]","[1.7338937088598434,5.845657471652591,2.449857609630151]",,direct_vp,[],3093962.152543078,3096560,True,71491601.6289287,75.01272252654726,60.94077491036881,0.011836311937263045,"[5.004186317517648,5.007082016617145,5.030617230456156]",24.617393134860322,40.717358713038266,66.45057159662247,nan,nan,nan,nan,nan,nan,nan,,,nan,nan,nan,nan,nan,nan,nan,nan,nan,,,,nan,nan,nan,nan,nan,,False,,nan,,,nan,nan,nan,,,,,,,,0.00017194659988764756,4.504477198402501e-07,0.0272769766945719,nan,nan,nan,False,not_run,not_requested,"[0.5767366216796491,0.17106715623505817,0.4081869885289208]","[1.7338937088598434,5.845657471652591,2.449857609630151]",,,,,71491601.6289287,75.01272252654726,nan,nan,direct_vp,direct_vp,False,[],False,1.0,nan,nan,,,nan,nan,nan,False,nan,,,False,,nan,nan,,,nan,nan,nan,False,nan,,,,False,nan,nan,reliability_gated,nan,nan,,decoupled_robust,legacy_multistart,0.0
fig5,old_gated,5,2290547997,10.0,snr_db,10.0,3,3,3,3,full_6d,2290547997,,,nan,,False,,47.94967653602362,0.00017194659988764756,0.00017194659988764756,4.504477198402501e-07,1.79689817213491e-05,2.650300862698203e-13,0.0272769766945719,False,direct_vp,global_exact_spherical_vp,main_single_proposed,True,242a6391819541fc,adaptive_jones,cpu,False,,legacy_least_squares,cpu,explicit,,legacy_least_squares_numerical,False,,,0,0,,,,,,,,fixed_pol_anchor,True,fixed_anchor_then_adaptive_jones_score_selection,fixed_pol_anchor,0.17106715623505817,0.5767366216796491,0.3853302554812094,0.0,True,3,4,3094111.610618507,nan,"[0.5767366216796491,0.17106715623505817,0.4081869885289208]","[1.7338937088598434,5.845657471652591,2.449857609630151]",,direct_vp,[],3093962.152543078,3096560,True,71491601.6289287,75.01272252654726,60.94077491036881,0.011836311937263045,"[5.004186317517648,5.007082016617145,5.030617230456156]",24.617393134860322,44.25194583600387,69.98515871958807,nan,nan,nan,nan,nan,nan,nan,,,nan,nan,nan,nan,nan,nan,nan,nan,nan,,,,nan,nan,nan,nan,nan,,False,,nan,,,nan,nan,nan,,,,,,,,0.00017194659988764756,4.504477198402501e-07,0.0272769766945719,nan,nan,nan,False,not_run,not_requested,"[0.5767366216796491,0.17106715623505817,0.4081869885289208]","[1.7338937088598434,5.845657471652591,2.449857609630151]",,,,,71491601.6289287,75.01272252654726,nan,nan,direct_vp,direct_vp,False,[],False,1.0,nan,nan,,,nan,nan,nan,False,nan,,,False,,nan,nan,,,nan,nan,nan,False,nan,,,,False,nan,nan,reliability_gated_ris_only,nan,nan,,decoupled_robust,legacy_multistart,0.0
fig5,adaptive_jones_vp_proposed,5,2290547997,10.0,snr_db,10.0,3,3,3,3,full_6d,2290547997,,,nan,,False,,45.412050863029435,0.00017194659988764756,0.00017194659988764756,4.504477198402501e-07,1.79689817213491e-05,2.650300862698203e-13,0.0272769766945719,False,direct_vp,global_exact_spherical_vp,main_single_proposed,True,9f65bf098b7d5dc4,adaptive_jones,cpu,False,,legacy_least_squares,cpu,explicit,,legacy_least_squares_numerical,False,,,0,0,,,,,,,,fixed_pol_anchor,True,fixed_anchor_then_adaptive_jones_score_selection,fixed_pol_anchor,0.17106715623505817,0.5767366216796491,0.3853302554812094,0.0,True,3,4,3094111.610618507,nan,"[0.5767366216796491,0.17106715623505817,0.4081869885289208]","[1.7338937088598434,5.845657471652591,2.449857609630151]",,direct_vp,[],3093962.152543078,3096560,True,71491601.6289287,75.01272252654726,60.94077491036881,0.011836311937263045,"[5.004186317517648,5.007082016617145,5.030617230456156]",24.617393134860322,41.50413413508795,67.23734701867215,nan,nan,nan,nan,nan,nan,nan,,,nan,nan,nan,nan,nan,nan,nan,nan,nan,,,,nan,nan,nan,nan,nan,,False,,nan,,,nan,nan,nan,,,,,,,,0.00017194659988764756,4.504477198402501e-07,0.0272769766945719,nan,nan,nan,False,not_run,not_requested,"[0.5767366216796491,0.17106715623505817,0.4081869885289208]","[1.7338937088598434,5.845657471652591,2.449857609630151]",,,,,71491601.6289287,75.01272252654726,nan,nan,direct_vp,direct_vp,False,[],True,1.0,5.274177142486105e-05,5.274177142486105e-05,2,data_only_efim_tau_crb,0.0020964607362739763,3.423796433179926e-06,3.423796433179926e-06,True,5.616556785804098e-05,green,clock_green,False,ngc_green_skip_rescue,nan,nan,2,,nan,nan,nan,False,nan,,candidate_unavailable,ngc_green_skip_rescue,False,9.21034037197618,13.815510557964274,ngc_certified_ris_only,nan,nan,,decoupled_robust,legacy_multistart,0.0
fig5,force_rescue,5,2290547997,10.0,snr_db,10.0,3,3,3,3,full_6d,2290547997,,,nan,,False,,100.05027417792007,0.00017194659988764756,0.00017194659988764756,4.504477198402501e-07,1.79689817213491e-05,2.650300862698203e-13,0.0272769766945719,False,direct_vp_rollback,global_exact_spherical_vp,main_single_proposed,True,baa2d98cf6ef4d0b,adaptive_jones,cpu,False,,legacy_least_squares,cpu,explicit,,legacy_least_squares_numerical,False,,,0,0,,,,,,,,fixed_pol_anchor,True,fixed_anchor_then_adaptive_jones_score_selection,fixed_pol_anchor,0.17106715623505817,0.5767366216796491,0.3853302554812094,0.0,True,3,4,3094111.610618507,nan,"[0.5767366216796491,0.17106715623505817,0.4081869885289208]","[1.7338937088598434,5.845657471652591,2.449857609630151]",,jnpp_then_vp,[],3093962.152543078,3096560,True,71491601.6289287,75.01272252654726,60.94077491036881,0.011836311937263045,"[5.004186317517648,5.007082016617145,5.030617230456156]",24.617393134860322,41.945065923035145,67.67827880661935,nan,nan,nan,nan,nan,nan,nan,,,nan,nan,nan,nan,nan,nan,nan,nan,nan,,,,nan,nan,nan,nan,nan,,False,,nan,,,nan,nan,nan,,,,,,,,0.00017194659988764756,4.504477198402501e-07,0.0272769766945719,0.0001719451603136473,4.504488300122834e-07,0.02727697669457187,True,rollback,existing_selector_rollback,"[0.5767366216796491,0.17106715623505817,0.4081869885289208]","[1.7338937088598434,5.845657471652591,2.449857609630151]",,"[0.5767366218617972,0.17106715620654916,0.40818698848844326]","[1.7338937083122357,5.845657472626793,2.449857609873089]",,71491601.6289287,75.01272252654726,71491601.21003774,75.01272305682967,direct_vp,direct_vp,False,[],False,1.0,nan,nan,,,nan,nan,nan,False,nan,,,False,,nan,nan,,,nan,nan,nan,False,nan,,,,False,nan,nan,force_ris_only,2.800525128333841e-05,0.010732100504475815,3,decoupled_robust,legacy_multistart,0.0
fig5,oracle_init_vp,5,2290547997,10.0,snr_db,10.0,3,3,3,3,full_6d,2290547997,,,nan,,False,,24.695079612080008,0.00017194804263190433,0.00017194804263190433,4.5044879490624106e-07,1.796921319604186e-05,2.6502988250182155e-13,0.02727697669457177,False,oracle_init_vp,global_exact_spherical_vp,,False,,adaptive_jones,cupy,True,0,cupy,cupy.linalg.solve,explicit,matrix_free,analytic_reduced_vp_explicit_gradient,False,matrix_free_cpu_only_gpu_backend,,0,0,0,0,,,,,,fixed_pol_anchor,False,,fixed_pol_anchor,nan,nan,nan,nan,False,3,4,3096725.458075429,3096794.5092434227,"[0.5762497931238297,0.17092275692604927,0.4078424342429078]","[1.7353585405705034,5.850596011814184,2.451927303385993]","[2.475009631614141e-07,9.241758191128667e-08,2.2928659539130886e-08]",oracle_init_vp,"[""oracle_truth_initialization""]",nan,,,nan,nan,nan,nan,,0.0,24.69346002698876,24.69346002698876,nan,nan,nan,nan,nan,nan,nan,,,nan,nan,nan,nan,nan,nan,nan,nan,nan,,,,nan,nan,nan,nan,nan,,False,,nan,,,nan,nan,nan,,,,,,,,nan,nan,nan,nan,nan,nan,False,,,,,,,,,nan,nan,nan,nan,,,,[],False,nan,nan,nan,,,nan,nan,nan,False,nan,,,False,,nan,nan,,,nan,nan,nan,False,nan,,,,False,nan,nan,,nan,nan,,,legacy_multistart,
fig5,direct_vp,12,2210497206,5.0,snr_db,5.0,3,3,3,3,full_6d,2210497206,,,nan,,False,,129.2769529451616,0.0002236690783521563,0.0002236690783521563,9.569404366526834e-07,7.788711036058324e-06,1.6100662126632e-13,0.1441737964287057,False,direct_vp,global_exact_spherical_vp,proposed_post_stage1,False,9e6d6da932a4b7a8,adaptive_jones,cpu,False,,legacy_least_squares,cpu,explicit,,legacy_least_squares_numerical,False,,,0,0,,,,,,,,fixed_pol_anchor,True,fixed_anchor_then_adaptive_jones_score_selection,fixed_pol_anchor,0.7769046055358644,1.6614792770783375,1.1936352163413275,0.0,True,3,10,4352598.55971834,4362618.45466665,"[1.6614792770783375,1.1425217664097806,0.7769046055358644]","[0.6018732907441429,0.8752568479646752,1.2871593151510283]","[2.4414083819156967e-06,1.2389126582377132e-07,6.453480438891892e-07]",direct_vp,[],3098867.9088276764,3096560,True,28755075.70652977,71.48678566939448,41.99513162109013,0.008542437469530768,"[5.033669511186674,5.049401601225395,5.02958751963495]",26.318286447087303,123.9636789469514,150.95172503427602,nan,nan,nan,nan,nan,nan,nan,,,nan,nan,nan,nan,nan,nan,nan,nan,nan,,,,nan,nan,nan,nan,nan,,False,,nan,,,nan,nan,nan,,,,,,,,0.0002236690783521563,9.569404366526834e-07,0.1441737964287057,nan,nan,nan,False,not_run,not_requested,"[1.6614792770783375,1.1425217664097806,0.7769046055358644]","[0.6018732907441429,0.8752568479646752,1.2871593151510283]","[2.4414083819156967e-06,1.2389126582377132e-07,6.453480438891892e-07]",,,,28755075.70652977,71.48678566939448,nan,nan,direct_vp,direct_vp,False,[],False,1.0,nan,nan,,,nan,nan,nan,False,nan,,,False,,nan,nan,,,nan,nan,nan,False,nan,,,,False,nan,nan,reliability_gated,nan,nan,,decoupled_robust,legacy_multistart,0.0
fig5,old_gated,12,2210497206,5.0,snr_db,5.0,3,3,3,3,full_6d,2210497206,,,nan,,False,,108.20437930198386,0.0002236690783521563,0.0002236690783521563,9.569404366526834e-07,7.788711036058324e-06,1.6100662126632e-13,0.1441737964287057,False,direct_vp,global_exact_spherical_vp,main_single_proposed,True,cfc6a01ae4e87b69,adaptive_jones,cpu,False,,legacy_least_squares,cpu,explicit,,legacy_least_squares_numerical,False,,,0,0,,,,,,,,fixed_pol_anchor,True,fixed_anchor_then_adaptive_jones_score_selection,fixed_pol_anchor,0.7769046055358644,1.6614792770783375,1.1936352163413275,0.0,True,3,10,4352598.55971834,4362618.45466665,"[1.6614792770783375,1.1425217664097806,0.7769046055358644]","[0.6018732907441429,0.8752568479646752,1.2871593151510283]","[2.4414083819156967e-06,1.2389126582377132e-07,6.453480438891892e-07]",direct_vp,[],3098867.9088276764,3096560,True,28755075.70652977,71.48678566939448,41.99513162109013,0.008542437469530768,"[5.033669511186674,5.049401601225395,5.02958751963495]",26.318286447087303,104.4460613199044,131.43410740722902,nan,nan,nan,nan,nan,nan,nan,,,nan,nan,nan,nan,nan,nan,nan,nan,nan,,,,nan,nan,nan,nan,nan,,False,,nan,,,nan,nan,nan,,,,,,,,0.0002236690783521563,9.569404366526834e-07,0.1441737964287057,nan,nan,nan,False,not_run,not_requested,"[1.6614792770783375,1.1425217664097806,0.7769046055358644]","[0.6018732907441429,0.8752568479646752,1.2871593151510283]","[2.4414083819156967e-06,1.2389126582377132e-07,6.453480438891892e-07]",,,,28755075.70652977,71.48678566939448,nan,nan,direct_vp,direct_vp,False,[],False,1.0,nan,nan,,,nan,nan,nan,False,nan,,,False,,nan,nan,,,nan,nan,nan,False,nan,,,,False,nan,nan,reliability_gated_ris_only,nan,nan,,decoupled_robust,legacy_multistart,0.0
fig5,adaptive_jones_vp_proposed,12,2210497206,5.0,snr_db,5.0,3,3,3,3,full_6d,2210497206,,,nan,,False,,100.29592343512923,0.0002236690783521563,0.0002236690783521563,9.569404366526834e-07,7.788711036058324e-06,1.6100662126632e-13,0.1441737964287057,False,direct_vp,global_exact_spherical_vp,main_single_proposed,True,91b3fae199f88b90,adaptive_jones,cpu,False,,legacy_least_squares,cpu,explicit,,legacy_least_squares_numerical,False,,,0,0,,,,,,,,fixed_pol_anchor,True,fixed_anchor_then_adaptive_jones_score_selection,fixed_pol_anchor,0.7769046055358644,1.6614792770783375,1.1936352163413275,0.0,True,3,10,4352598.55971834,4362618.45466665,"[1.6614792770783375,1.1425217664097806,0.7769046055358644]","[0.6018732907441429,0.8752568479646752,1.2871593151510283]","[2.4414083819156967e-06,1.2389126582377132e-07,6.453480438891892e-07]",direct_vp,[],3098867.9088276764,3096560,True,28755075.70652977,71.48678566939448,41.99513162109013,0.008542437469530768,"[5.033669511186674,5.049401601225395,5.02958751963495]",26.318286447087303,96.18327584699728,123.1713219343219,nan,nan,nan,nan,nan,nan,nan,,,nan,nan,nan,nan,nan,nan,nan,nan,nan,,,,nan,nan,nan,nan,nan,,False,,nan,,,nan,nan,nan,,,,,,,,0.0002236690783521563,9.569404366526834e-07,0.1441737964287057,nan,nan,nan,False,not_run,not_requested,"[1.6614792770783375,1.1425217664097806,0.7769046055358644]","[0.6018732907441429,0.8752568479646752,1.2871593151510283]","[2.4414083819156967e-06,1.2389126582377132e-07,6.453480438891892e-07]",,,,28755075.70652977,71.48678566939448,nan,nan,direct_vp,direct_vp,False,[],True,1.0,2.34500191919315e-05,2.34500191919315e-05,2,data_only_efim_tau_crb,0.0013979156862966705,5.8503875932424125e-06,5.8503875932424125e-06,True,2.9300406785173912e-05,green,clock_green,False,ngc_green_skip_rescue,nan,nan,2,,nan,nan,nan,False,nan,,candidate_unavailable,ngc_green_skip_rescue,False,9.21034037197618,13.815510557964274,ngc_certified_ris_only,nan,nan,,decoupled_robust,legacy_multistart,0.0
fig5,force_rescue,12,2210497206,5.0,snr_db,5.0,3,3,3,3,full_6d,2210497206,,,nan,,False,,220.9327858039178,0.0002236690783521563,0.0002236690783521563,9.569404366526834e-07,7.788711036058324e-06,1.6100662126632e-13,0.1441737964287057,False,direct_vp_rollback,global_exact_spherical_vp,main_single_proposed,True,e7fc5dc5545e23b6,adaptive_jones,cpu,False,,legacy_least_squares,cpu,explicit,,legacy_least_squares_numerical,False,,,0,0,,,,,,,,fixed_pol_anchor,True,fixed_anchor_then_adaptive_jones_score_selection,fixed_pol_anchor,0.7769046055358644,1.6614792770783375,1.1936352163413275,0.0,True,3,10,4352598.55971834,4362618.45466665,"[1.6614792770783375,1.1425217664097806,0.7769046055358644]","[0.6018732907441429,0.8752568479646752,1.2871593151510283]","[2.4414083819156967e-06,1.2389126582377132e-07,6.453480438891892e-07]",jnpp_then_vp,[],3098867.9088276764,3096560,True,28755075.70652977,71.48678566939448,41.99513162109013,0.008542437469530768,"[5.033669511186674,5.049401601225395,5.02958751963495]",26.318286447087303,109.17648269818164,136.16452878550626,nan,nan,nan,nan,nan,nan,nan,,,nan,nan,nan,nan,nan,nan,nan,nan,nan,,,,nan,nan,nan,nan,nan,,False,,nan,,,nan,nan,nan,,,,,,,,0.0002236690783521563,9.569404366526834e-07,0.1441737964287057,0.00022366538198010717,9.569347172376793e-07,0.14417379642870504,True,rollback,existing_selector_rollback,"[1.6614792770783375,1.1425217664097806,0.7769046055358644]","[0.6018732907441429,0.8752568479646752,1.2871593151510283]","[2.4414083819156967e-06,1.2389126582377132e-07,6.453480438891892e-07]","[1.661479276424198,1.1425217659041376,0.7769046059107675]","[0.6018732909811059,0.8752568483520354,1.2871593145298967]","[2.371391807427025e-06,1.182033847988065e-07,5.310036906765832e-07]",28755075.70652977,71.48678566939448,28755075.61572147,71.4867859693028,direct_vp,direct_vp,False,[],False,1.0,nan,nan,,,nan,nan,nan,False,nan,,,False,,nan,nan,,,nan,nan,nan,False,nan,,,,False,nan,nan,force_ris_only,0.7000006149626424,0.007162297631277443,3,decoupled_robust,legacy_multistart,0.0
fig5,oracle_init_vp,12,2210497206,5.0,snr_db,5.0,3,3,3,3,full_6d,2210497206,,,nan,,False,,32.3983263480477,0.00022366772463917585,0.00022366772463917585,9.569292476288997e-07,7.788513432779455e-06,1.6101527321469208e-13,0.1441737964287053,False,oracle_init_vp,global_exact_spherical_vp,,False,,adaptive_jones,cupy,True,0,cupy,cupy.linalg.solve,explicit,matrix_free,analytic_reduced_vp_explicit_gradient,False,matrix_free_cpu_only_gpu_backend,,0,0,0,0,,,,,,fixed_pol_anchor,False,,fixed_pol_anchor,nan,nan,nan,nan,False,3,4,3096725.458075429,3096772.0968874255,"[1.6280944171857499,1.1259760596904065,0.5995335267519957]","[0.6142149923509513,0.888118349757658,1.667963433866581]","[3.123138776622853e-08,3.761484522864793e-08,1.955678942161933e-07]",oracle_init_vp,"[""oracle_truth_initialization""]",nan,,,nan,nan,nan,nan,,0.0,32.39633058710024,32.39633058710024,nan,nan,nan,nan,nan,nan,nan,,,nan,nan,nan,nan,nan,nan,nan,nan,nan,,,,nan,nan,nan,nan,nan,,False,,nan,,,nan,nan,nan,,,,,,,,nan,nan,nan,nan,nan,nan,False,,,,,,,,,nan,nan,nan,nan,,,,[],False,nan,nan,nan,,,nan,nan,nan,False,nan,,,False,,nan,nan,,,nan,nan,nan,False,nan,,,,False,nan,nan,,nan,nan,,,legacy_multistart,
fig5,direct_vp,2,3251202663,10.0,snr_db,10.0,3,3,3,3,full_6d,3251202663,,,nan,,False,,56.47918674512766,4.70353961952551e-05,4.70353961952551e-05,8.106687228737823e-07,3.6260214090420815e-05,6.394024134728263e-14,0.02285056849357219,False,direct_vp,global_exact_spherical_vp,proposed_post_stage1,False,618f427fca58f948,adaptive_jones,cpu,False,,legacy_least_squares,cpu,explicit,,legacy_least_squares_numerical,False,,,0,0,,,,,,,,fixed_pol_anchor,True,fixed_anchor_then_adaptive_jones_score_selection,fixed_pol_anchor,0.21712744437048853,0.6141456521296569,0.36582679516738636,0.0,True,3,4,3094017.080743779,nan,"[0.6141456521296569,0.21712744437048853,0.2662072890020138]","[1.6282782374697466,4.605590062090283,3.7564711460330034]",,direct_vp,[],3093867.62266835,3096560,True,84299824.18695334,73.8634782523629,73.2137377976195,0.018560107090641705,"[4.967001847664041,5.00346280157612,5.008750364894268]",23.991997545817867,51.12640485889278,75.86688290769234,nan,nan,nan,nan,nan,nan,nan,,,nan,nan,nan,nan,nan,nan,nan,nan,nan,,,,nan,nan,nan,nan,nan,,False,,nan,,,nan,nan,nan,,,,,,,,4.70353961952551e-05,8.106687228737823e-07,0.02285056849357219,nan,nan,nan,False,not_run,not_requested,"[0.6141456521296569,0.21712744437048853,0.2662072890020138]","[1.6282782374697466,4.605590062090283,3.7564711460330034]",,,,,84299824.18695334,73.8634782523629,nan,nan,direct_vp,direct_vp,False,[],False,1.0,nan,nan,,,nan,nan,nan,False,nan,,,False,,nan,nan,,,nan,nan,nan,False,nan,,,,False,nan,nan,reliability_gated,nan,nan,,decoupled_robust,legacy_multistart,0.0
fig5,old_gated,2,3251202663,10.0,snr_db,10.0,3,3,3,3,full_6d,3251202663,,,nan,,False,,74.55783958919346,4.70353961952551e-05,4.70353961952551e-05,8.106687228737823e-07,3.6260214090420815e-05,6.394024134728263e-14,0.02285056849357219,False,direct_vp,global_exact_spherical_vp,main_single_proposed,True,24b1239142473c60,adaptive_jones,cpu,False,,legacy_least_squares,cpu,explicit,,legacy_least_squares_numerical,False,,,0,0,,,,,,,,fixed_pol_anchor,True,fixed_anchor_then_adaptive_jones_score_selection,fixed_pol_anchor,0.21712744437048853,0.6141456521296569,0.36582679516738636,0.0,True,3,4,3094017.080743779,nan,"[0.6141456521296569,0.21712744437048853,0.2662072890020138]","[1.6282782374697466,4.605590062090283,3.7564711460330034]",,direct_vp,[],3093867.62266835,3096560,True,84299824.18695334,73.8634782523629,73.2137377976195,0.018560107090641705,"[4.967001847664041,5.00346280157612,5.008750364894268]",23.991997545817867,68.37411451409571,93.11459256289527,nan,nan,nan,nan,nan,nan,nan,,,nan,nan,nan,nan,nan,nan,nan,nan,nan,,,,nan,nan,nan,nan,nan,,False,,nan,,,nan,nan,nan,,,,,,,,4.70353961952551e-05,8.106687228737823e-07,0.02285056849357219,nan,nan,nan,False,not_run,not_requested,"[0.6141456521296569,0.21712744437048853,0.2662072890020138]","[1.6282782374697466,4.605590062090283,3.7564711460330034]",,,,,84299824.18695334,73.8634782523629,nan,nan,direct_vp,direct_vp,False,[],False,1.0,nan,nan,,,nan,nan,nan,False,nan,,,False,,nan,nan,,,nan,nan,nan,False,nan,,,,False,nan,nan,reliability_gated_ris_only,nan,nan,,decoupled_robust,legacy_multistart,0.0
fig5,adaptive_jones_vp_proposed,2,3251202663,10.0,snr_db,10.0,3,3,3,3,full_6d,3251202663,,,nan,,False,,77.29679566598497,4.70353961952551e-05,4.70353961952551e-05,8.106687228737823e-07,3.6260214090420815e-05,6.394024134728263e-14,0.02285056849357219,False,direct_vp,global_exact_spherical_vp,main_single_proposed,True,31db3d1ca60c7549,adaptive_jones,cpu,False,,legacy_least_squares,cpu,explicit,,legacy_least_squares_numerical,False,,,0,0,,,,,,,,fixed_pol_anchor,True,fixed_anchor_then_adaptive_jones_score_selection,fixed_pol_anchor,0.21712744437048853,0.6141456521296569,0.36582679516738636,0.0,True,3,4,3094017.080743779,nan,"[0.6141456521296569,0.21712744437048853,0.2662072890020138]","[1.6282782374697466,4.605590062090283,3.7564711460330034]",,direct_vp,[],3093867.62266835,3096560,True,84299824.18695334,73.8634782523629,73.2137377976195,0.018560107090641705,"[4.967001847664041,5.00346280157612,5.008750364894268]",23.991997545817867,70.70459235389717,95.44507040269673,nan,nan,nan,nan,nan,nan,nan,,,nan,nan,nan,nan,nan,nan,nan,nan,nan,,,,nan,nan,nan,nan,nan,,False,,nan,,,nan,nan,nan,,,,,,,,4.70353961952551e-05,8.106687228737823e-07,0.02285056849357219,nan,nan,nan,False,not_run,not_requested,"[0.6141456521296569,0.21712744437048853,0.2662072890020138]","[1.6282782374697466,4.605590062090283,3.7564711460330034]",,,,,84299824.18695334,73.8634782523629,nan,nan,direct_vp,direct_vp,False,[],True,1.0,2.9135189909840368e-05,2.9135189909840368e-05,2,data_only_efim_tau_crb,0.0015581824323508138,6.42679852678256e-06,6.42679852678256e-06,True,3.556198843662293e-05,green,clock_green,False,ngc_green_skip_rescue,nan,nan,2,,nan,nan,nan,False,nan,,candidate_unavailable,ngc_green_skip_rescue,False,9.21034037197618,13.815510557964274,ngc_certified_ris_only,nan,nan,,decoupled_robust,legacy_multistart,0.0
fig5,force_rescue,2,3251202663,10.0,snr_db,10.0,3,3,3,3,full_6d,3251202663,,,nan,,False,,146.47564518498257,4.70353961952551e-05,4.70353961952551e-05,8.106687228737823e-07,3.6260214090420815e-05,6.394024134728263e-14,0.02285056849357219,False,direct_vp_rollback,global_exact_spherical_vp,main_single_proposed,True,ee0ec5cc587df2de,adaptive_jones,cpu,False,,legacy_least_squares,cpu,explicit,,legacy_least_squares_numerical,False,,,0,0,,,,,,,,fixed_pol_anchor,True,fixed_anchor_then_adaptive_jones_score_selection,fixed_pol_anchor,0.21712744437048853,0.6141456521296569,0.36582679516738636,0.0,True,3,4,3094017.080743779,nan,"[0.6141456521296569,0.21712744437048853,0.2662072890020138]","[1.6282782374697466,4.605590062090283,3.7564711460330034]",,jnpp_then_vp,[],3093867.62266835,3096560,True,84299824.18695334,73.8634782523629,73.2137377976195,0.018560107090641705,"[4.967001847664041,5.00346280157612,5.008750364894268]",23.991997545817867,69.89430521405302,94.63478326285258,nan,nan,nan,nan,nan,nan,nan,,,nan,nan,nan,nan,nan,nan,nan,nan,nan,,,,nan,nan,nan,nan,nan,,False,,nan,,,nan,nan,nan,,,,,,,,4.70353961952551e-05,8.106687228737823e-07,0.02285056849357219,4.7035561340318005e-05,8.106688886129638e-07,0.022850568493572077,True,rollback,existing_selector_rollback,"[0.6141456521296569,0.21712744437048853,0.2662072890020138]","[1.6282782374697466,4.605590062090283,3.7564711460330034]",,"[0.6141456521241362,0.21712744436704015,0.2662072890030667]","[1.6282782374843836,4.6055900621634285,3.756471146018146]",,84299824.18695334,73.8634782523629,84299824.12180531,73.86347831268989,direct_vp,direct_vp,False,[],False,1.0,nan,nan,,,nan,nan,nan,False,nan,,,False,,nan,nan,,,nan,nan,nan,False,nan,,,,False,nan,nan,force_ris_only,3.600372825376703e-05,0.0008627056292572704,3,decoupled_robust,legacy_multistart,0.0
fig5,oracle_init_vp,2,3251202663,10.0,snr_db,10.0,3,3,3,3,full_6d,3251202663,,,nan,,False,,33.230648041004315,4.7034361144403855e-05,4.7034361144403855e-05,8.106680540732157e-07,3.6259905678436753e-05,6.394072638905023e-14,0.022850568493571925,False,oracle_init_vp,global_exact_spherical_vp,,False,,adaptive_jones,cupy,True,0,cupy,cupy.linalg.solve,explicit,matrix_free,analytic_reduced_vp_explicit_gradient,False,matrix_free_cpu_only_gpu_backend,,0,0,0,0,,,,,,fixed_pol_anchor,False,,fixed_pol_anchor,nan,nan,nan,nan,False,3,4,3096725.458075429,3096795.5199888702,"[0.6136084981409834,0.2169375368620481,0.2659744544946414]","[1.6297036351827467,4.609621803882143,3.759759567510951]","[9.626099373898531e-07,7.153282319785233e-08,1.3548850535039629e-08]",oracle_init_vp,"[""oracle_truth_initialization""]",nan,,,nan,nan,nan,nan,,0.0,33.22895066207275,33.22895066207275,nan,nan,nan,nan,nan,nan,nan,,,nan,nan,nan,nan,nan,nan,nan,nan,nan,,,,nan,nan,nan,nan,nan,,False,,nan,,,nan,nan,nan,,,,,,,,nan,nan,nan,nan,nan,nan,False,,,,,,,,,nan,nan,nan,nan,,,,[],False,nan,nan,nan,,,nan,nan,nan,False,nan,,,False,,nan,nan,,,nan,nan,nan,False,nan,,,,False,nan,nan,,nan,nan,,,legacy_multistart,
fig5,direct_vp,11,3685333214,5.0,snr_db,5.0,3,3,3,3,full_6d,3685333214,,,nan,,False,,127.24936944805086,1.749499404105583e-05,1.749499404105583e-05,8.177350622654503e-07,7.45297905541571e-06,3.1912916725768474e-13,0.09054006285060065,False,direct_vp,global_exact_spherical_vp,proposed_post_stage1,False,a567e058d5d63cbd,adaptive_jones,cpu,False,,legacy_least_squares,cpu,explicit,,legacy_least_squares_numerical,False,,,0,0,,,,,,,,fixed_pol_anchor,True,fixed_anchor_then_adaptive_jones_score_selection,fixed_pol_anchor,0.3872389841881572,10.414820193084507,4.492836636206276,0.0,True,3,10,3430519.547855243,3434050.813721833,"[10.414820193084507,0.3872389841881572,2.676450731346163]","[0.09601702011654413,2.582384627663723,0.37362914560148014]","[4.602018810476855e-08,2.9656622789757793e-07,2.80758895510458e-07]",direct_vp,"[""poor_clock_consistency""]",3091929.0244776197,3096560,True,18981008.68162073,91.95748371382821,13.630117520765062,0.13389945562736597,"[5.272634542839162,4.981800233151563,4.995907288576943]",25.24133201711811,122.01329813711345,147.91509400308132,nan,nan,nan,nan,nan,nan,nan,,,nan,nan,nan,nan,nan,nan,nan,nan,nan,,,,nan,nan,nan,nan,nan,,False,,nan,,,nan,nan,nan,,,,,,,,1.749499404105583e-05,8.177350622654503e-07,0.09054006285060065,nan,nan,nan,False,not_run,not_requested,"[10.414820193084507,0.3872389841881572,2.676450731346163]","[0.09601702011654413,2.582384627663723,0.37362914560148014]","[4.602018810476855e-08,2.9656622789757793e-07,2.80758895510458e-07]",,,,18981008.68162073,91.95748371382821,nan,nan,ris_only_stage2_then_vp,direct_vp,True,"[""poor_clock_consistency""]",False,1.0,nan,nan,,,nan,nan,nan,False,nan,,,False,,nan,nan,,,nan,nan,nan,False,nan,,,,False,nan,nan,reliability_gated,nan,nan,,decoupled_robust,legacy_multistart,0.0
fig5,old_gated,11,3685333214,5.0,snr_db,5.0,3,3,3,3,full_6d,3685333214,,,nan,,False,,196.6743167450186,1.7490489532407673e-05,1.7490489532407673e-05,8.177346232074645e-07,7.452084549545657e-06,3.191294492346764e-13,0.0905400628506004,False,ris_only_stage2_then_vp,global_exact_spherical_vp,main_single_proposed,True,92914dce261d085a,adaptive_jones,cpu,False,,legacy_least_squares,cpu,explicit,,legacy_least_squares_numerical,False,,,0,0,,,,,,,,fixed_pol_anchor,True,fixed_anchor_then_adaptive_jones_score_selection,fixed_pol_anchor,0.38723898394284706,10.414820244308094,4.492836653617009,0.0,True,3,10,3430519.547855268,3430555.7183436477,"[10.414820244308094,0.38723898394284706,2.6764507326000873]","[0.09601701964430015,2.5823846292996255,0.37362914542643394]","[3.1124244228196684e-08,2.833771515173471e-07,3.0139275123309e-07]",jnpp_then_vp,"[""poor_clock_consistency""]",3430370.0897798142,3096560,False,8789333.285631519,191.37985708238335,13.630117520765062,0.13389945562736597,"[5.272634542839162,4.981800233151563,4.995907288576943]",25.24133201711811,93.82029858999886,145.27833889005706,nan,nan,nan,nan,nan,nan,nan,,,nan,nan,nan,nan,nan,nan,nan,nan,nan,,,,nan,nan,nan,nan,nan,,False,,nan,,,nan,nan,nan,,,,,,,,0.7000001951690111,0.03444352529891596,0.10045053462440276,1.7490489532407673e-05,8.177346232074645e-07,0.0905400628506004,True,accepted,accepted,"[10.414820193084507,0.3872389841881572,2.676450731346163]","[0.09601702011654413,2.582384627663723,0.37362914560148014]","[4.602018810476855e-08,2.9656622789757793e-07,2.80758895510458e-07]","[10.414820244308094,0.38723898394284706,2.6764507326000873]","[0.09601701964430015,2.5823846292996255,0.37362914542643394]","[3.1124244228196684e-08,2.833771515173471e-07,3.0139275123309e-07]",8789333.285631519,191.37985708238335,18981009.290002327,91.9574807685212,ris_only_stage2_then_vp,jnpp_then_vp,True,"[""poor_clock_consistency""]",False,1.0,nan,nan,,,nan,nan,nan,False,nan,,,False,,nan,nan,,,nan,nan,nan,False,nan,,,,False,nan,nan,reliability_gated_ris_only,0.7000000239348663,0.015177235572964158,3,decoupled_robust,legacy_multistart,0.0
fig5,adaptive_jones_vp_proposed,11,3685333214,5.0,snr_db,5.0,3,3,3,3,full_6d,3685333214,,,nan,,False,,82.23092439305037,0.7000001951690111,0.7000001951690111,0.03444352529891596,0.018461645424616275,5.175007149160565e-11,0.10045053462440276,True,direct_vp,global_exact_spherical_vp,main_single_proposed,True,bc9caf42cc517362,adaptive_jones,cupy,True,0,cupy,cupy.linalg.solve,explicit,matrix_free,analytic_reduced_vp_explicit_gradient,False,matrix_free_cpu_only_gpu_backend,,0,0,0,0,,,,,,fixed_pol_anchor,True,fixed_anchor_then_adaptive_jones_score_selection,fixed_pol_anchor,0.3872389841881572,10.414820193084507,4.492836636206276,0.0,True,3,4,3430519.547855243,3434050.813721833,"[10.414820193084507,0.3872389841881572,2.676450731346163]","[0.09601702011654413,2.582384627663723,0.37362914560148014]","[4.602018810476855e-08,2.9656622789757793e-07,2.80758895510458e-07]",direct_vp,"[""poor_clock_consistency""]",3430370.0897798142,3096560,False,8789333.285631519,191.37985708238335,13.630117520765062,0.13389945562736597,"[5.272634542839162,4.981800233151563,4.995907288576943]",25.24133201711811,77.48234112700447,103.38413699297234,nan,nan,nan,nan,nan,nan,nan,,,nan,nan,nan,nan,nan,nan,nan,nan,nan,,,,nan,nan,nan,nan,nan,,False,,nan,,,nan,nan,nan,,,,,,,,0.7000001951690111,0.03444352529891596,0.10045053462440276,nan,nan,nan,False,not_run,not_requested,"[10.414820193084507,0.3872389841881572,2.676450731346163]","[0.09601702011654413,2.582384627663723,0.37362914560148014]","[4.602018810476855e-08,2.9656622789757793e-07,2.80758895510458e-07]",,,,8789333.285631519,191.37985708238335,nan,nan,ris_only_stage2_then_vp,jnpp_then_vp,True,"[""poor_clock_consistency""]",True,1.0,0.0019551663521539305,0.0019551663521539305,2,data_only_efim_tau_crb,0.012764424364073802,0.1693176534190898,0.1693176534190898,True,0.17127281977124373,green,clock_green,False,ngc_green_skip_rescue,nan,nan,2,,nan,nan,nan,False,nan,,candidate_unavailable,ngc_green_skip_rescue,False,9.21034037197618,13.815510557964274,ngc_certified_ris_only,nan,nan,,decoupled_robust,legacy_multistart,0.0
fig5,force_rescue,11,3685333214,5.0,snr_db,5.0,3,3,3,3,full_6d,3685333214,,,nan,,False,,201.34436148684472,1.7490489532407673e-05,1.7490489532407673e-05,8.177346232074645e-07,7.452084549545657e-06,3.191294492346764e-13,0.0905400628506004,False,ris_only_stage2_then_vp,global_exact_spherical_vp,main_single_proposed,True,850ad186ac8f7c9b,adaptive_jones,cpu,False,,legacy_least_squares,cpu,explicit,,legacy_least_squares_numerical,False,,,0,0,,,,,,,,fixed_pol_anchor,True,fixed_anchor_then_adaptive_jones_score_selection,fixed_pol_anchor,0.38723898394284706,10.414820244308094,4.492836653617009,0.0,True,3,10,3430519.547855268,3430555.7183436477,"[10.414820244308094,0.38723898394284706,2.6764507326000873]","[0.09601701964430015,2.5823846292996255,0.37362914542643394]","[3.1124244228196684e-08,2.833771515173471e-07,3.0139275123309e-07]",jnpp_then_vp,"[""poor_clock_consistency""]",3430370.0897798142,3096560,False,8789333.285631519,191.37985708238335,13.630117520765062,0.13389945562736597,"[5.272634542839162,4.981800233151563,4.995907288576943]",25.24133201711811,87.30757236783393,141.14118661778048,nan,nan,nan,nan,nan,nan,nan,,,nan,nan,nan,nan,nan,nan,nan,nan,nan,,,,nan,nan,nan,nan,nan,,False,,nan,,,nan,nan,nan,,,,,,,,0.7000001951690111,0.03444352529891596,0.10045053462440276,1.7490489532407673e-05,8.177346232074645e-07,0.0905400628506004,True,accepted,accepted,"[10.414820193084507,0.3872389841881572,2.676450731346163]","[0.09601702011654413,2.582384627663723,0.37362914560148014]","[4.602018810476855e-08,2.9656622789757793e-07,2.80758895510458e-07]","[10.414820244308094,0.38723898394284706,2.6764507326000873]","[0.09601701964430015,2.5823846292996255,0.37362914542643394]","[3.1124244228196684e-08,2.833771515173471e-07,3.0139275123309e-07]",8789333.285631519,191.37985708238335,18981009.290002327,91.9574807685212,ris_only_stage2_then_vp,jnpp_then_vp,True,"[""poor_clock_consistency""]",False,1.0,nan,nan,,,nan,nan,nan,False,nan,,,False,,nan,nan,,,nan,nan,nan,False,nan,,,,False,nan,nan,force_ris_only,0.7000000239348663,0.015177235572964158,3,decoupled_robust,legacy_multistart,0.0
fig5,oracle_init_vp,11,3685333214,5.0,snr_db,5.0,3,3,3,3,full_6d,3685333214,,,nan,,False,,32.5496111351531,1.7494025299159495e-05,1.7494025299159495e-05,8.177422138985933e-07,7.453341564528206e-06,3.1912560843597887e-13,0.09054006285060044,False,oracle_init_vp,global_exact_spherical_vp,,False,,adaptive_jones,cupy,True,0,cupy,cupy.linalg.solve,explicit,matrix_free,analytic_reduced_vp_explicit_gradient,False,matrix_free_cpu_only_gpu_backend,,0,0,0,0,,,,,,fixed_pol_anchor,False,,fixed_pol_anchor,nan,nan,nan,nan,False,3,4,3096725.458075429,3096760.834487191,"[10.245578479121566,0.3820607172604322,2.228938531511179]","[0.09760307844281842,2.617385025003674,0.4486440455223275]","[2.6598074017879252e-08,4.394569189746339e-08,1.0070491067603267e-07]",oracle_init_vp,"[""oracle_truth_initialization""]",nan,,,nan,nan,nan,nan,,0.0,32.54772717691958,32.54772717691958,nan,nan,nan,nan,nan,nan,nan,,,nan,nan,nan,nan,nan,nan,nan,nan,nan,,,,nan,nan,nan,nan,nan,,False,,nan,,,nan,nan,nan,,,,,,,,nan,nan,nan,nan,nan,nan,False,,,,,,,,,nan,nan,nan,nan,,,,[],False,nan,nan,nan,,,nan,nan,nan,False,nan,,,False,,nan,nan,,,nan,nan,nan,False,nan,,,,False,nan,nan,,nan,nan,,,legacy_multistart,
fig5,direct_vp,8,641399591,10.0,snr_db,10.0,3,3,3,3,full_6d,641399591,,,nan,,False,,56.78062702296302,7.173859564669936e-05,7.173859564669936e-05,3.739956229719444e-07,1.3861397397633672e-05,5.883258354691893e-14,0.022558786899926745,False,direct_vp,global_exact_spherical_vp,proposed_post_stage1,False,a86b496ea62c43d1,adaptive_jones,cpu,False,,legacy_least_squares,cpu,explicit,,legacy_least_squares_numerical,False,,,0,0,,,,,,,,fixed_pol_anchor,True,fixed_anchor_then_adaptive_jones_score_selection,fixed_pol_anchor,0.21817392494145646,1.0409863064975204,0.4945795426453088,0.0,True,3,4,3098034.1027424787,nan,"[1.0409863064975204,0.22457839649694944,0.21817392494145646]","[0.9606274297339578,4.452788049064901,4.583499152192986]",,direct_vp,[],3097884.64466705,3096560,True,85419559.37581061,78.36177536936397,44.16018335313956,0.02884814965571963,"[4.9505157190124205,5.0082108964581415,5.014696305034472]",24.94138993904926,51.40081292693503,77.05001448490657,nan,nan,nan,nan,nan,nan,nan,,,nan,nan,nan,nan,nan,nan,nan,nan,nan,,,,nan,nan,nan,nan,nan,,False,,nan,,,nan,nan,nan,,,,,,,,7.173859564669936e-05,3.739956229719444e-07,0.022558786899926745,nan,nan,nan,False,not_run,not_requested,"[1.0409863064975204,0.22457839649694944,0.21817392494145646]","[0.9606274297339578,4.452788049064901,4.583499152192986]",,,,,85419559.37581061,78.36177536936397,nan,nan,direct_vp,direct_vp,False,[],False,1.0,nan,nan,,,nan,nan,nan,False,nan,,,False,,nan,nan,,,nan,nan,nan,False,nan,,,,False,nan,nan,reliability_gated,nan,nan,,decoupled_robust,legacy_multistart,0.0
fig5,old_gated,8,641399591,10.0,snr_db,10.0,3,3,3,3,full_6d,641399591,,,nan,,False,,56.31392205506563,7.173859564669936e-05,7.173859564669936e-05,3.739956229719444e-07,1.3861397397633672e-05,5.883258354691893e-14,0.022558786899926745,False,direct_vp,global_exact_spherical_vp,main_single_proposed,True,92a0a259133fb0a2,adaptive_jones,cpu,False,,legacy_least_squares,cpu,explicit,,legacy_least_squares_numerical,False,,,0,0,,,,,,,,fixed_pol_anchor,True,fixed_anchor_then_adaptive_jones_score_selection,fixed_pol_anchor,0.21817392494145646,1.0409863064975204,0.4945795426453088,0.0,True,3,4,3098034.1027424787,nan,"[1.0409863064975204,0.22457839649694944,0.21817392494145646]","[0.9606274297339578,4.452788049064901,4.583499152192986]",,direct_vp,[],3097884.64466705,3096560,True,85419559.37581061,78.36177536936397,44.16018335313956,0.02884814965571963,"[4.9505157190124205,5.0082108964581415,5.014696305034472]",24.94138993904926,51.71113267703913,77.36033423501067,nan,nan,nan,nan,nan,nan,nan,,,nan,nan,nan,nan,nan,nan,nan,nan,nan,,,,nan,nan,nan,nan,nan,,False,,nan,,,nan,nan,nan,,,,,,,,7.173859564669936e-05,3.739956229719444e-07,0.022558786899926745,nan,nan,nan,False,not_run,not_requested,"[1.0409863064975204,0.22457839649694944,0.21817392494145646]","[0.9606274297339578,4.452788049064901,4.583499152192986]",,,,,85419559.37581061,78.36177536936397,nan,nan,direct_vp,direct_vp,False,[],False,1.0,nan,nan,,,nan,nan,nan,False,nan,,,False,,nan,nan,,,nan,nan,nan,False,nan,,,,False,nan,nan,reliability_gated_ris_only,nan,nan,,decoupled_robust,legacy_multistart,0.0
fig5,adaptive_jones_vp_proposed,8,641399591,10.0,snr_db,10.0,3,3,3,3,full_6d,641399591,,,nan,,False,,46.19060346391052,7.173859564669936e-05,7.173859564669936e-05,3.739956229719444e-07,1.3861397397633672e-05,5.883258354691893e-14,0.022558786899926745,False,direct_vp,global_exact_spherical_vp,main_single_proposed,True,c12e7dd828715ac7,adaptive_jones,cpu,False,,legacy_least_squares,cpu,explicit,,legacy_least_squares_numerical,False,,,0,0,,,,,,,,fixed_pol_anchor,True,fixed_anchor_then_adaptive_jones_score_selection,fixed_pol_anchor,0.21817392494145646,1.0409863064975204,0.4945795426453088,0.0,True,3,4,3098034.1027424787,nan,"[1.0409863064975204,0.22457839649694944,0.21817392494145646]","[0.9606274297339578,4.452788049064901,4.583499152192986]",,direct_vp,[],3097884.64466705,3096560,True,85419559.37581061,78.36177536936397,44.16018335313956,0.02884814965571963,"[4.9505157190124205,5.0082108964581415,5.014696305034472]",24.94138993904926,41.97622238914482,67.62542394711636,nan,nan,nan,nan,nan,nan,nan,,,nan,nan,nan,nan,nan,nan,nan,nan,nan,,,,nan,nan,nan,nan,nan,,False,,nan,,,nan,nan,nan,,,,,,,,7.173859564669936e-05,3.739956229719444e-07,0.022558786899926745,nan,nan,nan,False,not_run,not_requested,"[1.0409863064975204,0.22457839649694944,0.21817392494145646]","[0.9606274297339578,4.452788049064901,4.583499152192986]",,,,,85419559.37581061,78.36177536936397,nan,nan,direct_vp,direct_vp,False,[],True,1.0,0.0004304070983366969,0.0004304070983366969,2,data_only_efim_tau_crb,0.005988927967067624,2.7429088081518825e-06,2.7429088081518825e-06,True,0.00043315000714484877,green,clock_green,False,ngc_green_skip_rescue,nan,nan,2,,nan,nan,nan,False,nan,,candidate_unavailable,ngc_green_skip_rescue,False,9.21034037197618,13.815510557964274,ngc_certified_ris_only,nan,nan,,decoupled_robust,legacy_multistart,0.0
fig5,force_rescue,8,641399591,10.0,snr_db,10.0,3,3,3,3,full_6d,641399591,,,nan,,False,,95.62433235021308,7.173859564669936e-05,7.173859564669936e-05,3.739956229719444e-07,1.3861397397633672e-05,5.883258354691893e-14,0.022558786899926745,False,direct_vp_rollback,global_exact_spherical_vp,main_single_proposed,True,5da75a10c3e15501,adaptive_jones,cpu,False,,legacy_least_squares,cpu,explicit,,legacy_least_squares_numerical,False,,,0,0,,,,,,,,fixed_pol_anchor,True,fixed_anchor_then_adaptive_jones_score_selection,fixed_pol_anchor,0.21817392494145646,1.0409863064975204,0.4945795426453088,0.0,True,3,4,3098034.1027424787,nan,"[1.0409863064975204,0.22457839649694944,0.21817392494145646]","[0.9606274297339578,4.452788049064901,4.583499152192986]",,jnpp_then_vp,[],3097884.64466705,3096560,True,85419559.37581061,78.36177536936397,44.16018335313956,0.02884814965571963,"[4.9505157190124205,5.0082108964581415,5.014696305034472]",24.94138993904926,38.19533026404679,63.844531822018325,nan,nan,nan,nan,nan,nan,nan,,,nan,nan,nan,nan,nan,nan,nan,nan,nan,,,,nan,nan,nan,nan,nan,,False,,nan,,,nan,nan,nan,,,,,,,,7.173859564669936e-05,3.739956229719444e-07,0.022558786899926745,7.17404262254834e-05,3.7399634557027045e-07,0.022558786899926807,True,rollback,existing_selector_rollback,"[1.0409863064975204,0.22457839649694944,0.21817392494145646]","[0.9606274297339578,4.452788049064901,4.583499152192986]",,"[1.0409863064596045,0.2245783964987835,0.2181739249374878]","[0.9606274297689468,4.452788049028537,4.583499152276361]",,85419559.37581061,78.36177536936397,85419559.7388483,78.36177504501336,direct_vp,direct_vp,False,[],False,1.0,nan,nan,,,nan,nan,nan,False,nan,,,False,,nan,nan,,,nan,nan,nan,False,nan,,,,False,nan,nan,force_ris_only,0.0001391744813759706,0.0014870427374196235,3,decoupled_robust,legacy_multistart,0.0
fig5,oracle_init_vp,8,641399591,10.0,snr_db,10.0,3,3,3,3,full_6d,641399591,,,nan,,False,,25.934738469077274,7.174227272985201e-05,7.174227272985201e-05,3.739971503936307e-07,1.3861895482524361e-05,5.883245497247988e-14,0.022558786899926818,False,oracle_init_vp,global_exact_spherical_vp,,False,,adaptive_jones,cupy,True,0,cupy,cupy.linalg.solve,explicit,matrix_free,analytic_reduced_vp_explicit_gradient,False,matrix_free_cpu_only_gpu_backend,,0,0,0,0,,,,,,fixed_pol_anchor,False,,fixed_pol_anchor,nan,nan,nan,nan,False,3,4,3096725.458075429,3096790.6905301353,"[1.0414262378839216,0.22467330562553595,0.21826612746472213]","[0.9602216303200338,4.450907050197054,4.581562937022418]","[2.8513375647134936e-07,1.1629333647001568e-07,1.6508300132472185e-08]",oracle_init_vp,"[""oracle_truth_initialization""]",nan,,,nan,nan,nan,nan,,0.0,25.933090524049476,25.933090524049476,nan,nan,nan,nan,nan,nan,nan,,,nan,nan,nan,nan,nan,nan,nan,nan,nan,,,,nan,nan,nan,nan,nan,,False,,nan,,,nan,nan,nan,,,,,,,,nan,nan,nan,nan,nan,nan,False,,,,,,,,,nan,nan,nan,nan,,,,[],False,nan,nan,nan,,,nan,nan,nan,False,nan,,,False,,nan,nan,,,nan,nan,nan,False,nan,,,,False,nan,nan,,nan,nan,,,legacy_multistart,
fig5,direct_vp,9,3933360494,5.0,snr_db,5.0,3,3,3,3,full_6d,3933360494,,,nan,,False,,134.89947270182893,5.662503715900255e-05,5.662503715900255e-05,1.6118051627556163e-06,1.4222057259957032e-05,2.0756374114539323e-13,0.03766989445562407,False,direct_vp,global_exact_spherical_vp,proposed_post_stage1,False,29f6247482b9ed7c,adaptive_jones,cpu,False,,legacy_least_squares,cpu,explicit,,legacy_least_squares_numerical,False,,,0,0,,,,,,,,fixed_pol_anchor,True,fixed_anchor_then_adaptive_jones_score_selection,fixed_pol_anchor,0.7125167996788873,1.4228044441022774,1.116750014781731,0.0,True,3,10,3822581.47956541,3823869.5432069437,"[0.7125167996788873,1.2149288005640284,1.4228044441022774]","[1.4034756800821557,0.8230935010632203,0.7028372761581654]","[4.782789471812569e-07,1.7503302199915396e-06,9.863134930304183e-07]",direct_vp,[],3096586.5744280913,3096560,True,22830519.173116993,76.99765508093384,37.38866103520985,0.030680960037727162,"[5.0462246445150285,4.9810939914748324,4.981187108096575]",27.58842742512934,129.57478993106633,157.99066697922535,nan,nan,nan,nan,nan,nan,nan,,,nan,nan,nan,nan,nan,nan,nan,nan,nan,,,,nan,nan,nan,nan,nan,,False,,nan,,,nan,nan,nan,,,,,,,,5.662503715900255e-05,1.6118051627556163e-06,0.03766989445562407,nan,nan,nan,False,not_run,not_requested,"[0.7125167996788873,1.2149288005640284,1.4228044441022774]","[1.4034756800821557,0.8230935010632203,0.7028372761581654]","[4.782789471812569e-07,1.7503302199915396e-06,9.863134930304183e-07]",,,,22830519.173116993,76.99765508093384,nan,nan,direct_vp,direct_vp,False,[],False,1.0,nan,nan,,,nan,nan,nan,False,nan,,,False,,nan,nan,,,nan,nan,nan,False,nan,,,,False,nan,nan,reliability_gated,nan,nan,,decoupled_robust,legacy_multistart,0.0
fig5,old_gated,9,3933360494,5.0,snr_db,5.0,3,3,3,3,full_6d,3933360494,,,nan,,False,,126.89444254897535,5.662503715900255e-05,5.662503715900255e-05,1.6118051627556163e-06,1.4222057259957032e-05,2.0756374114539323e-13,0.03766989445562407,False,direct_vp,global_exact_spherical_vp,main_single_proposed,True,d1ab3eb3ee2460bd,adaptive_jones,cpu,False,,legacy_least_squares,cpu,explicit,,legacy_least_squares_numerical,False,,,0,0,,,,,,,,fixed_pol_anchor,True,fixed_anchor_then_adaptive_jones_score_selection,fixed_pol_anchor,0.7125167996788873,1.4228044441022774,1.116750014781731,0.0,True,3,10,3822581.47956541,3823869.5432069437,"[0.7125167996788873,1.2149288005640284,1.4228044441022774]","[1.4034756800821557,0.8230935010632203,0.7028372761581654]","[4.782789471812569e-07,1.7503302199915396e-06,9.863134930304183e-07]",direct_vp,[],3096586.5744280913,3096560,True,22830519.173116993,76.99765508093384,37.38866103520985,0.030680960037727162,"[5.0462246445150285,4.9810939914748324,4.981187108096575]",27.58842742512934,122.55591920297593,150.97179625113495,nan,nan,nan,nan,nan,nan,nan,,,nan,nan,nan,nan,nan,nan,nan,nan,nan,,,,nan,nan,nan,nan,nan,,False,,nan,,,nan,nan,nan,,,,,,,,5.662503715900255e-05,1.6118051627556163e-06,0.03766989445562407,nan,nan,nan,False,not_run,not_requested,"[0.7125167996788873,1.2149288005640284,1.4228044441022774]","[1.4034756800821557,0.8230935010632203,0.7028372761581654]","[4.782789471812569e-07,1.7503302199915396e-06,9.863134930304183e-07]",,,,22830519.173116993,76.99765508093384,nan,nan,direct_vp,direct_vp,False,[],False,1.0,nan,nan,,,nan,nan,nan,False,nan,,,False,,nan,nan,,,nan,nan,nan,False,nan,,,,False,nan,nan,reliability_gated_ris_only,nan,nan,,decoupled_robust,legacy_multistart,0.0
fig5,adaptive_jones_vp_proposed,9,3933360494,5.0,snr_db,5.0,3,3,3,3,full_6d,3933360494,,,nan,,False,,137.67867925204337,5.662503715900255e-05,5.662503715900255e-05,1.6118051627556163e-06,1.4222057259957032e-05,2.0756374114539323e-13,0.03766989445562407,False,direct_vp,global_exact_spherical_vp,main_single_proposed,True,4aa93c768449e53b,adaptive_jones,cpu,False,,legacy_least_squares,cpu,explicit,,legacy_least_squares_numerical,False,,,0,0,,,,,,,,fixed_pol_anchor,True,fixed_anchor_then_adaptive_jones_score_selection,fixed_pol_anchor,0.7125167996788873,1.4228044441022774,1.116750014781731,0.0,True,3,10,3822581.47956541,3823869.5432069437,"[0.7125167996788873,1.2149288005640284,1.4228044441022774]","[1.4034756800821557,0.8230935010632203,0.7028372761581654]","[4.782789471812569e-07,1.7503302199915396e-06,9.863134930304183e-07]",direct_vp,[],3096586.5744280913,3096560,True,22830519.173116993,76.99765508093384,37.38866103520985,0.030680960037727162,"[5.0462246445150285,4.9810939914748324,4.981187108096575]",27.58842742512934,132.51655907789245,160.93243612605147,nan,nan,nan,nan,nan,nan,nan,,,nan,nan,nan,nan,nan,nan,nan,nan,nan,,,,nan,nan,nan,nan,nan,,False,,nan,,,nan,nan,nan,,,,,,,,5.662503715900255e-05,1.6118051627556163e-06,0.03766989445562407,nan,nan,nan,False,not_run,not_requested,"[0.7125167996788873,1.2149288005640284,1.4228044441022774]","[1.4034756800821557,0.8230935010632203,0.7028372761581654]","[4.782789471812569e-07,1.7503302199915396e-06,9.863134930304183e-07]",,,,22830519.173116993,76.99765508093384,nan,nan,direct_vp,direct_vp,False,[],True,1.0,0.0001920307411806323,0.0001920307411806323,2,data_only_efim_tau_crb,0.004000320207814956,7.5696189908429096e-06,7.5696189908429096e-06,True,0.0001996003601714752,green,clock_green,False,ngc_green_skip_rescue,nan,nan,2,,nan,nan,nan,False,nan,,candidate_unavailable,ngc_green_skip_rescue,False,9.21034037197618,13.815510557964274,ngc_certified_ris_only,nan,nan,,decoupled_robust,legacy_multistart,0.0
fig5,force_rescue,9,3933360494,5.0,snr_db,5.0,3,3,3,3,full_6d,3933360494,,,nan,,False,,285.2813749150373,5.662503715900255e-05,5.662503715900255e-05,1.6118051627556163e-06,1.4222057259957032e-05,2.0756374114539323e-13,0.03766989445562407,False,direct_vp_rollback,global_exact_spherical_vp,main_single_proposed,True,55dca9733a5b80b5,adaptive_jones,cpu,False,,legacy_least_squares,cpu,explicit,,legacy_least_squares_numerical,False,,,0,0,,,,,,,,fixed_pol_anchor,True,fixed_anchor_then_adaptive_jones_score_selection,fixed_pol_anchor,0.7125167996788873,1.4228044441022774,1.116750014781731,0.0,True,3,10,3822581.47956541,3823869.5432069437,"[0.7125167996788873,1.2149288005640284,1.4228044441022774]","[1.4034756800821557,0.8230935010632203,0.7028372761581654]","[4.782789471812569e-07,1.7503302199915396e-06,9.863134930304183e-07]",jnpp_then_vp,[],3096586.5744280913,3096560,True,22830519.173116993,76.99765508093384,37.38866103520985,0.030680960037727162,"[5.0462246445150285,4.9810939914748324,4.981187108096575]",27.58842742512934,133.88602640596218,162.3019034541212,nan,nan,nan,nan,nan,nan,nan,,,nan,nan,nan,nan,nan,nan,nan,nan,nan,,,,nan,nan,nan,nan,nan,,False,,nan,,,nan,nan,nan,,,,,,,,5.662503715900255e-05,1.6118051627556163e-06,0.03766989445562407,5.6618759400410176e-05,1.6118040525321138e-06,0.037669894455624034,True,rollback,existing_selector_rollback,"[0.7125167996788873,1.2149288005640284,1.4228044441022774]","[1.4034756800821557,0.8230935010632203,0.7028372761581654]","[4.782789471812569e-07,1.7503302199915396e-06,9.863134930304183e-07]","[0.7125167996627388,1.2149288009846022,1.422804443343734]","[1.403475680113964,0.8230935007782887,0.7028372765328708]","[4.787529108938465e-07,1.8109510754111002e-06,9.246306740885793e-07]",22830519.173116993,76.99765508093384,22830519.7823675,76.9976527977134,direct_vp,direct_vp,False,[],False,1.0,nan,nan,,,nan,nan,nan,False,nan,,,False,,nan,nan,,,nan,nan,nan,False,nan,,,,False,nan,nan,force_ris_only,0.7000006214059746,0.006359891208061812,3,decoupled_robust,legacy_multistart,0.0
fig5,oracle_init_vp,9,3933360494,5.0,snr_db,5.0,3,3,3,3,full_6d,3933360494,,,nan,,False,,44.9725310029462,5.6622852098791904e-05,5.6622852098791904e-05,1.61179674180316e-06,1.4222014458870154e-05,2.0755460355954858e-13,0.0376698944556241,False,oracle_init_vp,global_exact_spherical_vp,,False,,adaptive_jones,cupy,True,0,cupy,cupy.linalg.solve,explicit,matrix_free,analytic_reduced_vp_explicit_gradient,False,matrix_free_cpu_only_gpu_backend,,0,0,0,0,,,,,,fixed_pol_anchor,False,,fixed_pol_anchor,nan,nan,nan,nan,False,3,4,3096725.458075429,3096771.607235369,"[0.7039197980054935,1.1947165752532847,1.104561115382777]","[1.4206163867428145,0.8370186040038837,0.9053369578851718]","[8.667609931306305e-09,1.700640142042701e-08,1.7616457972111684e-07]",oracle_init_vp,"[""oracle_truth_initialization""]",nan,,,nan,nan,nan,nan,,0.0,44.97040453599766,44.97040453599766,nan,nan,nan,nan,nan,nan,nan,,,nan,nan,nan,nan,nan,nan,nan,nan,nan,,,,nan,nan,nan,nan,nan,,False,,nan,,,nan,nan,nan,,,,,,,,nan,nan,nan,nan,nan,nan,False,,,,,,,,,nan,nan,nan,nan,,,,[],False,nan,nan,nan,,,nan,nan,nan,False,nan,,,False,,nan,nan,,,nan,nan,nan,False,nan,,,,False,nan,nan,,nan,nan,,,legacy_multistart,
fig5,direct_vp,18,3644258948,5.0,snr_db,5.0,3,3,3,3,full_6d,3644258948,,,nan,,False,,112.0558137060143,9.162446894209616e-05,9.162446894209616e-05,1.163137336742216e-06,7.557447786163029e-05,8.621251372791241e-13,0.13897517213139435,False,direct_vp,global_exact_spherical_vp,proposed_post_stage1,False,453e78d3aba2f5c6,adaptive_jones,cpu,False,,legacy_least_squares,cpu,explicit,,legacy_least_squares_numerical,False,,,0,0,,,,,,,,fixed_pol_anchor,True,fixed_anchor_then_adaptive_jones_score_selection,fixed_pol_anchor,0.5243322911552003,3.4481287500369064,2.0108070205649304,0.0,True,3,10,4572101.724766767,4572694.881158162,"[2.0599600205026833,3.4481287500369064,0.5243322911552003]","[0.4854463145133828,0.29001237264874424,1.9071875161384626]","[1.0786945016483345e-07,1.2630338029845486e-06,1.1778429568195e-07]",direct_vp,[],3093957.5298963175,3096560,True,25492928.96227913,80.84320888413139,43.24586490263414,0.05512570060497154,"[5.060744366789687,5.122824688276013,4.98793695574869]",23.45834921998903,106.74638458900154,130.8311693831347,nan,nan,nan,nan,nan,nan,nan,,,nan,nan,nan,nan,nan,nan,nan,nan,nan,,,,nan,nan,nan,nan,nan,,False,,nan,,,nan,nan,nan,,,,,,,,9.162446894209616e-05,1.163137336742216e-06,0.13897517213139435,nan,nan,nan,False,not_run,not_requested,"[2.0599600205026833,3.4481287500369064,0.5243322911552003]","[0.4854463145133828,0.29001237264874424,1.9071875161384626]","[1.0786945016483345e-07,1.2630338029845486e-06,1.1778429568195e-07]",,,,25492928.96227913,80.84320888413139,nan,nan,direct_vp,direct_vp,False,[],False,1.0,nan,nan,,,nan,nan,nan,False,nan,,,False,,nan,nan,,,nan,nan,nan,False,nan,,,,False,nan,nan,reliability_gated,nan,nan,,decoupled_robust,legacy_multistart,0.0
fig5,old_gated,18,3644258948,5.0,snr_db,5.0,3,3,3,3,full_6d,3644258948,,,nan,,False,,132.64899313496426,9.162446894209616e-05,9.162446894209616e-05,1.163137336742216e-06,7.557447786163029e-05,8.621251372791241e-13,0.13897517213139435,False,direct_vp,global_exact_spherical_vp,main_single_proposed,True,02d1e285822bdacd,adaptive_jones,cpu,False,,legacy_least_squares,cpu,explicit,,legacy_least_squares_numerical,False,,,0,0,,,,,,,,fixed_pol_anchor,True,fixed_anchor_then_adaptive_jones_score_selection,fixed_pol_anchor,0.5243322911552003,3.4481287500369064,2.0108070205649304,0.0,True,3,10,4572101.724766767,4572694.881158162,"[2.0599600205026833,3.4481287500369064,0.5243322911552003]","[0.4854463145133828,0.29001237264874424,1.9071875161384626]","[1.0786945016483345e-07,1.2630338029845486e-06,1.1778429568195e-07]",direct_vp,[],3093957.5298963175,3096560,True,25492928.96227913,80.84320888413139,43.24586490263414,0.05512570060497154,"[5.060744366789687,5.122824688276013,4.98793695574869]",23.45834921998903,127.46136999805458,151.54615479218774,nan,nan,nan,nan,nan,nan,nan,,,nan,nan,nan,nan,nan,nan,nan,nan,nan,,,,nan,nan,nan,nan,nan,,False,,nan,,,nan,nan,nan,,,,,,,,9.162446894209616e-05,1.163137336742216e-06,0.13897517213139435,nan,nan,nan,False,not_run,not_requested,"[2.0599600205026833,3.4481287500369064,0.5243322911552003]","[0.4854463145133828,0.29001237264874424,1.9071875161384626]","[1.0786945016483345e-07,1.2630338029845486e-06,1.1778429568195e-07]",,,,25492928.96227913,80.84320888413139,nan,nan,direct_vp,direct_vp,False,[],False,1.0,nan,nan,,,nan,nan,nan,False,nan,,,False,,nan,nan,,,nan,nan,nan,False,nan,,,,False,nan,nan,reliability_gated_ris_only,nan,nan,,decoupled_robust,legacy_multistart,0.0
fig5,adaptive_jones_vp_proposed,18,3644258948,5.0,snr_db,5.0,3,3,3,3,full_6d,3644258948,,,nan,,False,,132.75809032004327,9.162446894209616e-05,9.162446894209616e-05,1.163137336742216e-06,7.557447786163029e-05,8.621251372791241e-13,0.13897517213139435,False,direct_vp,global_exact_spherical_vp,main_single_proposed,True,5616d4e140b30b5c,adaptive_jones,cpu,False,,legacy_least_squares,cpu,explicit,,legacy_least_squares_numerical,False,,,0,0,,,,,,,,fixed_pol_anchor,True,fixed_anchor_then_adaptive_jones_score_selection,fixed_pol_anchor,0.5243322911552003,3.4481287500369064,2.0108070205649304,0.0,True,3,10,4572101.724766767,4572694.881158162,"[2.0599600205026833,3.4481287500369064,0.5243322911552003]","[0.4854463145133828,0.29001237264874424,1.9071875161384626]","[1.0786945016483345e-07,1.2630338029845486e-06,1.1778429568195e-07]",direct_vp,[],3093957.5298963175,3096560,True,25492928.96227913,80.84320888413139,43.24586490263414,0.05512570060497154,"[5.060744366789687,5.122824688276013,4.98793695574869]",23.45834921998903,127.6624008261133,151.74718562024646,nan,nan,nan,nan,nan,nan,nan,,,nan,nan,nan,nan,nan,nan,nan,nan,nan,,,,nan,nan,nan,nan,nan,,False,,nan,,,nan,nan,nan,,,,,,,,9.162446894209616e-05,1.163137336742216e-06,0.13897517213139435,nan,nan,nan,False,not_run,not_requested,"[2.0599600205026833,3.4481287500369064,0.5243322911552003]","[0.4854463145133828,0.29001237264874424,1.9071875161384626]","[1.0786945016483345e-07,1.2630338029845486e-06,1.1778429568195e-07]",,,,25492928.96227913,80.84320888413139,nan,nan,direct_vp,direct_vp,False,[],True,1.0,0.0018494765985636635,0.0018494765985636635,2,data_only_efim_tau_crb,0.012414630476993881,2.2447367939636723e-05,2.2447367939636723e-05,True,0.0018719239665033003,green,clock_green,False,ngc_green_skip_rescue,nan,nan,2,,nan,nan,nan,False,nan,,candidate_unavailable,ngc_green_skip_rescue,False,9.21034037197618,13.815510557964274,ngc_certified_ris_only,nan,nan,,decoupled_robust,legacy_multistart,0.0
fig5,force_rescue,18,3644258948,5.0,snr_db,5.0,3,3,3,3,full_6d,3644258948,,,nan,,False,,238.69304768415168,9.162446894209616e-05,9.162446894209616e-05,1.163137336742216e-06,7.557447786163029e-05,8.621251372791241e-13,0.13897517213139435,False,direct_vp_rollback,global_exact_spherical_vp,main_single_proposed,True,04e983ee3bb93543,adaptive_jones,cpu,False,,legacy_least_squares,cpu,explicit,,legacy_least_squares_numerical,False,,,0,0,,,,,,,,fixed_pol_anchor,True,fixed_anchor_then_adaptive_jones_score_selection,fixed_pol_anchor,0.5243322911552003,3.4481287500369064,2.0108070205649304,0.0,True,3,10,4572101.724766767,4572694.881158162,"[2.0599600205026833,3.4481287500369064,0.5243322911552003]","[0.4854463145133828,0.29001237264874424,1.9071875161384626]","[1.0786945016483345e-07,1.2630338029845486e-06,1.1778429568195e-07]",jnpp_then_vp,[],3093957.5298963175,3096560,True,25492928.96227913,80.84320888413139,43.24586490263414,0.05512570060497154,"[5.060744366789687,5.122824688276013,4.98793695574869]",23.45834921998903,123.19460565596819,147.27939045010135,nan,nan,nan,nan,nan,nan,nan,,,nan,nan,nan,nan,nan,nan,nan,nan,nan,,,,nan,nan,nan,nan,nan,,False,,nan,,,nan,nan,nan,,,,,,,,9.162446894209616e-05,1.163137336742216e-06,0.13897517213139435,9.162319699772758e-05,1.1631366497207797e-06,0.13897517213139376,True,rollback,existing_selector_rollback,"[2.0599600205026833,3.4481287500369064,0.5243322911552003]","[0.4854463145133828,0.29001237264874424,1.9071875161384626]","[1.0786945016483345e-07,1.2630338029845486e-06,1.1778429568195e-07]","[2.059959961795324,3.4481286695811906,0.5243322964800643]","[0.48544632834824936,0.29001237941564745,1.907187496769993]","[9.693659959771737e-08,1.2911941494073262e-06,1.257975394688213e-07]",25492928.96227913,80.84320888413139,25492929.012283526,80.84320872617123,direct_vp,direct_vp,False,[],False,1.0,nan,nan,,,nan,nan,nan,False,nan,,,False,,nan,nan,,,nan,nan,nan,False,nan,,,,False,nan,nan,force_ris_only,0.7000000407148428,0.05335886569118521,3,decoupled_robust,legacy_multistart,0.0
fig5,oracle_init_vp,18,3644258948,5.0,snr_db,5.0,3,3,3,3,full_6d,3644258948,,,nan,,False,,32.62535919714719,9.162418475411304e-05,9.162418475411304e-05,1.1631261847444448e-06,7.557441616404195e-05,8.621125478501365e-13,0.138975172131394,False,oracle_init_vp,global_exact_spherical_vp,,False,,adaptive_jones,cupy,True,0,cupy,cupy.linalg.solve,explicit,matrix_free,analytic_reduced_vp_explicit_gradient,False,matrix_free_cpu_only_gpu_backend,,0,0,0,0,,,,,,fixed_pol_anchor,False,,fixed_pol_anchor,nan,nan,nan,nan,False,3,4,3096725.458075429,3096764.546479249,"[2.050015383031161,3.422293856646205,0.4211291782270872]","[0.4878012176276189,0.29220167580131834,2.3745683075427864]","[4.3429453126773416e-08,1.9680187459478023e-10,1.073656747513706e-07]",oracle_init_vp,"[""oracle_truth_initialization""]",nan,,,nan,nan,nan,nan,,0.0,32.62331105605699,32.62331105605699,nan,nan,nan,nan,nan,nan,nan,,,nan,nan,nan,nan,nan,nan,nan,nan,nan,,,,nan,nan,nan,nan,nan,,False,,nan,,,nan,nan,nan,,,,,,,,nan,nan,nan,nan,nan,nan,False,,,,,,,,,nan,nan,nan,nan,,,,[],False,nan,nan,nan,,,nan,nan,nan,False,nan,,,False,,nan,nan,,,nan,nan,nan,False,nan,,,,False,nan,nan,,nan,nan,,,legacy_multistart,
fig5,direct_vp,10,781873798,10.0,snr_db,10.0,3,3,3,3,full_6d,781873798,,,nan,,False,,56.02945467992686,7.237545529326771e-05,7.237545529326771e-05,4.200546278830166e-07,6.440833268668243e-05,6.669909684875213e-14,0.022036030783719133,False,direct_vp,global_exact_spherical_vp,proposed_post_stage1,False,311dc400cca581e9,adaptive_jones,cpu,False,,legacy_least_squares,cpu,explicit,,legacy_least_squares_numerical,False,,,0,0,,,,,,,,fixed_pol_anchor,True,fixed_anchor_then_adaptive_jones_score_selection,fixed_pol_anchor,0.1397632374692229,3.584214892841977,1.3718634329245125,0.0,True,3,4,3094418.614476983,nan,"[0.39161216846233715,3.584214892841977,0.1397632374692229]","[2.5535468009742965,0.2790011285298525,7.154957327173171]",,direct_vp,[],3094269.156401554,3096560,True,81527831.08395168,81.20229095970481,46.69772319599566,0.018657141428314483,"[4.998047059462704,5.040340630709864,5.0041991613079055]",24.662266868865117,50.80977412080392,76.17394200479612,nan,nan,nan,nan,nan,nan,nan,,,nan,nan,nan,nan,nan,nan,nan,nan,nan,,,,nan,nan,nan,nan,nan,,False,,nan,,,nan,nan,nan,,,,,,,,7.237545529326771e-05,4.200546278830166e-07,0.022036030783719133,nan,nan,nan,False,not_run,not_requested,"[0.39161216846233715,3.584214892841977,0.1397632374692229]","[2.5535468009742965,0.2790011285298525,7.154957327173171]",,,,,81527831.08395168,81.20229095970481,nan,nan,direct_vp,direct_vp,False,[],False,1.0,nan,nan,,,nan,nan,nan,False,nan,,,False,,nan,nan,,,nan,nan,nan,False,nan,,,,False,nan,nan,reliability_gated,nan,nan,,decoupled_robust,legacy_multistart,0.0
fig5,old_gated,10,781873798,10.0,snr_db,10.0,3,3,3,3,full_6d,781873798,,,nan,,False,,53.559900716878474,7.237545529326771e-05,7.237545529326771e-05,4.200546278830166e-07,6.440833268668243e-05,6.669909684875213e-14,0.022036030783719133,False,direct_vp,global_exact_spherical_vp,main_single_proposed,True,e2899f080bd92113,adaptive_jones,cpu,False,,legacy_least_squares,cpu,explicit,,legacy_least_squares_numerical,False,,,0,0,,,,,,,,fixed_pol_anchor,True,fixed_anchor_then_adaptive_jones_score_selection,fixed_pol_anchor,0.1397632374692229,3.584214892841977,1.3718634329245125,0.0,True,3,4,3094418.614476983,nan,"[0.39161216846233715,3.584214892841977,0.1397632374692229]","[2.5535468009742965,0.2790011285298525,7.154957327173171]",,direct_vp,[],3094269.156401554,3096560,True,81527831.08395168,81.20229095970481,46.69772319599566,0.018657141428314483,"[4.998047059462704,5.040340630709864,5.0041991613079055]",24.662266868865117,48.84846117696725,74.21262906095944,nan,nan,nan,nan,nan,nan,nan,,,nan,nan,nan,nan,nan,nan,nan,nan,nan,,,,nan,nan,nan,nan,nan,,False,,nan,,,nan,nan,nan,,,,,,,,7.237545529326771e-05,4.200546278830166e-07,0.022036030783719133,nan,nan,nan,False,not_run,not_requested,"[0.39161216846233715,3.584214892841977,0.1397632374692229]","[2.5535468009742965,0.2790011285298525,7.154957327173171]",,,,,81527831.08395168,81.20229095970481,nan,nan,direct_vp,direct_vp,False,[],False,1.0,nan,nan,,,nan,nan,nan,False,nan,,,False,,nan,nan,,,nan,nan,nan,False,nan,,,,False,nan,nan,reliability_gated_ris_only,nan,nan,,decoupled_robust,legacy_multistart,0.0
fig5,adaptive_jones_vp_proposed,10,781873798,10.0,snr_db,10.0,3,3,3,3,full_6d,781873798,,,nan,,False,,57.21199301118031,7.237545529326771e-05,7.237545529326771e-05,4.200546278830166e-07,6.440833268668243e-05,6.669909684875213e-14,0.022036030783719133,False,direct_vp,global_exact_spherical_vp,main_single_proposed,True,3e35cef4c6e5aad3,adaptive_jones,cpu,False,,legacy_least_squares,cpu,explicit,,legacy_least_squares_numerical,False,,,0,0,,,,,,,,fixed_pol_anchor,True,fixed_anchor_then_adaptive_jones_score_selection,fixed_pol_anchor,0.1397632374692229,3.584214892841977,1.3718634329245125,0.0,True,3,4,3094418.614476983,nan,"[0.39161216846233715,3.584214892841977,0.1397632374692229]","[2.5535468009742965,0.2790011285298525,7.154957327173171]",,direct_vp,[],3094269.156401554,3096560,True,81527831.08395168,81.20229095970481,46.69772319599566,0.018657141428314483,"[4.998047059462704,5.040340630709864,5.0041991613079055]",24.662266868865117,52.27741444390267,77.64158232789487,nan,nan,nan,nan,nan,nan,nan,,,nan,nan,nan,nan,nan,nan,nan,nan,nan,,,,nan,nan,nan,nan,nan,,False,,nan,,,nan,nan,nan,,,,,,,,7.237545529326771e-05,4.200546278830166e-07,0.022036030783719133,nan,nan,nan,False,not_run,not_requested,"[0.39161216846233715,3.584214892841977,0.1397632374692229]","[2.5535468009742965,0.2790011285298525,7.154957327173171]",,,,,81527831.08395168,81.20229095970481,nan,nan,direct_vp,direct_vp,False,[],True,1.0,5.8514070650050645e-05,5.8514070650050645e-05,2,data_only_efim_tau_crb,0.002208205731849025,6.182403126050928e-06,6.182403126050928e-06,True,6.469647377610157e-05,green,clock_green,False,ngc_green_skip_rescue,nan,nan,2,,nan,nan,nan,False,nan,,candidate_unavailable,ngc_green_skip_rescue,False,9.21034037197618,13.815510557964274,ngc_certified_ris_only,nan,nan,,decoupled_robust,legacy_multistart,0.0
fig5,force_rescue,10,781873798,10.0,snr_db,10.0,3,3,3,3,full_6d,781873798,,,nan,,False,,127.82123954198323,7.237545529326771e-05,7.237545529326771e-05,4.200546278830166e-07,6.440833268668243e-05,6.669909684875213e-14,0.022036030783719133,False,direct_vp_rollback,global_exact_spherical_vp,main_single_proposed,True,8b5675eb6eadab9f,adaptive_jones,cpu,False,,legacy_least_squares,cpu,explicit,,legacy_least_squares_numerical,False,,,0,0,,,,,,,,fixed_pol_anchor,True,fixed_anchor_then_adaptive_jones_score_selection,fixed_pol_anchor,0.1397632374692229,3.584214892841977,1.3718634329245125,0.0,True,3,4,3094418.614476983,nan,"[0.39161216846233715,3.584214892841977,0.1397632374692229]","[2.5535468009742965,0.2790011285298525,7.154957327173171]",,jnpp_then_vp,[],3094269.156401554,3096560,True,81527831.08395168,81.20229095970481,46.69772319599566,0.018657141428314483,"[4.998047059462704,5.040340630709864,5.0041991613079055]",24.662266868865117,53.057351764058694,78.42151964805089,nan,nan,nan,nan,nan,nan,nan,,,nan,nan,nan,nan,nan,nan,nan,nan,nan,,,,nan,nan,nan,nan,nan,,False,,nan,,,nan,nan,nan,,,,,,,,7.237545529326771e-05,4.200546278830166e-07,0.022036030783719133,7.237464531745753e-05,4.200465587402085e-07,0.022036030783719143,True,rollback,existing_selector_rollback,"[0.39161216846233715,3.584214892841977,0.1397632374692229]","[2.5535468009742965,0.2790011285298525,7.154957327173171]",,"[0.3916121684472048,3.584214892836699,0.13976323746395874]","[2.5535468010729687,0.2790011285302633,7.15495732744266]",,81527831.08395168,81.20229095970481,81527831.15587749,81.20229086506265,direct_vp,direct_vp,False,[],False,1.0,nan,nan,,,nan,nan,nan,False,nan,,,False,,nan,nan,,,nan,nan,nan,False,nan,,,,False,nan,nan,force_ris_only,0.0001822102567031003,0.012856974314164042,3,decoupled_robust,legacy_multistart,0.0
fig5,oracle_init_vp,10,781873798,10.0,snr_db,10.0,3,3,3,3,full_6d,781873798,,,nan,,False,,43.933572159847245,7.237548402879314e-05,7.237548402879314e-05,4.2005383749436496e-07,6.440820727112237e-05,6.669844865379561e-14,0.022036030783719067,False,oracle_init_vp,global_exact_spherical_vp,,False,,adaptive_jones,cupy,True,0,cupy,cupy.linalg.solve,explicit,matrix_free,analytic_reduced_vp_explicit_gradient,False,matrix_free_cpu_only_gpu_backend,,0,0,0,0,,,,,,fixed_pol_anchor,False,,fixed_pol_anchor,nan,nan,nan,nan,False,3,4,3096725.458075429,3096784.7333248286,"[0.39132043073666983,3.5815447750095797,0.1396591186203823]","[2.5554505245664925,0.2792091298073312,7.160291500321105]","[2.4590640373179436e-08,2.2796399189014182e-07,1.4546484339236009e-07]",oracle_init_vp,"[""oracle_truth_initialization""]",nan,,,nan,nan,nan,nan,,0.0,43.931919717928395,43.931919717928395,nan,nan,nan,nan,nan,nan,nan,,,nan,nan,nan,nan,nan,nan,nan,nan,nan,,,,nan,nan,nan,nan,nan,,False,,nan,,,nan,nan,nan,,,,,,,,nan,nan,nan,nan,nan,nan,False,,,,,,,,,nan,nan,nan,nan,,,,[],False,nan,nan,nan,,,nan,nan,nan,False,nan,,,False,,nan,nan,,,nan,nan,nan,False,nan,,,,False,nan,nan,,nan,nan,,,legacy_multistart,
fig5,direct_vp,7,1914929603,10.0,snr_db,10.0,3,3,3,3,full_6d,1914929603,,,nan,,False,,77.19460394885391,0.00013192067793427574,0.00013192067793427574,5.361975792309488e-07,7.351592997140352e-05,6.426098311034698e-14,0.07354901902871118,False,direct_vp,global_exact_spherical_vp,proposed_post_stage1,False,41ec8681739eb65a,adaptive_jones,cpu,False,,legacy_least_squares,cpu,explicit,,legacy_least_squares_numerical,False,,,0,0,,,,,,,,fixed_pol_anchor,True,fixed_anchor_then_adaptive_jones_score_selection,fixed_pol_anchor,0.13692000645066207,1.481464964670564,0.7038486053950818,0.0,True,3,4,3094102.4675428476,nan,"[1.481464964670564,0.4931608450640191,0.13692000645066207]","[0.6750075255548755,2.027736001364206,7.303534566807111]",,direct_vp,[],3093953.009467419,3096560,True,80896862.39573579,85.31798431262003,41.80838444359754,0.06310826452056209,"[4.869210833012014,4.999228906066926,5.00663129293318]",44.61194514413364,70.2294808269944,115.93942569103092,nan,nan,nan,nan,nan,nan,nan,,,nan,nan,nan,nan,nan,nan,nan,nan,nan,,,,nan,nan,nan,nan,nan,,False,,nan,,,nan,nan,nan,,,,,,,,0.00013192067793427574,5.361975792309488e-07,0.07354901902871118,nan,nan,nan,False,not_run,not_requested,"[1.481464964670564,0.4931608450640191,0.13692000645066207]","[0.6750075255548755,2.027736001364206,7.303534566807111]",,,,,80896862.39573579,85.31798431262003,nan,nan,direct_vp,direct_vp,False,[],False,1.0,nan,nan,,,nan,nan,nan,False,nan,,,False,,nan,nan,,,nan,nan,nan,False,nan,,,,False,nan,nan,reliability_gated,nan,nan,,decoupled_robust,legacy_multistart,0.0
fig5,old_gated,7,1914929603,10.0,snr_db,10.0,3,3,3,3,full_6d,1914929603,,,nan,,False,,75.69023324316368,0.00013192067793427574,0.00013192067793427574,5.361975792309488e-07,7.351592997140352e-05,6.426098311034698e-14,0.07354901902871118,False,direct_vp,global_exact_spherical_vp,main_single_proposed,True,72332b7e37c6b64d,adaptive_jones,cpu,False,,legacy_least_squares,cpu,explicit,,legacy_least_squares_numerical,False,,,0,0,,,,,,,,fixed_pol_anchor,True,fixed_anchor_then_adaptive_jones_score_selection,fixed_pol_anchor,0.13692000645066207,1.481464964670564,0.7038486053950818,0.0,True,3,4,3094102.4675428476,nan,"[1.481464964670564,0.4931608450640191,0.13692000645066207]","[0.6750075255548755,2.027736001364206,7.303534566807111]",,direct_vp,[],3093953.009467419,3096560,True,80896862.39573579,85.31798431262003,41.80838444359754,0.06310826452056209,"[4.869210833012014,4.999228906066926,5.00663129293318]",44.61194514413364,68.90200730902143,114.61195217305794,nan,nan,nan,nan,nan,nan,nan,,,nan,nan,nan,nan,nan,nan,nan,nan,nan,,,,nan,nan,nan,nan,nan,,False,,nan,,,nan,nan,nan,,,,,,,,0.00013192067793427574,5.361975792309488e-07,0.07354901902871118,nan,nan,nan,False,not_run,not_requested,"[1.481464964670564,0.4931608450640191,0.13692000645066207]","[0.6750075255548755,2.027736001364206,7.303534566807111]",,,,,80896862.39573579,85.31798431262003,nan,nan,direct_vp,direct_vp,False,[],False,1.0,nan,nan,,,nan,nan,nan,False,nan,,,False,,nan,nan,,,nan,nan,nan,False,nan,,,,False,nan,nan,reliability_gated_ris_only,nan,nan,,decoupled_robust,legacy_multistart,0.0
fig5,adaptive_jones_vp_proposed,7,1914929603,10.0,snr_db,10.0,3,3,3,3,full_6d,1914929603,,,nan,,False,,76.93118058214895,0.00013192067793427574,0.00013192067793427574,5.361975792309488e-07,7.351592997140352e-05,6.426098311034698e-14,0.07354901902871118,False,direct_vp,global_exact_spherical_vp,main_single_proposed,True,009089870fa4f6d3,adaptive_jones,cpu,False,,legacy_least_squares,cpu,explicit,,legacy_least_squares_numerical,False,,,0,0,,,,,,,,fixed_pol_anchor,True,fixed_anchor_then_adaptive_jones_score_selection,fixed_pol_anchor,0.13692000645066207,1.481464964670564,0.7038486053950818,0.0,True,3,4,3094102.4675428476,nan,"[1.481464964670564,0.4931608450640191,0.13692000645066207]","[0.6750075255548755,2.027736001364206,7.303534566807111]",,direct_vp,[],3093953.009467419,3096560,True,80896862.39573579,85.31798431262003,41.80838444359754,0.06310826452056209,"[4.869210833012014,4.999228906066926,5.00663129293318]",44.61194514413364,70.17280821618624,115.88275308022276,nan,nan,nan,nan,nan,nan,nan,,,nan,nan,nan,nan,nan,nan,nan,nan,nan,,,,nan,nan,nan,nan,nan,,False,,nan,,,nan,nan,nan,,,,,,,,0.00013192067793427574,5.361975792309488e-07,0.07354901902871118,nan,nan,nan,False,not_run,not_requested,"[1.481464964670564,0.4931608450640191,0.13692000645066207]","[0.6750075255548755,2.027736001364206,7.303534566807111]",,,,,80896862.39573579,85.31798431262003,nan,nan,direct_vp,direct_vp,False,[],True,1.0,0.0009860188006502388,0.0009860188006502388,2,data_only_efim_tau_crb,0.009064669513419665,9.592129888485959e-06,9.592129888485959e-06,True,0.0009956109305387247,green,clock_green,False,ngc_green_skip_rescue,nan,nan,2,,nan,nan,nan,False,nan,,candidate_unavailable,ngc_green_skip_rescue,False,9.21034037197618,13.815510557964274,ngc_certified_ris_only,nan,nan,,decoupled_robust,legacy_multistart,0.0
fig5,force_rescue,7,1914929603,10.0,snr_db,10.0,3,3,3,3,full_6d,1914929603,,,nan,,False,,149.96327616809867,0.00013192067793427574,0.00013192067793427574,5.361975792309488e-07,7.351592997140352e-05,6.426098311034698e-14,0.07354901902871118,False,direct_vp_rollback,global_exact_spherical_vp,main_single_proposed,True,429439895ba81eae,adaptive_jones,cpu,False,,legacy_least_squares,cpu,explicit,,legacy_least_squares_numerical,False,,,0,0,,,,,,,,fixed_pol_anchor,True,fixed_anchor_then_adaptive_jones_score_selection,fixed_pol_anchor,0.13692000645066207,1.481464964670564,0.7038486053950818,0.0,True,3,4,3094102.4675428476,nan,"[1.481464964670564,0.4931608450640191,0.13692000645066207]","[0.6750075255548755,2.027736001364206,7.303534566807111]",,jnpp_then_vp,[],3093953.009467419,3096560,True,80896862.39573579,85.31798431262003,41.80838444359754,0.06310826452056209,"[4.869210833012014,4.999228906066926,5.00663129293318]",44.61194514413364,70.5917360689491,116.30168093298562,nan,nan,nan,nan,nan,nan,nan,,,nan,nan,nan,nan,nan,nan,nan,nan,nan,,,,nan,nan,nan,nan,nan,,False,,nan,,,nan,nan,nan,,,,,,,,0.00013192067793427574,5.361975792309488e-07,0.07354901902871118,0.00013191902258023492,5.36196769408351e-07,0.07354901902871133,True,rollback,existing_selector_rollback,"[1.481464964670564,0.4931608450640191,0.13692000645066207]","[0.6750075255548755,2.027736001364206,7.303534566807111]",,"[1.4814649646656688,0.49316084504197755,0.13692000645039132]","[0.675007525557106,2.0277360014548345,7.303534566821554]",,80896862.39573579,85.31798431262003,80896862.28784034,85.31798437773297,direct_vp,direct_vp,False,[],False,1.0,nan,nan,,,nan,nan,nan,False,nan,,,False,,nan,nan,,,nan,nan,nan,False,nan,,,,False,nan,nan,force_ris_only,0.00019188532949006447,0.003316522554924909,3,decoupled_robust,legacy_multistart,0.0
fig5,oracle_init_vp,7,1914929603,10.0,snr_db,10.0,3,3,3,3,full_6d,1914929603,,,nan,,False,,33.08252338389866,0.00013191984150111695,0.00013191984150111695,5.361973247559838e-07,7.351616975634077e-05,6.426133532098108e-14,0.0735490190287112,False,oracle_init_vp,global_exact_spherical_vp,,False,,adaptive_jones,cupy,True,0,cupy,cupy.linalg.solve,explicit,matrix_free,analytic_reduced_vp_explicit_gradient,False,matrix_free_cpu_only_gpu_backend,,0,0,0,0,,,,,,fixed_pol_anchor,False,,fixed_pol_anchor,nan,nan,nan,nan,False,3,4,3096725.458075429,3096787.7730664858,"[1.4802100726497245,0.4927431074496889,0.1368040267755526]","[0.6755797832184857,2.029455074826412,7.309726355061992]","[1.3518031815126022e-07,2.559711490562728e-07,7.320797156075135e-08]",oracle_init_vp,"[""oracle_truth_initialization""]",nan,,,nan,nan,nan,nan,,0.0,33.08087483397685,33.08087483397685,nan,nan,nan,nan,nan,nan,nan,,,nan,nan,nan,nan,nan,nan,nan,nan,nan,,,,nan,nan,nan,nan,nan,,False,,nan,,,nan,nan,nan,,,,,,,,nan,nan,nan,nan,nan,nan,False,,,,,,,,,nan,nan,nan,nan,,,,[],False,nan,nan,nan,,,nan,nan,nan,False,nan,,,False,,nan,nan,,,nan,nan,nan,False,nan,,,,False,nan,nan,,nan,nan,,,legacy_multistart,
fig5,direct_vp,6,1919806993,10.0,snr_db,10.0,3,3,3,3,full_6d,1919806993,,,nan,,False,,77.7727225900162,3.4937498213672006e-05,3.4937498213672006e-05,2.2977490880490573e-07,9.700715361340426e-06,1.0050375694401608e-13,0.041980149556164054,False,direct_vp,global_exact_spherical_vp,proposed_post_stage1,False,249d2edc78811766,adaptive_jones,cpu,False,,legacy_least_squares,cpu,explicit,,legacy_least_squares_numerical,False,,,0,0,,,,,,,,fixed_pol_anchor,True,fixed_anchor_then_adaptive_jones_score_selection,fixed_pol_anchor,0.18029030622950315,2.347393773531592,0.925231061094812,0.0,True,3,4,3095503.926918868,nan,"[0.24800910352334068,2.347393773531592,0.18029030622950315]","[4.032110054805467,0.4260043675983596,5.5466099143836125]",,direct_vp,[],3095354.468843439,3096560,True,82431340.47103068,72.20434476852304,88.09307797909649,0.024140117108649356,"[5.029929032149748,5.033401675569896,4.980544817831292]",26.768624851945788,70.88588751014322,98.65378650208004,nan,nan,nan,nan,nan,nan,nan,,,nan,nan,nan,nan,nan,nan,nan,nan,nan,,,,nan,nan,nan,nan,nan,,False,,nan,,,nan,nan,nan,,,,,,,,3.4937498213672006e-05,2.2977490880490573e-07,0.041980149556164054,nan,nan,nan,False,not_run,not_requested,"[0.24800910352334068,2.347393773531592,0.18029030622950315]","[4.032110054805467,0.4260043675983596,5.5466099143836125]",,,,,82431340.47103068,72.20434476852304,nan,nan,direct_vp,direct_vp,False,[],False,1.0,nan,nan,,,nan,nan,nan,False,nan,,,False,,nan,nan,,,nan,nan,nan,False,nan,,,,False,nan,nan,reliability_gated,nan,nan,,decoupled_robust,legacy_multistart,0.0
fig5,old_gated,6,1919806993,10.0,snr_db,10.0,3,3,3,3,full_6d,1919806993,,,nan,,False,,76.20692788483575,3.4937498213672006e-05,3.4937498213672006e-05,2.2977490880490573e-07,9.700715361340426e-06,1.0050375694401608e-13,0.041980149556164054,False,direct_vp,global_exact_spherical_vp,main_single_proposed,True,c006c0615528f44a,adaptive_jones,cpu,False,,legacy_least_squares,cpu,explicit,,legacy_least_squares_numerical,False,,,0,0,,,,,,,,fixed_pol_anchor,True,fixed_anchor_then_adaptive_jones_score_selection,fixed_pol_anchor,0.18029030622950315,2.347393773531592,0.925231061094812,0.0,True,3,4,3095503.926918868,nan,"[0.24800910352334068,2.347393773531592,0.18029030622950315]","[4.032110054805467,0.4260043675983596,5.5466099143836125]",,direct_vp,[],3095354.468843439,3096560,True,82431340.47103068,72.20434476852304,88.09307797909649,0.024140117108649356,"[5.029929032149748,5.033401675569896,4.980544817831292]",26.768624851945788,69.5615337730851,97.32943276502192,nan,nan,nan,nan,nan,nan,nan,,,nan,nan,nan,nan,nan,nan,nan,nan,nan,,,,nan,nan,nan,nan,nan,,False,,nan,,,nan,nan,nan,,,,,,,,3.4937498213672006e-05,2.2977490880490573e-07,0.041980149556164054,nan,nan,nan,False,not_run,not_requested,"[0.24800910352334068,2.347393773531592,0.18029030622950315]","[4.032110054805467,0.4260043675983596,5.5466099143836125]",,,,,82431340.47103068,72.20434476852304,nan,nan,direct_vp,direct_vp,False,[],False,1.0,nan,nan,,,nan,nan,nan,False,nan,,,False,,nan,nan,,,nan,nan,nan,False,nan,,,,False,nan,nan,reliability_gated_ris_only,nan,nan,,decoupled_robust,legacy_multistart,0.0
fig5,adaptive_jones_vp_proposed,6,1919806993,10.0,snr_db,10.0,3,3,3,3,full_6d,1919806993,,,nan,,False,,75.5836663430091,3.4937498213672006e-05,3.4937498213672006e-05,2.2977490880490573e-07,9.700715361340426e-06,1.0050375694401608e-13,0.041980149556164054,False,direct_vp,global_exact_spherical_vp,main_single_proposed,True,cd2ae9762d057c58,adaptive_jones,cpu,False,,legacy_least_squares,cpu,explicit,,legacy_least_squares_numerical,False,,,0,0,,,,,,,,fixed_pol_anchor,True,fixed_anchor_then_adaptive_jones_score_selection,fixed_pol_anchor,0.18029030622950315,2.347393773531592,0.925231061094812,0.0,True,3,4,3095503.926918868,nan,"[0.24800910352334068,2.347393773531592,0.18029030622950315]","[4.032110054805467,0.4260043675983596,5.5466099143836125]",,direct_vp,[],3095354.468843439,3096560,True,82431340.47103068,72.20434476852304,88.09307797909649,0.024140117108649356,"[5.029929032149748,5.033401675569896,4.980544817831292]",26.768624851945788,68.65345651400276,96.42135550593957,nan,nan,nan,nan,nan,nan,nan,,,nan,nan,nan,nan,nan,nan,nan,nan,nan,,,,nan,nan,nan,nan,nan,,False,,nan,,,nan,nan,nan,,,,,,,,3.4937498213672006e-05,2.2977490880490573e-07,0.041980149556164054,nan,nan,nan,False,not_run,not_requested,"[0.24800910352334068,2.347393773531592,0.18029030622950315]","[4.032110054805467,0.4260043675983596,5.5466099143836125]",,,,,82431340.47103068,72.20434476852304,nan,nan,direct_vp,direct_vp,False,[],True,1.0,0.0005502526569229839,0.0005502526569229839,2,data_only_efim_tau_crb,0.006771586821190092,3.576731695339906e-06,3.576731695339906e-06,True,0.0005538293886183238,green,clock_green,False,ngc_green_skip_rescue,nan,nan,2,,nan,nan,nan,False,nan,,candidate_unavailable,ngc_green_skip_rescue,False,9.21034037197618,13.815510557964274,ngc_certified_ris_only,nan,nan,,decoupled_robust,legacy_multistart,0.0
fig5,force_rescue,6,1919806993,10.0,snr_db,10.0,3,3,3,3,full_6d,1919806993,,,nan,,False,,178.56398328300565,3.4937498213672006e-05,3.4937498213672006e-05,2.2977490880490573e-07,9.700715361340426e-06,1.0050375694401608e-13,0.041980149556164054,False,direct_vp_rollback,global_exact_spherical_vp,main_single_proposed,True,47608f27ab4e25c8,adaptive_jones,cpu,False,,legacy_least_squares,cpu,explicit,,legacy_least_squares_numerical,False,,,0,0,,,,,,,,fixed_pol_anchor,True,fixed_anchor_then_adaptive_jones_score_selection,fixed_pol_anchor,0.18029030622950315,2.347393773531592,0.925231061094812,0.0,True,3,4,3095503.926918868,nan,"[0.24800910352334068,2.347393773531592,0.18029030622950315]","[4.032110054805467,0.4260043675983596,5.5466099143836125]",,jnpp_then_vp,[],3095354.468843439,3096560,True,82431340.47103068,72.20434476852304,88.09307797909649,0.024140117108649356,"[5.029929032149748,5.033401675569896,4.980544817831292]",26.768624851945788,70.72329258406535,98.49119157600217,nan,nan,nan,nan,nan,nan,nan,,,nan,nan,nan,nan,nan,nan,nan,nan,nan,,,,nan,nan,nan,nan,nan,,False,,nan,,,nan,nan,nan,,,,,,,,3.4937498213672006e-05,2.2977490880490573e-07,0.041980149556164054,3.493782915997638e-05,2.2977510872265137e-07,0.041980149556164,True,rollback,existing_selector_rollback,"[0.24800910352334068,2.347393773531592,0.18029030622950315]","[4.032110054805467,0.4260043675983596,5.5466099143836125]",,"[0.2480091035222929,2.347393773592436,0.18029030623002057]","[4.0321100548225015,0.4260043675873175,5.546609914367694]",,82431340.47103068,72.20434476852304,82431340.39481604,72.20434483460427,direct_vp,direct_vp,False,[],False,1.0,nan,nan,,,nan,nan,nan,False,nan,,,False,,nan,nan,,,nan,nan,nan,False,nan,,,,False,nan,nan,force_ris_only,1.85797529662857e-05,0.0009687877032292539,3,decoupled_robust,legacy_multistart,0.0
fig5,oracle_init_vp,6,1919806993,10.0,snr_db,10.0,3,3,3,3,full_6d,1919806993,,,nan,,False,,43.19653009180911,3.493690702017876e-05,3.493690702017876e-05,2.2977438599161917e-07,9.70077671344164e-06,1.0050372011971326e-13,0.04198014955616362,False,oracle_init_vp,global_exact_spherical_vp,,False,,adaptive_jones,cupy,True,0,cupy,cupy.linalg.solve,explicit,matrix_free,analytic_reduced_vp_explicit_gradient,False,matrix_free_cpu_only_gpu_backend,,0,0,0,0,,,,,,fixed_pol_anchor,False,,fixed_pol_anchor,nan,nan,nan,nan,False,3,4,3096725.458075429,3096786.0950972745,"[0.24791126938668492,2.346467778211075,0.1802191856672186]","[4.0337012612362555,0.4261724832889221,5.548798793522222]","[1.749240359733459e-08,2.5867443835446977e-07,2.9713725238607317e-08]",oracle_init_vp,"[""oracle_truth_initialization""]",nan,,,nan,nan,nan,nan,,0.0,43.19504978484474,43.19504978484474,nan,nan,nan,nan,nan,nan,nan,,,nan,nan,nan,nan,nan,nan,nan,nan,nan,,,,nan,nan,nan,nan,nan,,False,,nan,,,nan,nan,nan,,,,,,,,nan,nan,nan,nan,nan,nan,False,,,,,,,,,nan,nan,nan,nan,,,,[],False,nan,nan,nan,,,nan,nan,nan,False,nan,,,False,,nan,nan,,,nan,nan,nan,False,nan,,,,False,nan,nan,,nan,nan,,,legacy_multistart,
fig5,direct_vp,12,2210497206,10.0,snr_db,10.0,3,3,3,3,full_6d,2210497206,,,nan,,False,,53.972807705868036,0.0001257747785722936,0.0001257747785722936,3.0253459191672346e-07,4.378176449789362e-06,9.065478920814075e-14,0.045591757579348545,False,direct_vp,global_exact_spherical_vp,proposed_post_stage1,False,a100e6dee07bbe5d,adaptive_jones,cpu,False,,legacy_least_squares,cpu,explicit,,legacy_least_squares_numerical,False,,,0,0,,,,,,,,fixed_pol_anchor,True,fixed_anchor_then_adaptive_jones_score_selection,fixed_pol_anchor,0.18943789934382302,0.5144844423359073,0.3533307097948511,0.0,True,3,4,3099017.368026822,nan,"[0.5144844423359073,0.35606978770482295,0.18943789934382302]","[1.9436933708999982,2.8084382178154086,5.27877475132284]",,direct_vp,[],3098867.909951393,3096560,True,90907491.3779352,71.49818989683007,75.14961789749195,0.0050310615811435385,"[5.018926029505714,5.028022020185719,5.01627337709627]",28.078785971039906,49.07991557219066,77.85297065111808,nan,nan,nan,nan,nan,nan,nan,,,nan,nan,nan,nan,nan,nan,nan,nan,nan,,,,nan,nan,nan,nan,nan,,False,,nan,,,nan,nan,nan,,,,,,,,0.0001257747785722936,3.0253459191672346e-07,0.045591757579348545,nan,nan,nan,False,not_run,not_requested,"[0.5144844423359073,0.35606978770482295,0.18943789934382302]","[1.9436933708999982,2.8084382178154086,5.27877475132284]",,,,,90907491.3779352,71.49818989683007,nan,nan,direct_vp,direct_vp,False,[],False,1.0,nan,nan,,,nan,nan,nan,False,nan,,,False,,nan,nan,,,nan,nan,nan,False,nan,,,,False,nan,nan,reliability_gated,nan,nan,,decoupled_robust,legacy_multistart,0.0
fig5,old_gated,12,2210497206,10.0,snr_db,10.0,3,3,3,3,full_6d,2210497206,,,nan,,False,,57.29561354010366,0.0001257747785722936,0.0001257747785722936,3.0253459191672346e-07,4.378176449789362e-06,9.065478920814075e-14,0.045591757579348545,False,direct_vp,global_exact_spherical_vp,main_single_proposed,True,48fd02caf2e4e5c8,adaptive_jones,cpu,False,,legacy_least_squares,cpu,explicit,,legacy_least_squares_numerical,False,,,0,0,,,,,,,,fixed_pol_anchor,True,fixed_anchor_then_adaptive_jones_score_selection,fixed_pol_anchor,0.18943789934382302,0.5144844423359073,0.3533307097948511,0.0,True,3,4,3099017.368026822,nan,"[0.5144844423359073,0.35606978770482295,0.18943789934382302]","[1.9436933708999982,2.8084382178154086,5.27877475132284]",,direct_vp,[],3098867.909951393,3096560,True,90907491.3779352,71.49818989683007,75.14961789749195,0.0050310615811435385,"[5.018926029505714,5.028022020185719,5.01627337709627]",28.078785971039906,52.19137859088369,80.96443366981111,nan,nan,nan,nan,nan,nan,nan,,,nan,nan,nan,nan,nan,nan,nan,nan,nan,,,,nan,nan,nan,nan,nan,,False,,nan,,,nan,nan,nan,,,,,,,,0.0001257747785722936,3.0253459191672346e-07,0.045591757579348545,nan,nan,nan,False,not_run,not_requested,"[0.5144844423359073,0.35606978770482295,0.18943789934382302]","[1.9436933708999982,2.8084382178154086,5.27877475132284]",,,,,90907491.3779352,71.49818989683007,nan,nan,direct_vp,direct_vp,False,[],False,1.0,nan,nan,,,nan,nan,nan,False,nan,,,False,,nan,nan,,,nan,nan,nan,False,nan,,,,False,nan,nan,reliability_gated_ris_only,nan,nan,,decoupled_robust,legacy_multistart,0.0
fig5,adaptive_jones_vp_proposed,12,2210497206,10.0,snr_db,10.0,3,3,3,3,full_6d,2210497206,,,nan,,False,,57.5703512520995,0.0001257747785722936,0.0001257747785722936,3.0253459191672346e-07,4.378176449789362e-06,9.065478920814075e-14,0.045591757579348545,False,direct_vp,global_exact_spherical_vp,main_single_proposed,True,7d3c14c1820cbc58,adaptive_jones,cpu,False,,legacy_least_squares,cpu,explicit,,legacy_least_squares_numerical,False,,,0,0,,,,,,,,fixed_pol_anchor,True,fixed_anchor_then_adaptive_jones_score_selection,fixed_pol_anchor,0.18943789934382302,0.5144844423359073,0.3533307097948511,0.0,True,3,4,3099017.368026822,nan,"[0.5144844423359073,0.35606978770482295,0.18943789934382302]","[1.9436933708999982,2.8084382178154086,5.27877475132284]",,direct_vp,[],3098867.909951393,3096560,True,90907491.3779352,71.49818989683007,75.14961789749195,0.0050310615811435385,"[5.018926029505714,5.028022020185719,5.01627337709627]",28.078785971039906,52.83562116604298,81.60867624497041,nan,nan,nan,nan,nan,nan,nan,,,nan,nan,nan,nan,nan,nan,nan,nan,nan,,,,nan,nan,nan,nan,nan,,False,,nan,,,nan,nan,nan,,,,,,,,0.0001257747785722936,3.0253459191672346e-07,0.045591757579348545,nan,nan,nan,False,not_run,not_requested,"[0.5144844423359073,0.35606978770482295,0.18943789934382302]","[1.9436933708999982,2.8084382178154086,5.27877475132284]",,,,,90907491.3779352,71.49818989683007,nan,nan,direct_vp,direct_vp,False,[],True,1.0,9.76904877660687e-06,9.76904877660687e-06,2,data_only_efim_tau_crb,0.0009022679192183287,1.8980463849834806e-06,1.8980463849834806e-06,True,1.166709516159035e-05,green,clock_green,False,ngc_green_skip_rescue,nan,nan,2,,nan,nan,nan,False,nan,,candidate_unavailable,ngc_green_skip_rescue,False,9.21034037197618,13.815510557964274,ngc_certified_ris_only,nan,nan,,decoupled_robust,legacy_multistart,0.0
fig5,force_rescue,12,2210497206,10.0,snr_db,10.0,3,3,3,3,full_6d,2210497206,,,nan,,False,,132.86241820896976,0.0001257747785722936,0.0001257747785722936,3.0253459191672346e-07,4.378176449789362e-06,9.065478920814075e-14,0.045591757579348545,False,direct_vp_rollback,global_exact_spherical_vp,main_single_proposed,True,99d90831668520ca,adaptive_jones,cpu,False,,legacy_least_squares,cpu,explicit,,legacy_least_squares_numerical,False,,,0,0,,,,,,,,fixed_pol_anchor,True,fixed_anchor_then_adaptive_jones_score_selection,fixed_pol_anchor,0.18943789934382302,0.5144844423359073,0.3533307097948511,0.0,True,3,4,3099017.368026822,nan,"[0.5144844423359073,0.35606978770482295,0.18943789934382302]","[1.9436933708999982,2.8084382178154086,5.27877475132284]",,jnpp_then_vp,[],3098867.909951393,3096560,True,90907491.3779352,71.49818989683007,75.14961789749195,0.0050310615811435385,"[5.018926029505714,5.028022020185719,5.01627337709627]",28.078785971039906,52.55182282580063,81.32487790472806,nan,nan,nan,nan,nan,nan,nan,,,nan,nan,nan,nan,nan,nan,nan,nan,nan,,,,nan,nan,nan,nan,nan,,False,,nan,,,nan,nan,nan,,,,,,,,0.0001257747785722936,3.0253459191672346e-07,0.045591757579348545,0.00012577440985606377,3.025351000057862e-07,0.04559175757934845,True,rollback,existing_selector_rollback,"[0.5144844423359073,0.35606978770482295,0.18943789934382302]","[1.9436933708999982,2.8084382178154086,5.27877475132284]",,"[0.5144844423500464,0.356069787715255,0.18943789933786756]","[1.9436933708465813,2.8084382177331277,5.2787747514887915]",,90907491.3779352,71.49818989683007,90907491.35180964,71.49818993846921,direct_vp,direct_vp,False,[],False,1.0,nan,nan,,,nan,nan,nan,False,nan,,,False,,nan,nan,,,nan,nan,nan,False,nan,,,,False,nan,nan,force_ris_only,6.254780466720748e-05,0.0039254263270766645,3,decoupled_robust,legacy_multistart,0.0
fig5,oracle_init_vp,12,2210497206,10.0,snr_db,10.0,3,3,3,3,full_6d,2210497206,,,nan,,False,,32.55633095907979,0.00012577561585086014,0.00012577561585086014,3.025357645524209e-07,4.3780972737803785e-06,9.065436521429489e-14,0.04559175757934829,False,oracle_init_vp,global_exact_spherical_vp,,False,,adaptive_jones,cupy,True,0,cupy,cupy.linalg.solve,explicit,matrix_free,analytic_reduced_vp_explicit_gradient,False,matrix_free_cpu_only_gpu_backend,,0,0,0,0,,,,,,fixed_pol_anchor,False,,fixed_pol_anchor,nan,nan,nan,nan,False,3,4,3096725.458075429,3096794.7000750666,"[0.5148652345379239,0.35633333037874443,0.18957811053438597]","[1.942255823306763,2.8063611083946314,5.274870591235421]","[2.991234377151474e-08,2.9281016916713015e-08,1.1173946224614288e-07]",oracle_init_vp,"[""oracle_truth_initialization""]",nan,,,nan,nan,nan,nan,,0.0,32.554671400925145,32.554671400925145,nan,nan,nan,nan,nan,nan,nan,,,nan,nan,nan,nan,nan,nan,nan,nan,nan,,,,nan,nan,nan,nan,nan,,False,,nan,,,nan,nan,nan,,,,,,,,nan,nan,nan,nan,nan,nan,False,,,,,,,,,nan,nan,nan,nan,,,,[],False,nan,nan,nan,,,nan,nan,nan,False,nan,,,False,,nan,nan,,,nan,nan,nan,False,nan,,,,False,nan,nan,,nan,nan,,,legacy_multistart,
fig5,direct_vp,22,3206710796,10.0,snr_db,10.0,3,3,3,3,full_6d,3206710796,,,nan,,False,,45.626929068006575,6.374275188211398e-05,6.374275188211398e-05,5.069741170801016e-07,2.0611622923557442e-05,3.392439878214608e-13,0.010713587615881304,False,direct_vp,global_exact_spherical_vp,proposed_post_stage1,False,7c1c3ea3c1360677,adaptive_jones,cpu,False,,legacy_least_squares,cpu,explicit,,legacy_least_squares_numerical,False,,,0,0,,,,,,,,fixed_pol_anchor,True,fixed_anchor_then_adaptive_jones_score_selection,fixed_pol_anchor,0.22104645993863373,0.7023074411919693,0.3897945132906114,0.0,True,3,4,3093356.7888493743,nan,"[0.24602963874123113,0.22104645993863373,0.7023074411919693]","[4.0645509423827315,4.523935829044247,1.4238778366096747]",,direct_vp,[],3093207.3307739454,3096560,True,56829746.527007826,85.49747227808818,45.730953739487404,0.021029086391867843,"[4.9805727263272574,4.969442678484904,5.018563329613309]",23.173298866022378,41.14413352799602,64.87088574725203,nan,nan,nan,nan,nan,nan,nan,,,nan,nan,nan,nan,nan,nan,nan,nan,nan,,,,nan,nan,nan,nan,nan,,False,,nan,,,nan,nan,nan,,,,,,,,6.374275188211398e-05,5.069741170801016e-07,0.010713587615881304,nan,nan,nan,False,not_run,not_requested,"[0.24602963874123113,0.22104645993863373,0.7023074411919693]","[4.0645509423827315,4.523935829044247,1.4238778366096747]",,,,,56829746.527007826,85.49747227808818,nan,nan,direct_vp,direct_vp,False,[],False,1.0,nan,nan,,,nan,nan,nan,False,nan,,,False,,nan,nan,,,nan,nan,nan,False,nan,,,,False,nan,nan,reliability_gated,nan,nan,,decoupled_robust,legacy_multistart,0.0
fig5,old_gated,22,3206710796,10.0,snr_db,10.0,3,3,3,3,full_6d,3206710796,,,nan,,False,,44.151305831968784,6.374275188211398e-05,6.374275188211398e-05,5.069741170801016e-07,2.0611622923557442e-05,3.392439878214608e-13,0.010713587615881304,False,direct_vp,global_exact_spherical_vp,main_single_proposed,True,b7efcd1d95d3d64d,adaptive_jones,cpu,False,,legacy_least_squares,cpu,explicit,,legacy_least_squares_numerical,False,,,0,0,,,,,,,,fixed_pol_anchor,True,fixed_anchor_then_adaptive_jones_score_selection,fixed_pol_anchor,0.22104645993863373,0.7023074411919693,0.3897945132906114,0.0,True,3,4,3093356.7888493743,nan,"[0.24602963874123113,0.22104645993863373,0.7023074411919693]","[4.0645509423827315,4.523935829044247,1.4238778366096747]",,direct_vp,[],3093207.3307739454,3096560,True,56829746.527007826,85.49747227808818,45.730953739487404,0.021029086391867843,"[4.9805727263272574,4.969442678484904,5.018563329613309]",23.173298866022378,39.95630683610216,63.68305905535817,nan,nan,nan,nan,nan,nan,nan,,,nan,nan,nan,nan,nan,nan,nan,nan,nan,,,,nan,nan,nan,nan,nan,,False,,nan,,,nan,nan,nan,,,,,,,,6.374275188211398e-05,5.069741170801016e-07,0.010713587615881304,nan,nan,nan,False,not_run,not_requested,"[0.24602963874123113,0.22104645993863373,0.7023074411919693]","[4.0645509423827315,4.523935829044247,1.4238778366096747]",,,,,56829746.527007826,85.49747227808818,nan,nan,direct_vp,direct_vp,False,[],False,1.0,nan,nan,,,nan,nan,nan,False,nan,,,False,,nan,nan,,,nan,nan,nan,False,nan,,,,False,nan,nan,reliability_gated_ris_only,nan,nan,,decoupled_robust,legacy_multistart,0.0
fig5,adaptive_jones_vp_proposed,22,3206710796,10.0,snr_db,10.0,3,3,3,3,full_6d,3206710796,,,nan,,False,,45.7666039459873,6.374275188211398e-05,6.374275188211398e-05,5.069741170801016e-07,2.0611622923557442e-05,3.392439878214608e-13,0.010713587615881304,False,direct_vp,global_exact_spherical_vp,main_single_proposed,True,af5b2647bfe2fb0c,adaptive_jones,cpu,False,,legacy_least_squares,cpu,explicit,,legacy_least_squares_numerical,False,,,0,0,,,,,,,,fixed_pol_anchor,True,fixed_anchor_then_adaptive_jones_score_selection,fixed_pol_anchor,0.22104645993863373,0.7023074411919693,0.3897945132906114,0.0,True,3,4,3093356.7888493743,nan,"[0.24602963874123113,0.22104645993863373,0.7023074411919693]","[4.0645509423827315,4.523935829044247,1.4238778366096747]",,direct_vp,[],3093207.3307739454,3096560,True,56829746.527007826,85.49747227808818,45.730953739487404,0.021029086391867843,"[4.9805727263272574,4.969442678484904,5.018563329613309]",23.173298866022378,41.97435441194102,65.70110663119704,nan,nan,nan,nan,nan,nan,nan,,,nan,nan,nan,nan,nan,nan,nan,nan,nan,,,,nan,nan,nan,nan,nan,,False,,nan,,,nan,nan,nan,,,,,,,,6.374275188211398e-05,5.069741170801016e-07,0.010713587615881304,nan,nan,nan,False,not_run,not_requested,"[0.24602963874123113,0.22104645993863373,0.7023074411919693]","[4.0645509423827315,4.523935829044247,1.4238778366096747]",,,,,56829746.527007826,85.49747227808818,nan,nan,direct_vp,direct_vp,False,[],True,1.0,0.00016147703241560084,0.00016147703241560084,2,data_only_efim_tau_crb,0.003668299247330667,1.7701250109657036e-06,1.7701250109657036e-06,True,0.00016324715742656654,green,clock_green,False,ngc_green_skip_rescue,nan,nan,2,,nan,nan,nan,False,nan,,candidate_unavailable,ngc_green_skip_rescue,False,9.21034037197618,13.815510557964274,ngc_certified_ris_only,nan,nan,,decoupled_robust,legacy_multistart,0.0
fig5,force_rescue,22,3206710796,10.0,snr_db,10.0,3,3,3,3,full_6d,3206710796,,,nan,,False,,112.51450320496224,6.374275188211398e-05,6.374275188211398e-05,5.069741170801016e-07,2.0611622923557442e-05,3.392439878214608e-13,0.010713587615881304,False,direct_vp_rollback,global_exact_spherical_vp,main_single_proposed,True,6d995a8cdc9a5e46,adaptive_jones,cpu,False,,legacy_least_squares,cpu,explicit,,legacy_least_squares_numerical,False,,,0,0,,,,,,,,fixed_pol_anchor,True,fixed_anchor_then_adaptive_jones_score_selection,fixed_pol_anchor,0.22104645993863373,0.7023074411919693,0.3897945132906114,0.0,True,3,4,3093356.7888493743,nan,"[0.24602963874123113,0.22104645993863373,0.7023074411919693]","[4.0645509423827315,4.523935829044247,1.4238778366096747]",,jnpp_then_vp,[],3093207.3307739454,3096560,True,56829746.527007826,85.49747227808818,45.730953739487404,0.021029086391867843,"[4.9805727263272574,4.969442678484904,5.018563329613309]",23.173298866022378,42.20270152692683,65.92945374618284,nan,nan,nan,nan,nan,nan,nan,,,nan,nan,nan,nan,nan,nan,nan,nan,nan,,,,nan,nan,nan,nan,nan,,False,,nan,,,nan,nan,nan,,,,,,,,6.374275188211398e-05,5.069741170801016e-07,0.010713587615881304,6.374342491987109e-05,5.069788865718963e-07,0.010713587615881306,True,rollback,existing_selector_rollback,"[0.24602963874123113,0.22104645993863373,0.7023074411919693]","[4.0645509423827315,4.523935829044247,1.4238778366096747]",,"[0.24602963877857187,0.2210464599343122,0.7023074411587058]","[4.064550941765841,4.523935829132691,1.423877836677114]",,56829746.527007826,85.49747227808818,56829746.72220073,85.49747198403098,direct_vp,direct_vp,False,[],False,1.0,nan,nan,,,nan,nan,nan,False,nan,,,False,,nan,nan,,,nan,nan,nan,False,nan,,,,False,nan,nan,force_ris_only,0.00017128354071732597,0.017777471489998385,3,decoupled_robust,legacy_multistart,0.0
fig5,oracle_init_vp,22,3206710796,10.0,snr_db,10.0,3,3,3,3,full_6d,3206710796,,,nan,,False,,26.610465537989512,6.374296598233495e-05,6.374296598233495e-05,5.069740744802437e-07,2.0611675195653257e-05,3.3924385217933064e-13,0.010713587615881339,False,oracle_init_vp,global_exact_spherical_vp,,False,,adaptive_jones,cupy,True,0,cupy,cupy.linalg.solve,explicit,matrix_free,analytic_reduced_vp_explicit_gradient,False,matrix_free_cpu_only_gpu_backend,,0,0,0,0,,,,,,fixed_pol_anchor,False,,fixed_pol_anchor,nan,nan,nan,nan,False,3,4,3096725.458075429,3096796.9116278845,"[0.2457619907100258,0.22080599033375836,0.701543422662865]","[4.068977457053775,4.5288626385916135,1.4254285161759122]","[6.649155391549727e-08,5.8715545239332916e-08,1.6532018635636083e-07]",oracle_init_vp,"[""oracle_truth_initialization""]",nan,,,nan,nan,nan,nan,,0.0,26.60869019292295,26.60869019292295,nan,nan,nan,nan,nan,nan,nan,,,nan,nan,nan,nan,nan,nan,nan,nan,nan,,,,nan,nan,nan,nan,nan,,False,,nan,,,nan,nan,nan,,,,,,,,nan,nan,nan,nan,nan,nan,False,,,,,,,,,nan,nan,nan,nan,,,,[],False,nan,nan,nan,,,nan,nan,nan,False,nan,,,False,,nan,nan,,,nan,nan,nan,False,nan,,,,False,nan,nan,,nan,nan,,,legacy_multistart,
fig5,direct_vp,17,2127997378,10.0,snr_db,10.0,3,3,3,3,full_6d,2127997378,,,nan,,False,,54.91265190998092,9.653214698998947e-05,9.653214698998947e-05,5.533478661680267e-07,8.821041052433206e-06,7.526066506970274e-14,0.04004865643729581,False,direct_vp,global_exact_spherical_vp,proposed_post_stage1,False,2cb0360f37f91116,adaptive_jones,cpu,False,,legacy_least_squares,cpu,explicit,,legacy_least_squares_numerical,False,,,0,0,,,,,,,,fixed_pol_anchor,True,fixed_anchor_then_adaptive_jones_score_selection,fixed_pol_anchor,0.16607733189256088,0.5872909894125309,0.3977375061985213,0.0,True,3,4,3100097.287903903,nan,"[0.4398441972904719,0.16607733189256088,0.5872909894125309]","[2.273532323854128,6.021291338222824,1.7027334286189473]",,direct_vp,[],3099947.829828474,3096560,True,64965652.6196675,83.29348918028076,75.67915793602789,0.04146646855198578,"[4.989749489316977,4.981470681625194,5.073281073096295]",29.173760404111817,50.003427980002016,79.94373017502949,nan,nan,nan,nan,nan,nan,nan,,,nan,nan,nan,nan,nan,nan,nan,nan,nan,,,,nan,nan,nan,nan,nan,,False,,nan,,,nan,nan,nan,,,,,,,,9.653214698998947e-05,5.533478661680267e-07,0.04004865643729581,nan,nan,nan,False,not_run,not_requested,"[0.4398441972904719,0.16607733189256088,0.5872909894125309]","[2.273532323854128,6.021291338222824,1.7027334286189473]",,,,,64965652.6196675,83.29348918028076,nan,nan,direct_vp,direct_vp,False,[],False,1.0,nan,nan,,,nan,nan,nan,False,nan,,,False,,nan,nan,,,nan,nan,nan,False,nan,,,,False,nan,nan,reliability_gated,nan,nan,,decoupled_robust,legacy_multistart,0.0
fig5,old_gated,17,2127997378,10.0,snr_db,10.0,3,3,3,3,full_6d,2127997378,,,nan,,False,,58.26357507193461,9.653214698998947e-05,9.653214698998947e-05,5.533478661680267e-07,8.821041052433206e-06,7.526066506970274e-14,0.04004865643729581,False,direct_vp,global_exact_spherical_vp,main_single_proposed,True,a511abeb5f99669e,adaptive_jones,cpu,False,,legacy_least_squares,cpu,explicit,,legacy_least_squares_numerical,False,,,0,0,,,,,,,,fixed_pol_anchor,True,fixed_anchor_then_adaptive_jones_score_selection,fixed_pol_anchor,0.16607733189256088,0.5872909894125309,0.3977375061985213,0.0,True,3,4,3100097.287903903,nan,"[0.4398441972904719,0.16607733189256088,0.5872909894125309]","[2.273532323854128,6.021291338222824,1.7027334286189473]",,direct_vp,[],3099947.829828474,3096560,True,64965652.6196675,83.29348918028076,75.67915793602789,0.04146646855198578,"[4.989749489316977,4.981470681625194,5.073281073096295]",29.173760404111817,53.27591253304854,83.21621472807601,nan,nan,nan,nan,nan,nan,nan,,,nan,nan,nan,nan,nan,nan,nan,nan,nan,,,,nan,nan,nan,nan,nan,,False,,nan,,,nan,nan,nan,,,,,,,,9.653214698998947e-05,5.533478661680267e-07,0.04004865643729581,nan,nan,nan,False,not_run,not_requested,"[0.4398441972904719,0.16607733189256088,0.5872909894125309]","[2.273532323854128,6.021291338222824,1.7027334286189473]",,,,,64965652.6196675,83.29348918028076,nan,nan,direct_vp,direct_vp,False,[],False,1.0,nan,nan,,,nan,nan,nan,False,nan,,,False,,nan,nan,,,nan,nan,nan,False,nan,,,,False,nan,nan,reliability_gated_ris_only,nan,nan,,decoupled_robust,legacy_multistart,0.0
fig5,adaptive_jones_vp_proposed,17,2127997378,10.0,snr_db,10.0,3,3,3,3,full_6d,2127997378,,,nan,,False,,57.29552237899043,9.653214698998947e-05,9.653214698998947e-05,5.533478661680267e-07,8.821041052433206e-06,7.526066506970274e-14,0.04004865643729581,False,direct_vp,global_exact_spherical_vp,main_single_proposed,True,04d2a4b0a41fb050,adaptive_jones,cpu,False,,legacy_least_squares,cpu,explicit,,legacy_least_squares_numerical,False,,,0,0,,,,,,,,fixed_pol_anchor,True,fixed_anchor_then_adaptive_jones_score_selection,fixed_pol_anchor,0.16607733189256088,0.5872909894125309,0.3977375061985213,0.0,True,3,4,3100097.287903903,nan,"[0.4398441972904719,0.16607733189256088,0.5872909894125309]","[2.273532323854128,6.021291338222824,1.7027334286189473]",,direct_vp,[],3099947.829828474,3096560,True,64965652.6196675,83.29348918028076,75.67915793602789,0.04146646855198578,"[4.989749489316977,4.981470681625194,5.073281073096295]",29.173760404111817,52.10449177399278,82.04479396902025,nan,nan,nan,nan,nan,nan,nan,,,nan,nan,nan,nan,nan,nan,nan,nan,nan,,,,nan,nan,nan,nan,nan,,False,,nan,,,nan,nan,nan,,,,,,,,9.653214698998947e-05,5.533478661680267e-07,0.04004865643729581,nan,nan,nan,False,not_run,not_requested,"[0.4398441972904719,0.16607733189256088,0.5872909894125309]","[2.273532323854128,6.021291338222824,1.7027334286189473]",,,,,64965652.6196675,83.29348918028076,nan,nan,direct_vp,direct_vp,False,[],True,1.0,0.0004764176285357879,0.0004764176285357879,2,data_only_efim_tau_crb,0.006300910175891178,7.639503139364277e-06,7.639503139364277e-06,True,0.0004840571316751522,green,clock_green,False,ngc_green_skip_rescue,nan,nan,2,,nan,nan,nan,False,nan,,candidate_unavailable,ngc_green_skip_rescue,False,9.21034037197618,13.815510557964274,ngc_certified_ris_only,nan,nan,,decoupled_robust,legacy_multistart,0.0
fig5,force_rescue,17,2127997378,10.0,snr_db,10.0,3,3,3,3,full_6d,2127997378,,,nan,,False,,124.56182153290138,9.653214698998947e-05,9.653214698998947e-05,5.533478661680267e-07,8.821041052433206e-06,7.526066506970274e-14,0.04004865643729581,False,direct_vp_rollback,global_exact_spherical_vp,main_single_proposed,True,5362fa88d738ad46,adaptive_jones,cpu,False,,legacy_least_squares,cpu,explicit,,legacy_least_squares_numerical,False,,,0,0,,,,,,,,fixed_pol_anchor,True,fixed_anchor_then_adaptive_jones_score_selection,fixed_pol_anchor,0.16607733189256088,0.5872909894125309,0.3977375061985213,0.0,True,3,4,3100097.287903903,nan,"[0.4398441972904719,0.16607733189256088,0.5872909894125309]","[2.273532323854128,6.021291338222824,1.7027334286189473]",,jnpp_then_vp,[],3099947.829828474,3096560,True,64965652.6196675,83.29348918028076,75.67915793602789,0.04146646855198578,"[4.989749489316977,4.981470681625194,5.073281073096295]",29.173760404111817,52.615654913010076,82.55595710803755,nan,nan,nan,nan,nan,nan,nan,,,nan,nan,nan,nan,nan,nan,nan,nan,nan,,,,nan,nan,nan,nan,nan,,False,,nan,,,nan,nan,nan,,,,,,,,9.653214698998947e-05,5.533478661680267e-07,0.04004865643729581,9.652654978219762e-05,5.533463260967324e-07,0.040048656437295875,True,rollback,existing_selector_rollback,"[0.4398441972904719,0.16607733189256088,0.5872909894125309]","[2.273532323854128,6.021291338222824,1.7027334286189473]",,"[0.4398441972833914,0.1660773318926768,0.5872909894284704]","[2.2735323238907266,6.021291338218621,1.702733428572734]",,64965652.6196675,83.29348918028076,64965651.05052825,83.2934912083755,direct_vp,direct_vp,False,[],False,1.0,nan,nan,,,nan,nan,nan,False,nan,,,False,,nan,nan,,,nan,nan,nan,False,nan,,,,False,nan,nan,force_ris_only,5.939690432335042e-05,0.009027296220432994,3,decoupled_robust,legacy_multistart,0.0
fig5,oracle_init_vp,17,2127997378,10.0,snr_db,10.0,3,3,3,3,full_6d,2127997378,,,nan,,False,,33.27702193195,9.652792089951113e-05,9.652792089951113e-05,5.533460072132039e-07,8.820666337688826e-06,7.526075813403509e-14,0.04004865643729589,False,oracle_init_vp,global_exact_spherical_vp,,False,,adaptive_jones,cupy,True,0,cupy,cupy.linalg.solve,explicit,matrix_free,analytic_reduced_vp_explicit_gradient,False,matrix_free_cpu_only_gpu_backend,,0,0,0,0,,,,,,fixed_pol_anchor,False,,fixed_pol_anchor,nan,nan,nan,nan,False,3,4,3096725.458075429,3096791.9598649438,"[0.44032313911409604,0.16625817179223604,0.5879304845645666]","[2.271059390636386,6.014741947538557,1.7008813563052994]","[5.5302679529603985e-08,4.2660974815666284e-08,3.2950608462226775e-07]",oracle_init_vp,"[""oracle_truth_initialization""]",nan,,,nan,nan,nan,nan,,0.0,33.275356551865116,33.275356551865116,nan,nan,nan,nan,nan,nan,nan,,,nan,nan,nan,nan,nan,nan,nan,nan,nan,,,,nan,nan,nan,nan,nan,,False,,nan,,,nan,nan,nan,,,,,,,,nan,nan,nan,nan,nan,nan,False,,,,,,,,,nan,nan,nan,nan,,,,[],False,nan,nan,nan,,,nan,nan,nan,False,nan,,,False,,nan,nan,,,nan,nan,nan,False,nan,,,,False,nan,nan,,nan,nan,,,legacy_multistart,
fig5,direct_vp,19,3846521747,10.0,snr_db,10.0,3,3,3,3,full_6d,3846521747,,,nan,,False,,58.328040460823104,0.00022859758123033096,0.00022859758123033096,6.833034391915613e-07,6.850385709590123e-05,7.248244534571956e-14,0.011852845684939637,False,direct_vp,global_exact_spherical_vp,proposed_post_stage1,False,7e24f767837743a1,adaptive_jones,cpu,False,,legacy_least_squares,cpu,explicit,,legacy_least_squares_numerical,False,,,0,0,,,,,,,,fixed_pol_anchor,True,fixed_anchor_then_adaptive_jones_score_selection,fixed_pol_anchor,0.18673075700030953,0.47758301443189743,0.3521116625007661,0.0,True,3,4,3095370.7654167223,nan,"[0.3920212160700912,0.18673075700030953,0.47758301443189743]","[2.55088234770644,5.3553041612644225,2.093876812576886]",,direct_vp,[],3095221.3073412934,3096560,True,66302877.98601982,80.9493685316313,53.30999362336288,0.040155119507564195,"[5.010353128635072,4.981103192579928,5.077056398216451]",25.47798056504689,53.03244038391858,79.2365671840962,nan,nan,nan,nan,nan,nan,nan,,,nan,nan,nan,nan,nan,nan,nan,nan,nan,,,,nan,nan,nan,nan,nan,,False,,nan,,,nan,nan,nan,,,,,,,,0.00022859758123033096,6.833034391915613e-07,0.011852845684939637,nan,nan,nan,False,not_run,not_requested,"[0.3920212160700912,0.18673075700030953,0.47758301443189743]","[2.55088234770644,5.3553041612644225,2.093876812576886]",,,,,66302877.98601982,80.9493685316313,nan,nan,direct_vp,direct_vp,False,[],False,1.0,nan,nan,,,nan,nan,nan,False,nan,,,False,,nan,nan,,,nan,nan,nan,False,nan,,,,False,nan,nan,reliability_gated,nan,nan,,decoupled_robust,legacy_multistart,0.0
fig5,old_gated,19,3846521747,10.0,snr_db,10.0,3,3,3,3,full_6d,3846521747,,,nan,,False,,58.64664630708285,0.00022859758123033096,0.00022859758123033096,6.833034391915613e-07,6.850385709590123e-05,7.248244534571956e-14,0.011852845684939637,False,direct_vp,global_exact_spherical_vp,main_single_proposed,True,1a081bb307c9b283,adaptive_jones,cpu,False,,legacy_least_squares,cpu,explicit,,legacy_least_squares_numerical,False,,,0,0,,,,,,,,fixed_pol_anchor,True,fixed_anchor_then_adaptive_jones_score_selection,fixed_pol_anchor,0.18673075700030953,0.47758301443189743,0.3521116625007661,0.0,True,3,4,3095370.7654167223,nan,"[0.3920212160700912,0.18673075700030953,0.47758301443189743]","[2.55088234770644,5.3553041612644225,2.093876812576886]",,direct_vp,[],3095221.3073412934,3096560,True,66302877.98601982,80.9493685316313,53.30999362336288,0.040155119507564195,"[5.010353128635072,4.981103192579928,5.077056398216451]",25.47798056504689,53.52926864894107,79.73339544911869,nan,nan,nan,nan,nan,nan,nan,,,nan,nan,nan,nan,nan,nan,nan,nan,nan,,,,nan,nan,nan,nan,nan,,False,,nan,,,nan,nan,nan,,,,,,,,0.00022859758123033096,6.833034391915613e-07,0.011852845684939637,nan,nan,nan,False,not_run,not_requested,"[0.3920212160700912,0.18673075700030953,0.47758301443189743]","[2.55088234770644,5.3553041612644225,2.093876812576886]",,,,,66302877.98601982,80.9493685316313,nan,nan,direct_vp,direct_vp,False,[],False,1.0,nan,nan,,,nan,nan,nan,False,nan,,,False,,nan,nan,,,nan,nan,nan,False,nan,,,,False,nan,nan,reliability_gated_ris_only,nan,nan,,decoupled_robust,legacy_multistart,0.0
fig5,adaptive_jones_vp_proposed,19,3846521747,10.0,snr_db,10.0,3,3,3,3,full_6d,3846521747,,,nan,,False,,56.49780684406869,0.00022859758123033096,0.00022859758123033096,6.833034391915613e-07,6.850385709590123e-05,7.248244534571956e-14,0.011852845684939637,False,direct_vp,global_exact_spherical_vp,main_single_proposed,True,942d0f104f4f5b22,adaptive_jones,cpu,False,,legacy_least_squares,cpu,explicit,,legacy_least_squares_numerical,False,,,0,0,,,,,,,,fixed_pol_anchor,True,fixed_anchor_then_adaptive_jones_score_selection,fixed_pol_anchor,0.18673075700030953,0.47758301443189743,0.3521116625007661,0.0,True,3,4,3095370.7654167223,nan,"[0.3920212160700912,0.18673075700030953,0.47758301443189743]","[2.55088234770644,5.3553041612644225,2.093876812576886]",,direct_vp,[],3095221.3073412934,3096560,True,66302877.98601982,80.9493685316313,53.30999362336288,0.040155119507564195,"[5.010353128635072,4.981103192579928,5.077056398216451]",25.47798056504689,51.31446777191013,77.51859457208775,nan,nan,nan,nan,nan,nan,nan,,,nan,nan,nan,nan,nan,nan,nan,nan,nan,,,,nan,nan,nan,nan,nan,,False,,nan,,,nan,nan,nan,,,,,,,,0.00022859758123033096,6.833034391915613e-07,0.011852845684939637,nan,nan,nan,False,not_run,not_requested,"[0.3920212160700912,0.18673075700030953,0.47758301443189743]","[2.55088234770644,5.3553041612644225,2.093876812576886]",,,,,66302877.98601982,80.9493685316313,nan,nan,direct_vp,direct_vp,False,[],True,1.0,8.89454973329971e-05,8.89454973329971e-05,2,data_only_efim_tau_crb,0.0027225217680947496,1.19350606037488e-05,1.19350606037488e-05,True,0.0001008805579367459,green,clock_green,False,ngc_green_skip_rescue,nan,nan,2,,nan,nan,nan,False,nan,,candidate_unavailable,ngc_green_skip_rescue,False,9.21034037197618,13.815510557964274,ngc_certified_ris_only,nan,nan,,decoupled_robust,legacy_multistart,0.0
fig5,force_rescue,19,3846521747,10.0,snr_db,10.0,3,3,3,3,full_6d,3846521747,,,nan,,False,,110.97839308995754,0.00022859758123033096,0.00022859758123033096,6.833034391915613e-07,6.850385709590123e-05,7.248244534571956e-14,0.011852845684939637,False,direct_vp_rollback,global_exact_spherical_vp,main_single_proposed,True,a67b9c3e0d3f5eed,adaptive_jones,cpu,False,,legacy_least_squares,cpu,explicit,,legacy_least_squares_numerical,False,,,0,0,,,,,,,,fixed_pol_anchor,True,fixed_anchor_then_adaptive_jones_score_selection,fixed_pol_anchor,0.18673075700030953,0.47758301443189743,0.3521116625007661,0.0,True,3,4,3095370.7654167223,nan,"[0.3920212160700912,0.18673075700030953,0.47758301443189743]","[2.55088234770644,5.3553041612644225,2.093876812576886]",,jnpp_then_vp,[],3095221.3073412934,3096560,True,66302877.98601982,80.9493685316313,53.30999362336288,0.040155119507564195,"[5.010353128635072,4.981103192579928,5.077056398216451]",25.47798056504689,53.10848691291176,79.31261371308938,nan,nan,nan,nan,nan,nan,nan,,,nan,nan,nan,nan,nan,nan,nan,nan,nan,,,,nan,nan,nan,nan,nan,,False,,nan,,,nan,nan,nan,,,,,,,,0.00022859758123033096,6.833034391915613e-07,0.011852845684939637,0.00022859846472689932,6.833036677422984e-07,0.011852845684939552,True,rollback,existing_selector_rollback,"[0.3920212160700912,0.18673075700030953,0.47758301443189743]","[2.55088234770644,5.3553041612644225,2.093876812576886]",,"[0.39202121609475815,0.18673075699675823,0.4775830144318711]","[2.5508823475459326,5.355304161366271,2.0938768125770015]",,66302877.98601982,80.9493685316313,66302878.26414565,80.94936818196095,direct_vp,direct_vp,False,[],False,1.0,nan,nan,,,nan,nan,nan,False,nan,,,False,,nan,nan,,,nan,nan,nan,False,nan,,,,False,nan,nan,force_ris_only,0.00027767720437669503,0.0032581339066888237,3,decoupled_robust,legacy_multistart,0.0
fig5,oracle_init_vp,19,3846521747,10.0,snr_db,10.0,3,3,3,3,full_6d,3846521747,,,nan,,False,,26.333734653890133,0.00022859801275038627,0.00022859801275038627,6.833041743917407e-07,6.850386810251e-05,7.248265994597349e-14,0.011852845684939547,False,oracle_init_vp,global_exact_spherical_vp,,False,,adaptive_jones,cupy,True,0,cupy,cupy.linalg.solve,explicit,matrix_free,analytic_reduced_vp_explicit_gradient,False,matrix_free_cpu_only_gpu_backend,,0,0,0,0,,,,,,fixed_pol_anchor,False,,fixed_pol_anchor,nan,nan,nan,nan,False,3,4,3096725.458075429,3096808.893645373,"[0.3918497143028888,0.1866490658722204,0.47737408101570455]","[2.5519987982602848,5.357648029615167,2.094793244475761]","[1.1542067453851405e-08,1.4835096397208725e-09,2.8057081696175014e-07]",oracle_init_vp,"[""oracle_truth_initialization""]",nan,,,nan,nan,nan,nan,,0.0,26.331992496037856,26.331992496037856,nan,nan,nan,nan,nan,nan,nan,,,nan,nan,nan,nan,nan,nan,nan,nan,nan,,,,nan,nan,nan,nan,nan,,False,,nan,,,nan,nan,nan,,,,,,,,nan,nan,nan,nan,nan,nan,False,,,,,,,,,nan,nan,nan,nan,,,,[],False,nan,nan,nan,,,nan,nan,nan,False,nan,,,False,,nan,nan,,,nan,nan,nan,False,nan,,,,False,nan,nan,,nan,nan,,,legacy_multistart,
fig5,direct_vp,14,1092560480,5.0,snr_db,5.0,3,3,3,3,full_6d,1092560480,,,nan,,False,,173.30891351099126,0.00019688935353272312,0.00019688935353272312,1.9189221873144026e-06,0.00014071991198135733,3.8769918297090765e-13,0.06836063143903205,False,direct_vp,global_exact_spherical_vp,proposed_post_stage1,False,6c65906cf4990083,adaptive_jones,cpu,False,,legacy_least_squares,cpu,explicit,,legacy_least_squares_numerical,False,,,0,0,,,,,,,,fixed_pol_anchor,True,fixed_anchor_then_adaptive_jones_score_selection,fixed_pol_anchor,0.865847797318493,1.1989504482167705,1.0662607626424074,0.0,True,3,10,3944124.739142647,3945245.5414591106,"[1.1989504482167705,1.1339840423919587,0.865847797318493]","[0.8340628267716372,0.8818466244811746,1.1549373955747266]","[7.44846485254741e-07,1.0601266334892439e-06,4.477449540421145e-07]",direct_vp,[],3094527.3682510112,3096560,True,25092016.369954538,68.80171107277671,30.50569987488402,0.026735185925136216,"[5.044877355350895,4.983871116871457,4.99375519396624]",44.50971925002523,166.34257486299612,211.77754328912124,nan,nan,nan,nan,nan,nan,nan,,,nan,nan,nan,nan,nan,nan,nan,nan,nan,,,,nan,nan,nan,nan,nan,,False,,nan,,,nan,nan,nan,,,,,,,,0.00019688935353272312,1.9189221873144026e-06,0.06836063143903205,nan,nan,nan,False,not_run,not_requested,"[1.1989504482167705,1.1339840423919587,0.865847797318493]","[0.8340628267716372,0.8818466244811746,1.1549373955747266]","[7.44846485254741e-07,1.0601266334892439e-06,4.477449540421145e-07]",,,,25092016.369954538,68.80171107277671,nan,nan,direct_vp,direct_vp,False,[],False,1.0,nan,nan,,,nan,nan,nan,False,nan,,,False,,nan,nan,,,nan,nan,nan,False,nan,,,,False,nan,nan,reliability_gated,nan,nan,,decoupled_robust,legacy_multistart,0.0
fig5,old_gated,14,1092560480,5.0,snr_db,5.0,3,3,3,3,full_6d,1092560480,,,nan,,False,,174.86968445894308,0.00019688935353272312,0.00019688935353272312,1.9189221873144026e-06,0.00014071991198135733,3.8769918297090765e-13,0.06836063143903205,False,direct_vp,global_exact_spherical_vp,main_single_proposed,True,cc1329735b36922a,adaptive_jones,cpu,False,,legacy_least_squares,cpu,explicit,,legacy_least_squares_numerical,False,,,0,0,,,,,,,,fixed_pol_anchor,True,fixed_anchor_then_adaptive_jones_score_selection,fixed_pol_anchor,0.865847797318493,1.1989504482167705,1.0662607626424074,0.0,True,3,10,3944124.739142647,3945245.5414591106,"[1.1989504482167705,1.1339840423919587,0.865847797318493]","[0.8340628267716372,0.8818466244811746,1.1549373955747266]","[7.44846485254741e-07,1.0601266334892439e-06,4.477449540421145e-07]",direct_vp,[],3094527.3682510112,3096560,True,25092016.369954538,68.80171107277671,30.50569987488402,0.026735185925136216,"[5.044877355350895,4.983871116871457,4.99375519396624]",44.50971925002523,168.40174351702444,213.83671194314957,nan,nan,nan,nan,nan,nan,nan,,,nan,nan,nan,nan,nan,nan,nan,nan,nan,,,,nan,nan,nan,nan,nan,,False,,nan,,,nan,nan,nan,,,,,,,,0.00019688935353272312,1.9189221873144026e-06,0.06836063143903205,nan,nan,nan,False,not_run,not_requested,"[1.1989504482167705,1.1339840423919587,0.865847797318493]","[0.8340628267716372,0.8818466244811746,1.1549373955747266]","[7.44846485254741e-07,1.0601266334892439e-06,4.477449540421145e-07]",,,,25092016.369954538,68.80171107277671,nan,nan,direct_vp,direct_vp,False,[],False,1.0,nan,nan,,,nan,nan,nan,False,nan,,,False,,nan,nan,,,nan,nan,nan,False,nan,,,,False,nan,nan,reliability_gated_ris_only,nan,nan,,decoupled_robust,legacy_multistart,0.0
fig5,adaptive_jones_vp_proposed,14,1092560480,5.0,snr_db,5.0,3,3,3,3,full_6d,1092560480,,,nan,,False,,170.2077816829551,0.00019688935353272312,0.00019688935353272312,1.9189221873144026e-06,0.00014071991198135733,3.8769918297090765e-13,0.06836063143903205,False,direct_vp,global_exact_spherical_vp,main_single_proposed,True,b260581c0ccef05a,adaptive_jones,cpu,False,,legacy_least_squares,cpu,explicit,,legacy_least_squares_numerical,False,,,0,0,,,,,,,,fixed_pol_anchor,True,fixed_anchor_then_adaptive_jones_score_selection,fixed_pol_anchor,0.865847797318493,1.1989504482167705,1.0662607626424074,0.0,True,3,10,3944124.739142647,3945245.5414591106,"[1.1989504482167705,1.1339840423919587,0.865847797318493]","[0.8340628267716372,0.8818466244811746,1.1549373955747266]","[7.44846485254741e-07,1.0601266334892439e-06,4.477449540421145e-07]",direct_vp,[],3094527.3682510112,3096560,True,25092016.369954538,68.80171107277671,30.50569987488402,0.026735185925136216,"[5.044877355350895,4.983871116871457,4.99375519396624]",44.50971925002523,163.5528648798354,208.98783330596052,nan,nan,nan,nan,nan,nan,nan,,,nan,nan,nan,nan,nan,nan,nan,nan,nan,,,,nan,nan,nan,nan,nan,,False,,nan,,,nan,nan,nan,,,,,,,,0.00019688935353272312,1.9189221873144026e-06,0.06836063143903205,nan,nan,nan,False,not_run,not_requested,"[1.1989504482167705,1.1339840423919587,0.865847797318493]","[0.8340628267716372,0.8818466244811746,1.1549373955747266]","[7.44846485254741e-07,1.0601266334892439e-06,4.477449540421145e-07]",,,,25092016.369954538,68.80171107277671,nan,nan,direct_vp,direct_vp,False,[],True,1.0,0.0009478390734768864,0.0009478390734768864,2,data_only_efim_tau_crb,0.00888743998328018,7.253444034056092e-06,7.253444034056092e-06,True,0.0009550925175109425,green,clock_green,False,ngc_green_skip_rescue,nan,nan,2,,nan,nan,nan,False,nan,,candidate_unavailable,ngc_green_skip_rescue,False,9.21034037197618,13.815510557964274,ngc_certified_ris_only,nan,nan,,decoupled_robust,legacy_multistart,0.0
fig5,force_rescue,14,1092560480,5.0,snr_db,5.0,3,3,3,3,full_6d,1092560480,,,nan,,False,,341.73703063698485,0.00019688935353272312,0.00019688935353272312,1.9189221873144026e-06,0.00014071991198135733,3.8769918297090765e-13,0.06836063143903205,False,direct_vp_rollback,global_exact_spherical_vp,main_single_proposed,True,c4aed969da20b6e5,adaptive_jones,cpu,False,,legacy_least_squares,cpu,explicit,,legacy_least_squares_numerical,False,,,0,0,,,,,,,,fixed_pol_anchor,True,fixed_anchor_then_adaptive_jones_score_selection,fixed_pol_anchor,0.865847797318493,1.1989504482167705,1.0662607626424074,0.0,True,3,10,3944124.739142647,3945245.5414591106,"[1.1989504482167705,1.1339840423919587,0.865847797318493]","[0.8340628267716372,0.8818466244811746,1.1549373955747266]","[7.44846485254741e-07,1.0601266334892439e-06,4.477449540421145e-07]",jnpp_then_vp,[],3094527.3682510112,3096560,True,25092016.369954538,68.80171107277671,30.50569987488402,0.026735185925136216,"[5.044877355350895,4.983871116871457,4.99375519396624]",44.50971925002523,164.04876613197848,209.4837345581036,nan,nan,nan,nan,nan,nan,nan,,,nan,nan,nan,nan,nan,nan,nan,nan,nan,,,,nan,nan,nan,nan,nan,,False,,nan,,,nan,nan,nan,,,,,,,,0.00019688935353272312,1.9189221873144026e-06,0.06836063143903205,0.00019688897755296858,1.918922351764566e-06,0.06836063143903166,True,rollback,existing_selector_rollback,"[1.1989504482167705,1.1339840423919587,0.865847797318493]","[0.8340628267716372,0.8818466244811746,1.1549373955747266]","[7.44846485254741e-07,1.0601266334892439e-06,4.477449540421145e-07]","[1.1989504475045338,1.1339840409287771,0.8658477981301357]","[0.8340628272671123,0.8818466256190228,1.1549373944920924]","[7.357008039039214e-07,1.115024220099387e-06,4.210882645257244e-07]",25092016.369954538,68.80171107277671,25092016.307553295,68.8017112403093,direct_vp,direct_vp,False,[],False,1.0,nan,nan,,,nan,nan,nan,False,nan,,,False,,nan,nan,,,nan,nan,nan,False,nan,,,,False,nan,nan,force_ris_only,0.7000005716740129,0.014064028770626196,3,decoupled_robust,legacy_multistart,0.0
fig5,oracle_init_vp,14,1092560480,5.0,snr_db,5.0,3,3,3,3,full_6d,1092560480,,,nan,,False,,43.40351837477647,0.00019688454258090746,0.00019688454258090746,1.9189185316039425e-06,0.00014071823442955453,3.8769584322621305e-13,0.06836063143903166,False,oracle_init_vp,global_exact_spherical_vp,,False,,adaptive_jones,cupy,True,0,cupy,cupy.linalg.solve,explicit,matrix_free,analytic_reduced_vp_explicit_gradient,False,matrix_free_cpu_only_gpu_backend,,0,0,0,0,,,,,,fixed_pol_anchor,False,,fixed_pol_anchor,nan,nan,nan,nan,False,3,4,3096725.458075429,3096776.007899164,"[1.1810595640391977,1.1123575258587783,0.7118243338042511]","[0.8466973474045975,0.8989915353221107,1.4048409874595327]","[8.898566144825045e-08,1.6834570002311893e-07,1.5119168171337872e-07]",oracle_init_vp,"[""oracle_truth_initialization""]",nan,,,nan,nan,nan,nan,,0.0,43.40145949414,43.40145949414,nan,nan,nan,nan,nan,nan,nan,,,nan,nan,nan,nan,nan,nan,nan,nan,nan,,,,nan,nan,nan,nan,nan,,False,,nan,,,nan,nan,nan,,,,,,,,nan,nan,nan,nan,nan,nan,False,,,,,,,,,nan,nan,nan,nan,,,,[],False,nan,nan,nan,,,nan,nan,nan,False,nan,,,False,,nan,nan,,,nan,nan,nan,False,nan,,,,False,nan,nan,,nan,nan,,,legacy_multistart,
fig5,direct_vp,13,634888206,10.0,snr_db,10.0,3,3,3,3,full_6d,634888206,,,nan,,False,,75.87765268981457,0.0001593012427719192,0.0001593012427719192,4.156287014505679e-07,4.1686524712082486e-05,2.1975546032317718e-13,0.020446468044119447,False,direct_vp,global_exact_spherical_vp,proposed_post_stage1,False,4834a06bfdf6d1ea,adaptive_jones,cpu,False,,legacy_least_squares,cpu,explicit,,legacy_least_squares_numerical,False,,,0,0,,,,,,,,fixed_pol_anchor,True,fixed_anchor_then_adaptive_jones_score_selection,fixed_pol_anchor,0.17012695639774136,2.5845414037728576,1.0081138574150212,0.0,True,3,4,3095329.05467679,nan,"[0.17012695639774136,2.5845414037728576,0.2696732120744652]","[5.877963264457167,0.3869158368047953,3.7081918233821427]",,direct_vp,[],3095179.596601361,3096560,True,75410984.058181,80.70101782972121,62.486337397341764,0.02554520072393226,"[5.002953914882679,5.064276444829921,5.044393317486205]",27.129463324090466,68.73237604717724,96.6167089433875,nan,nan,nan,nan,nan,nan,nan,,,nan,nan,nan,nan,nan,nan,nan,nan,nan,,,,nan,nan,nan,nan,nan,,False,,nan,,,nan,nan,nan,,,,,,,,0.0001593012427719192,4.156287014505679e-07,0.020446468044119447,nan,nan,nan,False,not_run,not_requested,"[0.17012695639774136,2.5845414037728576,0.2696732120744652]","[5.877963264457167,0.3869158368047953,3.7081918233821427]",,,,,75410984.058181,80.70101782972121,nan,nan,direct_vp,direct_vp,False,[],False,1.0,nan,nan,,,nan,nan,nan,False,nan,,,False,,nan,nan,,,nan,nan,nan,False,nan,,,,False,nan,nan,reliability_gated,nan,nan,,decoupled_robust,legacy_multistart,0.0
fig5,old_gated,13,634888206,10.0,snr_db,10.0,3,3,3,3,full_6d,634888206,,,nan,,False,,77.44463670603,0.0001593012427719192,0.0001593012427719192,4.156287014505679e-07,4.1686524712082486e-05,2.1975546032317718e-13,0.020446468044119447,False,direct_vp,global_exact_spherical_vp,main_single_proposed,True,508ca82181da1f64,adaptive_jones,cpu,False,,legacy_least_squares,cpu,explicit,,legacy_least_squares_numerical,False,,,0,0,,,,,,,,fixed_pol_anchor,True,fixed_anchor_then_adaptive_jones_score_selection,fixed_pol_anchor,0.17012695639774136,2.5845414037728576,1.0081138574150212,0.0,True,3,4,3095329.05467679,nan,"[0.17012695639774136,2.5845414037728576,0.2696732120744652]","[5.877963264457167,0.3869158368047953,3.7081918233821427]",,direct_vp,[],3095179.596601361,3096560,True,75410984.058181,80.70101782972121,62.486337397341764,0.02554520072393226,"[5.002953914882679,5.064276444829921,5.044393317486205]",27.129463324090466,70.94739127508365,98.8317241712939,nan,nan,nan,nan,nan,nan,nan,,,nan,nan,nan,nan,nan,nan,nan,nan,nan,,,,nan,nan,nan,nan,nan,,False,,nan,,,nan,nan,nan,,,,,,,,0.0001593012427719192,4.156287014505679e-07,0.020446468044119447,nan,nan,nan,False,not_run,not_requested,"[0.17012695639774136,2.5845414037728576,0.2696732120744652]","[5.877963264457167,0.3869158368047953,3.7081918233821427]",,,,,75410984.058181,80.70101782972121,nan,nan,direct_vp,direct_vp,False,[],False,1.0,nan,nan,,,nan,nan,nan,False,nan,,,False,,nan,nan,,,nan,nan,nan,False,nan,,,,False,nan,nan,reliability_gated_ris_only,nan,nan,,decoupled_robust,legacy_multistart,0.0
fig5,adaptive_jones_vp_proposed,13,634888206,10.0,snr_db,10.0,3,3,3,3,full_6d,634888206,,,nan,,False,,77.62800427596085,0.0001593012427719192,0.0001593012427719192,4.156287014505679e-07,4.1686524712082486e-05,2.1975546032317718e-13,0.020446468044119447,False,direct_vp,global_exact_spherical_vp,main_single_proposed,True,70ddff8a68b7bf6d,adaptive_jones,cpu,False,,legacy_least_squares,cpu,explicit,,legacy_least_squares_numerical,False,,,0,0,,,,,,,,fixed_pol_anchor,True,fixed_anchor_then_adaptive_jones_score_selection,fixed_pol_anchor,0.17012695639774136,2.5845414037728576,1.0081138574150212,0.0,True,3,4,3095329.05467679,nan,"[0.17012695639774136,2.5845414037728576,0.2696732120744652]","[5.877963264457167,0.3869158368047953,3.7081918233821427]",,direct_vp,[],3095179.596601361,3096560,True,75410984.058181,80.70101782972121,62.486337397341764,0.02554520072393226,"[5.002953914882679,5.064276444829921,5.044393317486205]",27.129463324090466,70.95881397021003,98.84314686642028,nan,nan,nan,nan,nan,nan,nan,,,nan,nan,nan,nan,nan,nan,nan,nan,nan,,,,nan,nan,nan,nan,nan,,False,,nan,,,nan,nan,nan,,,,,,,,0.0001593012427719192,4.156287014505679e-07,0.020446468044119447,nan,nan,nan,False,not_run,not_requested,"[0.17012695639774136,2.5845414037728576,0.2696732120744652]","[5.877963264457167,0.3869158368047953,3.7081918233821427]",,,,,75410984.058181,80.70101782972121,nan,nan,direct_vp,direct_vp,False,[],True,1.0,0.0001899558873382989,0.0001899558873382989,2,data_only_efim_tau_crb,0.003978650182937874,5.004848870386536e-06,5.004848870386536e-06,True,0.00019496073620868545,green,clock_green,False,ngc_green_skip_rescue,nan,nan,2,,nan,nan,nan,False,nan,,candidate_unavailable,ngc_green_skip_rescue,False,9.21034037197618,13.815510557964274,ngc_certified_ris_only,nan,nan,,decoupled_robust,legacy_multistart,0.0
fig5,force_rescue,13,634888206,10.0,snr_db,10.0,3,3,3,3,full_6d,634888206,,,nan,,False,,136.59266421897337,0.0001593012427719192,0.0001593012427719192,4.156287014505679e-07,4.1686524712082486e-05,2.1975546032317718e-13,0.020446468044119447,False,direct_vp_rollback,global_exact_spherical_vp,main_single_proposed,True,131e6e2ac007af97,adaptive_jones,cpu,False,,legacy_least_squares,cpu,explicit,,legacy_least_squares_numerical,False,,,0,0,,,,,,,,fixed_pol_anchor,True,fixed_anchor_then_adaptive_jones_score_selection,fixed_pol_anchor,0.17012695639774136,2.5845414037728576,1.0081138574150212,0.0,True,3,4,3095329.05467679,nan,"[0.17012695639774136,2.5845414037728576,0.2696732120744652]","[5.877963264457167,0.3869158368047953,3.7081918233821427]",,jnpp_then_vp,[],3095179.596601361,3096560,True,75410984.058181,80.70101782972121,62.486337397341764,0.02554520072393226,"[5.002953914882679,5.064276444829921,5.044393317486205]",27.129463324090466,53.10354974097572,80.98788263718598,nan,nan,nan,nan,nan,nan,nan,,,nan,nan,nan,nan,nan,nan,nan,nan,nan,,,,nan,nan,nan,nan,nan,,False,,nan,,,nan,nan,nan,,,,,,,,0.0001593012427719192,4.156287014505679e-07,0.020446468044119447,0.0001593002314864559,4.1562772529316406e-07,0.020446468044119485,True,rollback,existing_selector_rollback,"[0.17012695639774136,2.5845414037728576,0.2696732120744652]","[5.877963264457167,0.3869158368047953,3.7081918233821427]",,"[0.1701269563985114,2.584541403792269,0.2696732120753236]","[5.877963264430562,0.3869158368018893,3.7081918233703393]",,75410984.058181,80.70101782972121,75410983.82525752,80.7010180696822,direct_vp,direct_vp,False,[],False,1.0,nan,nan,,,nan,nan,nan,False,nan,,,False,,nan,nan,,,nan,nan,nan,False,nan,,,,False,nan,nan,force_ris_only,0.00013052998695391207,0.02125232596392724,3,decoupled_robust,legacy_multistart,0.0
fig5,oracle_init_vp,13,634888206,10.0,snr_db,10.0,3,3,3,3,full_6d,634888206,,,nan,,False,,31.631258945912123,0.00015930070278179573,0.00015930070278179573,4.156279115599835e-07,4.16864328848446e-05,2.1975490905651873e-13,0.0204464680441195,False,oracle_init_vp,global_exact_spherical_vp,,False,,adaptive_jones,cupy,True,0,cupy,cupy.linalg.solve,explicit,matrix_free,analytic_reduced_vp_explicit_gradient,False,matrix_free_cpu_only_gpu_backend,,0,0,0,0,,,,,,fixed_pol_anchor,False,,fixed_pol_anchor,nan,nan,nan,nan,False,3,4,3096725.458075429,3096787.574912552,"[0.17005023751179024,2.5833759028456065,0.2695516027277246]","[5.880615132516331,0.3870903955153835,3.7098647898222117]","[5.024530362936007e-08,2.1106688655823116e-07,1.4040914393048566e-07]",oracle_init_vp,"[""oracle_truth_initialization""]",nan,,,nan,nan,nan,nan,,0.0,31.629733748966828,31.629733748966828,nan,nan,nan,nan,nan,nan,nan,,,nan,nan,nan,nan,nan,nan,nan,nan,nan,,,,nan,nan,nan,nan,nan,,False,,nan,,,nan,nan,nan,,,,,,,,nan,nan,nan,nan,nan,nan,False,,,,,,,,,nan,nan,nan,nan,,,,[],False,nan,nan,nan,,,nan,nan,nan,False,nan,,,False,,nan,nan,,,nan,nan,nan,False,nan,,,,False,nan,nan,,nan,nan,,,legacy_multistart,
fig5,direct_vp,20,3607282624,10.0,snr_db,10.0,3,3,3,3,full_6d,3607282624,,,nan,,False,,56.71961528202519,4.3605020921454836e-05,4.3605020921454836e-05,6.817567404251829e-07,3.8397180993361024e-05,7.869396745068572e-14,0.05718119801023609,False,direct_vp,global_exact_spherical_vp,proposed_post_stage1,False,d44eea515247187f,adaptive_jones,cpu,False,,legacy_least_squares,cpu,explicit,,legacy_least_squares_numerical,False,,,0,0,,,,,,,,fixed_pol_anchor,True,fixed_anchor_then_adaptive_jones_score_selection,fixed_pol_anchor,0.1578282015041102,0.7778167400623188,0.4554128041241519,0.0,True,3,4,3095406.2227995805,nan,"[0.43059347080602683,0.7778167400623188,0.1578282015041102]","[2.322376133868616,1.2856498818977615,6.336003264751135]",,direct_vp,[],3095256.7647241517,3096560,True,85945509.11355919,65.45071800248925,53.038494622616966,0.01426051606057984,"[4.967653891056678,5.000044583649289,4.9951745500392395]",24.04301905306056,51.4594187438488,76.26361036580056,nan,nan,nan,nan,nan,nan,nan,,,nan,nan,nan,nan,nan,nan,nan,nan,nan,,,,nan,nan,nan,nan,nan,,False,,nan,,,nan,nan,nan,,,,,,,,4.3605020921454836e-05,6.817567404251829e-07,0.05718119801023609,nan,nan,nan,False,not_run,not_requested,"[0.43059347080602683,0.7778167400623188,0.1578282015041102]","[2.322376133868616,1.2856498818977615,6.336003264751135]",,,,,85945509.11355919,65.45071800248925,nan,nan,direct_vp,direct_vp,False,[],False,1.0,nan,nan,,,nan,nan,nan,False,nan,,,False,,nan,nan,,,nan,nan,nan,False,nan,,,,False,nan,nan,reliability_gated,nan,nan,,decoupled_robust,legacy_multistart,0.0
fig5,old_gated,20,3607282624,10.0,snr_db,10.0,3,3,3,3,full_6d,3607282624,,,nan,,False,,57.78405030001886,4.3605020921454836e-05,4.3605020921454836e-05,6.817567404251829e-07,3.8397180993361024e-05,7.869396745068572e-14,0.05718119801023609,False,direct_vp,global_exact_spherical_vp,main_single_proposed,True,57ae595ca0e314ab,adaptive_jones,cpu,False,,legacy_least_squares,cpu,explicit,,legacy_least_squares_numerical,False,,,0,0,,,,,,,,fixed_pol_anchor,True,fixed_anchor_then_adaptive_jones_score_selection,fixed_pol_anchor,0.1578282015041102,0.7778167400623188,0.4554128041241519,0.0,True,3,4,3095406.2227995805,nan,"[0.43059347080602683,0.7778167400623188,0.1578282015041102]","[2.322376133868616,1.2856498818977615,6.336003264751135]",,direct_vp,[],3095256.7647241517,3096560,True,85945509.11355919,65.45071800248925,53.038494622616966,0.01426051606057984,"[4.967653891056678,5.000044583649289,4.9951745500392395]",24.04301905306056,52.7648867550306,77.56907837698236,nan,nan,nan,nan,nan,nan,nan,,,nan,nan,nan,nan,nan,nan,nan,nan,nan,,,,nan,nan,nan,nan,nan,,False,,nan,,,nan,nan,nan,,,,,,,,4.3605020921454836e-05,6.817567404251829e-07,0.05718119801023609,nan,nan,nan,False,not_run,not_requested,"[0.43059347080602683,0.7778167400623188,0.1578282015041102]","[2.322376133868616,1.2856498818977615,6.336003264751135]",,,,,85945509.11355919,65.45071800248925,nan,nan,direct_vp,direct_vp,False,[],False,1.0,nan,nan,,,nan,nan,nan,False,nan,,,False,,nan,nan,,,nan,nan,nan,False,nan,,,,False,nan,nan,reliability_gated_ris_only,nan,nan,,decoupled_robust,legacy_multistart,0.0
fig5,adaptive_jones_vp_proposed,20,3607282624,10.0,snr_db,10.0,3,3,3,3,full_6d,3607282624,,,nan,,False,,56.888581215869635,4.3605020921454836e-05,4.3605020921454836e-05,6.817567404251829e-07,3.8397180993361024e-05,7.869396745068572e-14,0.05718119801023609,False,direct_vp,global_exact_spherical_vp,main_single_proposed,True,2deeb592589fba8e,adaptive_jones,cpu,False,,legacy_least_squares,cpu,explicit,,legacy_least_squares_numerical,False,,,0,0,,,,,,,,fixed_pol_anchor,True,fixed_anchor_then_adaptive_jones_score_selection,fixed_pol_anchor,0.1578282015041102,0.7778167400623188,0.4554128041241519,0.0,True,3,4,3095406.2227995805,nan,"[0.43059347080602683,0.7778167400623188,0.1578282015041102]","[2.322376133868616,1.2856498818977615,6.336003264751135]",,direct_vp,[],3095256.7647241517,3096560,True,85945509.11355919,65.45071800248925,53.038494622616966,0.01426051606057984,"[4.967653891056678,5.000044583649289,4.9951745500392395]",24.04301905306056,51.74287906684913,76.54707068880089,nan,nan,nan,nan,nan,nan,nan,,,nan,nan,nan,nan,nan,nan,nan,nan,nan,,,,nan,nan,nan,nan,nan,,False,,nan,,,nan,nan,nan,,,,,,,,4.3605020921454836e-05,6.817567404251829e-07,0.05718119801023609,nan,nan,nan,False,not_run,not_requested,"[0.43059347080602683,0.7778167400623188,0.1578282015041102]","[2.322376133868616,1.2856498818977615,6.336003264751135]",,,,,85945509.11355919,65.45071800248925,nan,nan,direct_vp,direct_vp,False,[],True,1.0,1.5025988414887953e-06,1.5025988414887953e-06,2,data_only_efim_tau_crb,0.0003538595344540914,2.543578725579663e-06,2.543578725579663e-06,True,4.046177567068459e-06,green,clock_green,False,ngc_green_skip_rescue,nan,nan,2,,nan,nan,nan,False,nan,,candidate_unavailable,ngc_green_skip_rescue,False,9.21034037197618,13.815510557964274,ngc_certified_ris_only,nan,nan,,decoupled_robust,legacy_multistart,0.0
fig5,force_rescue,20,3607282624,10.0,snr_db,10.0,3,3,3,3,full_6d,3607282624,,,nan,,False,,139.85589699214324,4.3605020921454836e-05,4.3605020921454836e-05,6.817567404251829e-07,3.8397180993361024e-05,7.869396745068572e-14,0.05718119801023609,False,direct_vp_rollback,global_exact_spherical_vp,main_single_proposed,True,5ed727d316b84082,adaptive_jones,cpu,False,,legacy_least_squares,cpu,explicit,,legacy_least_squares_numerical,False,,,0,0,,,,,,,,fixed_pol_anchor,True,fixed_anchor_then_adaptive_jones_score_selection,fixed_pol_anchor,0.1578282015041102,0.7778167400623188,0.4554128041241519,0.0,True,3,4,3095406.2227995805,nan,"[0.43059347080602683,0.7778167400623188,0.1578282015041102]","[2.322376133868616,1.2856498818977615,6.336003264751135]",,jnpp_then_vp,[],3095256.7647241517,3096560,True,85945509.11355919,65.45071800248925,53.038494622616966,0.01426051606057984,"[4.967653891056678,5.000044583649289,4.9951745500392395]",24.04301905306056,59.90803222102113,84.71222384297289,nan,nan,nan,nan,nan,nan,nan,,,nan,nan,nan,nan,nan,nan,nan,nan,nan,,,,nan,nan,nan,nan,nan,,False,,nan,,,nan,nan,nan,,,,,,,,4.3605020921454836e-05,6.817567404251829e-07,0.05718119801023609,4.360486644595844e-05,6.817490475646317e-07,0.057181198010236564,True,rollback,existing_selector_rollback,"[0.43059347080602683,0.7778167400623188,0.1578282015041102]","[2.322376133868616,1.2856498818977615,6.336003264751135]",,"[0.43059347083591637,0.7778167399213515,0.157828201497709]","[2.322376133707409,1.2856498821307658,6.336003265008111]",,85945509.11355919,65.45071800248925,85945509.19555202,65.45071795840516,direct_vp,direct_vp,False,[],False,1.0,nan,nan,,,nan,nan,nan,False,nan,,,False,,nan,nan,,,nan,nan,nan,False,nan,,,,False,nan,nan,force_ris_only,5.9711973026559145e-05,0.010834612050677636,3,decoupled_robust,legacy_multistart,0.0
fig5,oracle_init_vp,20,3607282624,10.0,snr_db,10.0,3,3,3,3,full_6d,3607282624,,,nan,,False,,25.463978740153834,4.360492351176574e-05,4.360492351176574e-05,6.817557492195405e-07,3.839713544219199e-05,7.869554530264571e-14,0.057181198010236134,False,oracle_init_vp,global_exact_spherical_vp,,False,,adaptive_jones,cupy,True,0,cupy,cupy.linalg.solve,explicit,matrix_free,analytic_reduced_vp_explicit_gradient,False,matrix_free_cpu_only_gpu_backend,,0,0,0,0,,,,,,fixed_pol_anchor,False,,fixed_pol_anchor,nan,nan,nan,nan,False,3,4,3096725.458075429,3096790.9822687185,"[0.43041002494940633,0.7774853664690392,0.15776096190256916]","[2.3233659581166055,1.2861978413056654,6.33870374483028]","[3.495810635753651e-07,2.7098522108612255e-07,6.779797937600335e-08]",oracle_init_vp,"[""oracle_truth_initialization""]",nan,,,nan,nan,nan,nan,,0.0,25.462406205013394,25.462406205013394,nan,nan,nan,nan,nan,nan,nan,,,nan,nan,nan,nan,nan,nan,nan,nan,nan,,,,nan,nan,nan,nan,nan,,False,,nan,,,nan,nan,nan,,,,,,,,nan,nan,nan,nan,nan,nan,False,,,,,,,,,nan,nan,nan,nan,,,,[],False,nan,nan,nan,,,nan,nan,nan,False,nan,,,False,,nan,nan,,,nan,nan,nan,False,nan,,,,False,nan,nan,,nan,nan,,,legacy_multistart,
fig5,direct_vp,0,3147786918,15.0,snr_db,15.0,3,3,3,3,full_6d,3147786918,,,nan,,False,,58.5238159110304,6.618076548577272e-05,6.618076548577272e-05,8.201218456013127e-08,1.0205007070742762e-05,5.582062160947078e-14,0.012532463392280209,False,direct_vp,global_exact_spherical_vp,proposed_post_stage1,False,a7c1b7e9b029da90,adaptive_jones,cpu,False,,legacy_least_squares,cpu,explicit,,legacy_least_squares_numerical,False,,,0,0,,,,,,,,fixed_pol_anchor,True,fixed_anchor_then_adaptive_jones_score_selection,fixed_pol_anchor,0.05912305910252812,0.23093072993775354,0.1286022039644766,0.0,True,3,4,3095619.276285209,nan,"[0.23093072993775354,0.05912305910252812,0.09575282285314818]","[4.3303028586507955,16.91387447097068,10.443556338109838]",,direct_vp,[],3095469.8182097804,3096560,True,260051508.8048783,69.83027025198211,103.43442088465424,0.004366287092764125,"[5.000394705167583,4.989707376686288,4.995405781456976]",27.47134099411778,53.27572274906561,81.34855534718372,nan,nan,nan,nan,nan,nan,nan,,,nan,nan,nan,nan,nan,nan,nan,nan,nan,,,,nan,nan,nan,nan,nan,,False,,nan,,,nan,nan,nan,,,,,,,,6.618076548577272e-05,8.201218456013127e-08,0.012532463392280209,nan,nan,nan,False,not_run,not_requested,"[0.23093072993775354,0.05912305910252812,0.09575282285314818]","[4.3303028586507955,16.91387447097068,10.443556338109838]",,,,,260051508.8048783,69.83027025198211,nan,nan,direct_vp,direct_vp,False,[],False,1.0,nan,nan,,,nan,nan,nan,False,nan,,,False,,nan,nan,,,nan,nan,nan,False,nan,,,,False,nan,nan,reliability_gated,nan,nan,,decoupled_robust,legacy_multistart,0.0
fig5,old_gated,0,3147786918,15.0,snr_db,15.0,3,3,3,3,full_6d,3147786918,,,nan,,False,,57.135076029924676,6.618076548577272e-05,6.618076548577272e-05,8.201218456013127e-08,1.0205007070742762e-05,5.582062160947078e-14,0.012532463392280209,False,direct_vp,global_exact_spherical_vp,main_single_proposed,True,21f8d80949d72a12,adaptive_jones,cpu,False,,legacy_least_squares,cpu,explicit,,legacy_least_squares_numerical,False,,,0,0,,,,,,,,fixed_pol_anchor,True,fixed_anchor_then_adaptive_jones_score_selection,fixed_pol_anchor,0.05912305910252812,0.23093072993775354,0.1286022039644766,0.0,True,3,4,3095619.276285209,nan,"[0.23093072993775354,0.05912305910252812,0.09575282285314818]","[4.3303028586507955,16.91387447097068,10.443556338109838]",,direct_vp,[],3095469.8182097804,3096560,True,260051508.8048783,69.83027025198211,103.43442088465424,0.004366287092764125,"[5.000394705167583,4.989707376686288,4.995405781456976]",27.47134099411778,52.10216190107167,80.17499449918978,nan,nan,nan,nan,nan,nan,nan,,,nan,nan,nan,nan,nan,nan,nan,nan,nan,,,,nan,nan,nan,nan,nan,,False,,nan,,,nan,nan,nan,,,,,,,,6.618076548577272e-05,8.201218456013127e-08,0.012532463392280209,nan,nan,nan,False,not_run,not_requested,"[0.23093072993775354,0.05912305910252812,0.09575282285314818]","[4.3303028586507955,16.91387447097068,10.443556338109838]",,,,,260051508.8048783,69.83027025198211,nan,nan,direct_vp,direct_vp,False,[],False,1.0,nan,nan,,,nan,nan,nan,False,nan,,,False,,nan,nan,,,nan,nan,nan,False,nan,,,,False,nan,nan,reliability_gated_ris_only,nan,nan,,decoupled_robust,legacy_multistart,0.0
fig5,adaptive_jones_vp_proposed,0,3147786918,15.0,snr_db,15.0,3,3,3,3,full_6d,3147786918,,,nan,,False,,58.11412765993737,6.618076548577272e-05,6.618076548577272e-05,8.201218456013127e-08,1.0205007070742762e-05,5.582062160947078e-14,0.012532463392280209,False,direct_vp,global_exact_spherical_vp,main_single_proposed,True,42497b4a24187f55,adaptive_jones,cpu,False,,legacy_least_squares,cpu,explicit,,legacy_least_squares_numerical,False,,,0,0,,,,,,,,fixed_pol_anchor,True,fixed_anchor_then_adaptive_jones_score_selection,fixed_pol_anchor,0.05912305910252812,0.23093072993775354,0.1286022039644766,0.0,True,3,4,3095619.276285209,nan,"[0.23093072993775354,0.05912305910252812,0.09575282285314818]","[4.3303028586507955,16.91387447097068,10.443556338109838]",,direct_vp,[],3095469.8182097804,3096560,True,260051508.8048783,69.83027025198211,103.43442088465424,0.004366287092764125,"[5.000394705167583,4.989707376686288,4.995405781456976]",27.47134099411778,53.284212780185044,81.35704537830316,nan,nan,nan,nan,nan,nan,nan,,,nan,nan,nan,nan,nan,nan,nan,nan,nan,,,,nan,nan,nan,nan,nan,,False,,nan,,,nan,nan,nan,,,,,,,,6.618076548577272e-05,8.201218456013127e-08,0.012532463392280209,nan,nan,nan,False,not_run,not_requested,"[0.23093072993775354,0.05912305910252812,0.09575282285314818]","[4.3303028586507955,16.91387447097068,10.443556338109838]",,,,,260051508.8048783,69.83027025198211,nan,nan,direct_vp,direct_vp,False,[],True,1.0,7.382296372439496e-05,7.382296372439496e-05,2,data_only_efim_tau_crb,0.0024803051513270663,7.800873546939277e-07,7.800873546939277e-07,True,7.460305107908889e-05,green,clock_green,False,ngc_green_skip_rescue,nan,nan,2,,nan,nan,nan,False,nan,,candidate_unavailable,ngc_green_skip_rescue,False,9.21034037197618,13.815510557964274,ngc_certified_ris_only,nan,nan,,decoupled_robust,legacy_multistart,0.0
fig5,force_rescue,0,3147786918,15.0,snr_db,15.0,3,3,3,3,full_6d,3147786918,,,nan,,False,,125.83341928897426,6.618076548577272e-05,6.618076548577272e-05,8.201218456013127e-08,1.0205007070742762e-05,5.582062160947078e-14,0.012532463392280209,False,direct_vp_rollback,global_exact_spherical_vp,main_single_proposed,True,bc8e47a76d3a822f,adaptive_jones,cpu,False,,legacy_least_squares,cpu,explicit,,legacy_least_squares_numerical,False,,,0,0,,,,,,,,fixed_pol_anchor,True,fixed_anchor_then_adaptive_jones_score_selection,fixed_pol_anchor,0.05912305910252812,0.23093072993775354,0.1286022039644766,0.0,True,3,4,3095619.276285209,nan,"[0.23093072993775354,0.05912305910252812,0.09575282285314818]","[4.3303028586507955,16.91387447097068,10.443556338109838]",,jnpp_then_vp,[],3095469.8182097804,3096560,True,260051508.8048783,69.83027025198211,103.43442088465424,0.004366287092764125,"[5.000394705167583,4.989707376686288,4.995405781456976]",27.47134099411778,51.98614496411756,80.05897756223567,nan,nan,nan,nan,nan,nan,nan,,,nan,nan,nan,nan,nan,nan,nan,nan,nan,,,,nan,nan,nan,nan,nan,,False,,nan,,,nan,nan,nan,,,,,,,,6.618076548577272e-05,8.201218456013127e-08,0.012532463392280209,6.618163217821935e-05,8.201254682793293e-08,0.012532463392280209,True,rollback,existing_selector_rollback,"[0.23093072993775354,0.05912305910252812,0.09575282285314818]","[4.3303028586507955,16.91387447097068,10.443556338109838]",,"[0.23093072993529679,0.059123059101928735,0.09575282285332508]","[4.3303028586968635,16.91387447114215,10.443556338090545]",,260051508.8048783,69.83027025198211,260051509.5851012,69.83027006629463,direct_vp,direct_vp,False,[],False,1.0,nan,nan,,,nan,nan,nan,False,nan,,,False,,nan,nan,,,nan,nan,nan,False,nan,,,,False,nan,nan,force_ris_only,7.298654271599276e-05,0.002696117269761849,3,decoupled_robust,legacy_multistart,0.0
fig5,oracle_init_vp,0,3147786918,15.0,snr_db,15.0,3,3,3,3,full_6d,3147786918,,,nan,,False,,33.205347357084975,6.617931961241991e-05,6.617931961241991e-05,8.201165516771244e-08,1.020485148226618e-05,5.5820629728539195e-14,0.012532463392280176,False,oracle_init_vp,global_exact_spherical_vp,,False,,adaptive_jones,cupy,True,0,cupy,cupy.linalg.solve,explicit,matrix_free,analytic_reduced_vp_explicit_gradient,False,matrix_free_cpu_only_gpu_backend,,0,0,0,0,,,,,,fixed_pol_anchor,False,,fixed_pol_anchor,nan,nan,nan,nan,False,3,4,3096725.458075429,3096806.575122405,"[0.23084823515673691,0.059101938727070674,0.09571861732086684]","[4.331850314215347,16.91991872919572,10.447288395816624]","[1.4604758537918553e-08,2.415042992308828e-08,3.190488110140037e-09]",oracle_init_vp,"[""oracle_truth_initialization""]",nan,,,nan,nan,nan,nan,,0.0,33.20357368607074,33.20357368607074,nan,nan,nan,nan,nan,nan,nan,,,nan,nan,nan,nan,nan,nan,nan,nan,nan,,,,nan,nan,nan,nan,nan,,False,,nan,,,nan,nan,nan,,,,,,,,nan,nan,nan,nan,nan,nan,False,,,,,,,,,nan,nan,nan,nan,,,,[],False,nan,nan,nan,,,nan,nan,nan,False,nan,,,False,,nan,nan,,,nan,nan,nan,False,nan,,,,False,nan,nan,,nan,nan,,,legacy_multistart,
fig5,direct_vp,2,3251202663,15.0,snr_db,15.0,3,3,3,3,full_6d,3251202663,,,nan,,False,,46.03258477291092,2.644511681261776e-05,2.644511681261776e-05,2.563471973899868e-07,2.0392330991995504e-05,3.5887280154936355e-14,0.00722598422794674,False,direct_vp,global_exact_spherical_vp,proposed_post_stage1,False,2aea0cf3389aa1d2,adaptive_jones,cpu,False,,legacy_least_squares,cpu,explicit,,legacy_least_squares_numerical,False,,,0,0,,,,,,,,fixed_pol_anchor,True,fixed_anchor_then_adaptive_jones_score_selection,fixed_pol_anchor,0.06867890496384373,0.19436510039536625,0.11574071184170505,0.0,True,3,4,3094017.0811760756,nan,"[0.19436510039536625,0.06867890496384373,0.08417813016590521]","[5.144956568672377,14.560511710639316,11.879570121467811]",,direct_vp,[],3093867.623100647,3096560,True,266544612.15768766,73.86200168040853,130.33358780349567,0.010587513397550371,"[4.9811926217273665,5.001956155165008,5.005031217163714]",23.774897201918066,41.64171937992796,66.08291332703084,nan,nan,nan,nan,nan,nan,nan,,,nan,nan,nan,nan,nan,nan,nan,nan,nan,,,,nan,nan,nan,nan,nan,,False,,nan,,,nan,nan,nan,,,,,,,,2.644511681261776e-05,2.563471973899868e-07,0.00722598422794674,nan,nan,nan,False,not_run,not_requested,"[0.19436510039536625,0.06867890496384373,0.08417813016590521]","[5.144956568672377,14.560511710639316,11.879570121467811]",,,,,266544612.15768766,73.86200168040853,nan,nan,direct_vp,direct_vp,False,[],False,1.0,nan,nan,,,nan,nan,nan,False,nan,,,False,,nan,nan,,,nan,nan,nan,False,nan,,,,False,nan,nan,reliability_gated,nan,nan,,decoupled_robust,legacy_multistart,0.0
fig5,old_gated,2,3251202663,15.0,snr_db,15.0,3,3,3,3,full_6d,3251202663,,,nan,,False,,46.08706008316949,2.644511681261776e-05,2.644511681261776e-05,2.563471973899868e-07,2.0392330991995504e-05,3.5887280154936355e-14,0.00722598422794674,False,direct_vp,global_exact_spherical_vp,main_single_proposed,True,94283ffff136a995,adaptive_jones,cpu,False,,legacy_least_squares,cpu,explicit,,legacy_least_squares_numerical,False,,,0,0,,,,,,,,fixed_pol_anchor,True,fixed_anchor_then_adaptive_jones_score_selection,fixed_pol_anchor,0.06867890496384373,0.19436510039536625,0.11574071184170505,0.0,True,3,4,3094017.0811760756,nan,"[0.19436510039536625,0.06867890496384373,0.08417813016590521]","[5.144956568672377,14.560511710639316,11.879570121467811]",,direct_vp,[],3093867.623100647,3096560,True,266544612.15768766,73.86200168040853,130.33358780349567,0.010587513397550371,"[4.9811926217273665,5.001956155165008,5.005031217163714]",23.774897201918066,42.13323687296361,66.57443082006648,nan,nan,nan,nan,nan,nan,nan,,,nan,nan,nan,nan,nan,nan,nan,nan,nan,,,,nan,nan,nan,nan,nan,,False,,nan,,,nan,nan,nan,,,,,,,,2.644511681261776e-05,2.563471973899868e-07,0.00722598422794674,nan,nan,nan,False,not_run,not_requested,"[0.19436510039536625,0.06867890496384373,0.08417813016590521]","[5.144956568672377,14.560511710639316,11.879570121467811]",,,,,266544612.15768766,73.86200168040853,nan,nan,direct_vp,direct_vp,False,[],False,1.0,nan,nan,,,nan,nan,nan,False,nan,,,False,,nan,nan,,,nan,nan,nan,False,nan,,,,False,nan,nan,reliability_gated_ris_only,nan,nan,,decoupled_robust,legacy_multistart,0.0
fig5,adaptive_jones_vp_proposed,2,3251202663,15.0,snr_db,15.0,3,3,3,3,full_6d,3251202663,,,nan,,False,,46.144249595934525,2.644511681261776e-05,2.644511681261776e-05,2.563471973899868e-07,2.0392330991995504e-05,3.5887280154936355e-14,0.00722598422794674,False,direct_vp,global_exact_spherical_vp,main_single_proposed,True,a76004afea79f92c,adaptive_jones,cpu,False,,legacy_least_squares,cpu,explicit,,legacy_least_squares_numerical,False,,,0,0,,,,,,,,fixed_pol_anchor,True,fixed_anchor_then_adaptive_jones_score_selection,fixed_pol_anchor,0.06867890496384373,0.19436510039536625,0.11574071184170505,0.0,True,3,4,3094017.0811760756,nan,"[0.19436510039536625,0.06867890496384373,0.08417813016590521]","[5.144956568672377,14.560511710639316,11.879570121467811]",,direct_vp,[],3093867.623100647,3096560,True,266544612.15768766,73.86200168040853,130.33358780349567,0.010587513397550371,"[4.9811926217273665,5.001956155165008,5.005031217163714]",23.774897201918066,41.29503064393066,65.73622459103353,nan,nan,nan,nan,nan,nan,nan,,,nan,nan,nan,nan,nan,nan,nan,nan,nan,,,,nan,nan,nan,nan,nan,,False,,nan,,,nan,nan,nan,,,,,,,,2.644511681261776e-05,2.563471973899868e-07,0.00722598422794674,nan,nan,nan,False,not_run,not_requested,"[0.19436510039536625,0.06867890496384373,0.08417813016590521]","[5.144956568672377,14.560511710639316,11.879570121467811]",,,,,266544612.15768766,73.86200168040853,nan,nan,direct_vp,direct_vp,False,[],True,1.0,1.275750297040942e-05,1.275750297040942e-05,2,data_only_efim_tau_crb,0.0010310796514014418,2.0808532560686797e-06,2.0808532560686797e-06,True,1.48383562264781e-05,green,clock_green,False,ngc_green_skip_rescue,nan,nan,2,,nan,nan,nan,False,nan,,candidate_unavailable,ngc_green_skip_rescue,False,9.21034037197618,13.815510557964274,ngc_certified_ris_only,nan,nan,,decoupled_robust,legacy_multistart,0.0
fig5,force_rescue,2,3251202663,15.0,snr_db,15.0,3,3,3,3,full_6d,3251202663,,,nan,,False,,122.73864179011434,2.644511681261776e-05,2.644511681261776e-05,2.563471973899868e-07,2.0392330991995504e-05,3.5887280154936355e-14,0.00722598422794674,False,direct_vp_rollback,global_exact_spherical_vp,main_single_proposed,True,f53b244375ea6137,adaptive_jones,cpu,False,,legacy_least_squares,cpu,explicit,,legacy_least_squares_numerical,False,,,0,0,,,,,,,,fixed_pol_anchor,True,fixed_anchor_then_adaptive_jones_score_selection,fixed_pol_anchor,0.06867890496384373,0.19436510039536625,0.11574071184170505,0.0,True,3,4,3094017.0811760756,nan,"[0.19436510039536625,0.06867890496384373,0.08417813016590521]","[5.144956568672377,14.560511710639316,11.879570121467811]",,jnpp_then_vp,[],3093867.623100647,3096560,True,266544612.15768766,73.86200168040853,130.33358780349567,0.010587513397550371,"[4.9811926217273665,5.001956155165008,5.005031217163714]",23.774897201918066,52.44267644081265,76.88387038791552,nan,nan,nan,nan,nan,nan,nan,,,nan,nan,nan,nan,nan,nan,nan,nan,nan,,,,nan,nan,nan,nan,nan,,False,,nan,,,nan,nan,nan,,,,,,,,2.644511681261776e-05,2.563471973899868e-07,0.00722598422794674,2.64455616494306e-05,2.5634720659241846e-07,0.00722598422794671,True,rollback,existing_selector_rollback,"[0.19436510039536625,0.06867890496384373,0.08417813016590521]","[5.144956568672377,14.560511710639316,11.879570121467811]",,"[0.19436510039634036,0.06867890496266128,0.08417813016481679]","[5.144956568646592,14.560511710890005,11.879570121621414]",,266544612.15768766,73.86200168040853,266544611.55092227,73.86200185791554,direct_vp,direct_vp,False,[],False,1.0,nan,nan,,,nan,nan,nan,False,nan,,,False,,nan,nan,,,nan,nan,nan,False,nan,,,,False,nan,nan,force_ris_only,2.0193166380381892e-05,0.0005896377888655146,3,decoupled_robust,legacy_multistart,0.0
fig5,oracle_init_vp,2,3251202663,15.0,snr_db,15.0,3,3,3,3,full_6d,3251202663,,,nan,,False,,32.84096073592082,2.6444462314420395e-05,2.6444462314420395e-05,2.563469481634088e-07,2.039210627541644e-05,3.58877194086177e-14,0.007225984227946732,False,oracle_init_vp,global_exact_spherical_vp,,False,,adaptive_jones,cupy,True,0,cupy,cupy.linalg.solve,explicit,matrix_free,analytic_reduced_vp_explicit_gradient,False,matrix_free_cpu_only_gpu_backend,,0,0,0,0,,,,,,fixed_pol_anchor,False,,fixed_pol_anchor,nan,nan,nan,nan,False,3,4,3096725.458075429,3096807.8498074687,"[0.1941951016797611,0.06861883592089904,0.08410450494406865]","[5.149460472225831,14.573258006776596,11.889969516673785]","[5.563004249880444e-07,2.9334580985266867e-08,5.9033411760031575e-09]",oracle_init_vp,"[""oracle_truth_initialization""]",nan,,,nan,nan,nan,nan,,0.0,32.839331226889044,32.839331226889044,nan,nan,nan,nan,nan,nan,nan,,,nan,nan,nan,nan,nan,nan,nan,nan,nan,,,,nan,nan,nan,nan,nan,,False,,nan,,,nan,nan,nan,,,,,,,,nan,nan,nan,nan,nan,nan,False,,,,,,,,,nan,nan,nan,nan,,,,[],False,nan,nan,nan,,,nan,nan,nan,False,nan,,,False,,nan,nan,,,nan,nan,nan,False,nan,,,,False,nan,nan,,nan,nan,,,legacy_multistart,
fig5,direct_vp,9,3933360494,10.0,snr_db,10.0,3,3,3,3,full_6d,3933360494,,,nan,,False,,122.35840466013178,3.1862570549945526e-05,3.1862570549945526e-05,5.09685282828722e-07,7.990142360338312e-06,1.1659938163755711e-13,0.011912266570513213,False,direct_vp,global_exact_spherical_vp,proposed_post_stage1,False,7d2e868fdd75e5ef,adaptive_jones,cpu,False,,legacy_least_squares,cpu,explicit,,legacy_least_squares_numerical,False,,,0,0,,,,,,,,fixed_pol_anchor,True,fixed_anchor_then_adaptive_jones_score_selection,fixed_pol_anchor,0.2252742946067095,0.4494205391397801,0.3530600600733733,0.0,True,3,10,5392275.083129671,5394188.223825679,"[0.2252742946067095,0.3844853464736303,0.4494205391397801]","[4.439032876545476,2.6008793551465033,2.225087446856824]","[7.586787312984607e-07,4.2873135882348595e-06,3.237678700140345e-07]",direct_vp,[],3096586.574615552,3096560,True,72237586.69958527,76.98748803693157,67.15945337919973,0.017052729798084584,"[5.025314359917082,4.989297369194925,4.988984771369755]",30.262099020183086,117.77033194899559,149.2965901081916,nan,nan,nan,nan,nan,nan,nan,,,nan,nan,nan,nan,nan,nan,nan,nan,nan,,,,nan,nan,nan,nan,nan,,False,,nan,,,nan,nan,nan,,,,,,,,3.1862570549945526e-05,5.09685282828722e-07,0.011912266570513213,nan,nan,nan,False,not_run,not_requested,"[0.2252742946067095,0.3844853464736303,0.4494205391397801]","[4.439032876545476,2.6008793551465033,2.225087446856824]","[7.586787312984607e-07,4.2873135882348595e-06,3.237678700140345e-07]",,,,72237586.69958527,76.98748803693157,nan,nan,direct_vp,direct_vp,False,[],False,1.0,nan,nan,,,nan,nan,nan,False,nan,,,False,,nan,nan,,,nan,nan,nan,False,nan,,,,False,nan,nan,reliability_gated,nan,nan,,decoupled_robust,legacy_multistart,0.0
fig5,old_gated,9,3933360494,10.0,snr_db,10.0,3,3,3,3,full_6d,3933360494,,,nan,,False,,107.86845470708795,3.1862570549945526e-05,3.1862570549945526e-05,5.09685282828722e-07,7.990142360338312e-06,1.1659938163755711e-13,0.011912266570513213,False,direct_vp,global_exact_spherical_vp,main_single_proposed,True,9b99f905cc71c1bb,adaptive_jones,cpu,False,,legacy_least_squares,cpu,explicit,,legacy_least_squares_numerical,False,,,0,0,,,,,,,,fixed_pol_anchor,True,fixed_anchor_then_adaptive_jones_score_selection,fixed_pol_anchor,0.2252742946067095,0.4494205391397801,0.3530600600733733,0.0,True,3,10,5392275.083129671,5394188.223825679,"[0.2252742946067095,0.3844853464736303,0.4494205391397801]","[4.439032876545476,2.6008793551465033,2.225087446856824]","[7.586787312984607e-07,4.2873135882348595e-06,3.237678700140345e-07]",direct_vp,[],3096586.574615552,3096560,True,72237586.69958527,76.98748803693157,67.15945337919973,0.017052729798084584,"[5.025314359917082,4.989297369194925,4.988984771369755]",30.262099020183086,103.76694062305614,135.29319878225215,nan,nan,nan,nan,nan,nan,nan,,,nan,nan,nan,nan,nan,nan,nan,nan,nan,,,,nan,nan,nan,nan,nan,,False,,nan,,,nan,nan,nan,,,,,,,,3.1862570549945526e-05,5.09685282828722e-07,0.011912266570513213,nan,nan,nan,False,not_run,not_requested,"[0.2252742946067095,0.3844853464736303,0.4494205391397801]","[4.439032876545476,2.6008793551465033,2.225087446856824]","[7.586787312984607e-07,4.2873135882348595e-06,3.237678700140345e-07]",,,,72237586.69958527,76.98748803693157,nan,nan,direct_vp,direct_vp,False,[],False,1.0,nan,nan,,,nan,nan,nan,False,nan,,,False,,nan,nan,,,nan,nan,nan,False,nan,,,,False,nan,nan,reliability_gated_ris_only,nan,nan,,decoupled_robust,legacy_multistart,0.0
fig5,adaptive_jones_vp_proposed,9,3933360494,10.0,snr_db,10.0,3,3,3,3,full_6d,3933360494,,,nan,,False,,109.90487575600855,3.1862570549945526e-05,3.1862570549945526e-05,5.09685282828722e-07,7.990142360338312e-06,1.1659938163755711e-13,0.011912266570513213,False,direct_vp,global_exact_spherical_vp,main_single_proposed,True,81038573f6d94e1d,adaptive_jones,cpu,False,,legacy_least_squares,cpu,explicit,,legacy_least_squares_numerical,False,,,0,0,,,,,,,,fixed_pol_anchor,True,fixed_anchor_then_adaptive_jones_score_selection,fixed_pol_anchor,0.2252742946067095,0.4494205391397801,0.3530600600733733,0.0,True,3,10,5392275.083129671,5394188.223825679,"[0.2252742946067095,0.3844853464736303,0.4494205391397801]","[4.439032876545476,2.6008793551465033,2.225087446856824]","[7.586787312984607e-07,4.2873135882348595e-06,3.237678700140345e-07]",direct_vp,[],3096586.574615552,3096560,True,72237586.69958527,76.98748803693157,67.15945337919973,0.017052729798084584,"[5.025314359917082,4.989297369194925,4.988984771369755]",30.262099020183086,105.76352510694414,137.28978326614015,nan,nan,nan,nan,nan,nan,nan,,,nan,nan,nan,nan,nan,nan,nan,nan,nan,,,,nan,nan,nan,nan,nan,,False,,nan,,,nan,nan,nan,,,,,,,,3.1862570549945526e-05,5.09685282828722e-07,0.011912266570513213,nan,nan,nan,False,not_run,not_requested,"[0.2252742946067095,0.3844853464736303,0.4494205391397801]","[4.439032876545476,2.6008793551465033,2.225087446856824]","[7.586787312984607e-07,4.2873135882348595e-06,3.237678700140345e-07]",,,,72237586.69958527,76.98748803693157,nan,nan,direct_vp,direct_vp,False,[],True,1.0,4.8605104174080684e-05,4.8605104174080684e-05,2,data_only_efim_tau_crb,0.0020125668554957514,2.470372577142642e-06,2.470372577142642e-06,True,5.1075476751223326e-05,green,clock_green,False,ngc_green_skip_rescue,nan,nan,2,,nan,nan,nan,False,nan,,candidate_unavailable,ngc_green_skip_rescue,False,9.21034037197618,13.815510557964274,ngc_certified_ris_only,nan,nan,,decoupled_robust,legacy_multistart,0.0
fig5,force_rescue,9,3933360494,10.0,snr_db,10.0,3,3,3,3,full_6d,3933360494,,,nan,,False,,197.2580614509061,3.1862570549945526e-05,3.1862570549945526e-05,5.09685282828722e-07,7.990142360338312e-06,1.1659938163755711e-13,0.011912266570513213,False,direct_vp_rollback,global_exact_spherical_vp,main_single_proposed,True,2b812187c9ac8c0e,adaptive_jones,cpu,False,,legacy_least_squares,cpu,explicit,,legacy_least_squares_numerical,False,,,0,0,,,,,,,,fixed_pol_anchor,True,fixed_anchor_then_adaptive_jones_score_selection,fixed_pol_anchor,0.2252742946067095,0.4494205391397801,0.3530600600733733,0.0,True,3,10,5392275.083129671,5394188.223825679,"[0.2252742946067095,0.3844853464736303,0.4494205391397801]","[4.439032876545476,2.6008793551465033,2.225087446856824]","[7.586787312984607e-07,4.2873135882348595e-06,3.237678700140345e-07]",jnpp_then_vp,[],3096586.574615552,3096560,True,72237586.69958527,76.98748803693157,67.15945337919973,0.017052729798084584,"[5.025314359917082,4.989297369194925,4.988984771369755]",30.262099020183086,104.97834863699973,136.50460679619573,nan,nan,nan,nan,nan,nan,nan,,,nan,nan,nan,nan,nan,nan,nan,nan,nan,,,,nan,nan,nan,nan,nan,,False,,nan,,,nan,nan,nan,,,,,,,,3.1862570549945526e-05,5.09685282828722e-07,0.011912266570513213,3.186245232496688e-05,5.096851192802295e-07,0.01191226657051317,True,rollback,existing_selector_rollback,"[0.2252742946067095,0.3844853464736303,0.4494205391397801]","[4.439032876545476,2.6008793551465033,2.225087446856824]","[7.586787312984607e-07,4.2873135882348595e-06,3.237678700140345e-07]","[0.22527429348041156,0.38448534541500706,0.44942054532776504]","[4.439032898739192,2.600879362307638,2.225087416220023]","[7.625825934782094e-07,4.369434510177065e-06,2.937010587849387e-07]",72237586.69958527,76.98748803693157,72237586.73428212,76.98748799976262,direct_vp,direct_vp,False,[],False,1.0,nan,nan,,,nan,nan,nan,False,nan,,,False,,nan,nan,,,nan,nan,nan,False,nan,,,,False,nan,nan,force_ris_only,0.7000006020407639,0.0031075536460008443,3,decoupled_robust,legacy_multistart,0.0
fig5,oracle_init_vp,9,3933360494,10.0,snr_db,10.0,3,3,3,3,full_6d,3933360494,,,nan,,False,,23.579290215857327,3.186091444477116e-05,3.186091444477116e-05,5.096843239753825e-07,7.990196930690184e-06,1.1659736417690058e-13,0.011912266570513282,False,oracle_init_vp,global_exact_spherical_vp,,False,,adaptive_jones,cupy,True,0,cupy,cupy.linalg.solve,explicit,matrix_free,analytic_reduced_vp_explicit_gradient,False,matrix_free_cpu_only_gpu_backend,,0,0,0,0,,,,,,fixed_pol_anchor,False,,fixed_pol_anchor,nan,nan,nan,nan,False,3,4,3096725.458075429,3096795.585756798,"[0.2225748843195617,0.37811346183035194,0.3489075069863105]","[4.492869907837527,2.644708800260308,2.866089092313185]","[5.268209359567792e-09,1.3262518109137872e-08,1.350175630189695e-07]",oracle_init_vp,"[""oracle_truth_initialization""]",nan,,,nan,nan,nan,nan,,0.0,23.577310886932537,23.577310886932537,nan,nan,nan,nan,nan,nan,nan,,,nan,nan,nan,nan,nan,nan,nan,nan,nan,,,,nan,nan,nan,nan,nan,,False,,nan,,,nan,nan,nan,,,,,,,,nan,nan,nan,nan,nan,nan,False,,,,,,,,,nan,nan,nan,nan,,,,[],False,nan,nan,nan,,,nan,nan,nan,False,nan,,,False,,nan,nan,,,nan,nan,nan,False,nan,,,,False,nan,nan,,nan,nan,,,legacy_multistart,
fig5,direct_vp,15,2734808712,10.0,snr_db,10.0,3,3,3,3,full_6d,2734808712,,,nan,,False,,77.03843770199455,0.0001290824837829259,0.0001290824837829259,4.732107851474375e-07,5.5029783846291176e-05,5.092574415189379e-13,0.011545139103209453,False,direct_vp,global_exact_spherical_vp,proposed_post_stage1,False,17cd1e3e35909864,adaptive_jones,cpu,False,,legacy_least_squares,cpu,explicit,,legacy_least_squares_numerical,False,,,0,0,,,,,,,,fixed_pol_anchor,True,fixed_anchor_then_adaptive_jones_score_selection,fixed_pol_anchor,0.20191756567348013,1.1069469830897414,0.5178585020035905,0.0,True,3,4,3099516.982478876,nan,"[1.1069469830897414,0.20191756567348013,0.24471095724755001]","[0.9033856320811907,4.9525161254018535,4.086453713587306]",,direct_vp,[],3099367.5244034473,3096560,True,86775060.50351697,70.02119496361247,43.768764217785794,0.03406968673725057,"[4.945046460506128,5.018631306339205,5.015931387620459]",47.462820114102215,70.02894967701286,118.36415902501903,nan,nan,nan,nan,nan,nan,nan,,,nan,nan,nan,nan,nan,nan,nan,nan,nan,,,,nan,nan,nan,nan,nan,,False,,nan,,,nan,nan,nan,,,,,,,,0.0001290824837829259,4.732107851474375e-07,0.011545139103209453,nan,nan,nan,False,not_run,not_requested,"[1.1069469830897414,0.20191756567348013,0.24471095724755001]","[0.9033856320811907,4.9525161254018535,4.086453713587306]",,,,,86775060.50351697,70.02119496361247,nan,nan,direct_vp,direct_vp,False,[],False,1.0,nan,nan,,,nan,nan,nan,False,nan,,,False,,nan,nan,,,nan,nan,nan,False,nan,,,,False,nan,nan,reliability_gated,nan,nan,,decoupled_robust,legacy_multistart,0.0
fig5,old_gated,15,2734808712,10.0,snr_db,10.0,3,3,3,3,full_6d,2734808712,,,nan,,False,,77.51158046303317,0.0001290824837829259,0.0001290824837829259,4.732107851474375e-07,5.5029783846291176e-05,5.092574415189379e-13,0.011545139103209453,False,direct_vp,global_exact_spherical_vp,main_single_proposed,True,2a5d27f2db32fbe6,adaptive_jones,cpu,False,,legacy_least_squares,cpu,explicit,,legacy_least_squares_numerical,False,,,0,0,,,,,,,,fixed_pol_anchor,True,fixed_anchor_then_adaptive_jones_score_selection,fixed_pol_anchor,0.20191756567348013,1.1069469830897414,0.5178585020035905,0.0,True,3,4,3099516.982478876,nan,"[1.1069469830897414,0.20191756567348013,0.24471095724755001]","[0.9033856320811907,4.9525161254018535,4.086453713587306]",,direct_vp,[],3099367.5244034473,3096560,True,86775060.50351697,70.02119496361247,43.768764217785794,0.03406968673725057,"[4.945046460506128,5.018631306339205,5.015931387620459]",47.462820114102215,70.55856861686334,118.89377796486951,nan,nan,nan,nan,nan,nan,nan,,,nan,nan,nan,nan,nan,nan,nan,nan,nan,,,,nan,nan,nan,nan,nan,,False,,nan,,,nan,nan,nan,,,,,,,,0.0001290824837829259,4.732107851474375e-07,0.011545139103209453,nan,nan,nan,False,not_run,not_requested,"[1.1069469830897414,0.20191756567348013,0.24471095724755001]","[0.9033856320811907,4.9525161254018535,4.086453713587306]",,,,,86775060.50351697,70.02119496361247,nan,nan,direct_vp,direct_vp,False,[],False,1.0,nan,nan,,,nan,nan,nan,False,nan,,,False,,nan,nan,,,nan,nan,nan,False,nan,,,,False,nan,nan,reliability_gated_ris_only,nan,nan,,decoupled_robust,legacy_multistart,0.0
fig5,adaptive_jones_vp_proposed,15,2734808712,10.0,snr_db,10.0,3,3,3,3,full_6d,2734808712,,,nan,,False,,78.38362319511361,0.0001290824837829259,0.0001290824837829259,4.732107851474375e-07,5.5029783846291176e-05,5.092574415189379e-13,0.011545139103209453,False,direct_vp,global_exact_spherical_vp,main_single_proposed,True,f0a0abf755c37346,adaptive_jones,cpu,False,,legacy_least_squares,cpu,explicit,,legacy_least_squares_numerical,False,,,0,0,,,,,,,,fixed_pol_anchor,True,fixed_anchor_then_adaptive_jones_score_selection,fixed_pol_anchor,0.20191756567348013,1.1069469830897414,0.5178585020035905,0.0,True,3,4,3099516.982478876,nan,"[1.1069469830897414,0.20191756567348013,0.24471095724755001]","[0.9033856320811907,4.9525161254018535,4.086453713587306]",,direct_vp,[],3099367.5244034473,3096560,True,86775060.50351697,70.02119496361247,43.768764217785794,0.03406968673725057,"[4.945046460506128,5.018631306339205,5.015931387620459]",47.462820114102215,71.55402121203952,119.88923056004569,nan,nan,nan,nan,nan,nan,nan,,,nan,nan,nan,nan,nan,nan,nan,nan,nan,,,,nan,nan,nan,nan,nan,,False,,nan,,,nan,nan,nan,,,,,,,,0.0001290824837829259,4.732107851474375e-07,0.011545139103209453,nan,nan,nan,False,not_run,not_requested,"[1.1069469830897414,0.20191756567348013,0.24471095724755001]","[0.9033856320811907,4.9525161254018535,4.086453713587306]",,,,,86775060.50351697,70.02119496361247,nan,nan,direct_vp,direct_vp,False,[],True,1.0,0.00011268356393794862,0.00011268356393794862,2,data_only_efim_tau_crb,0.003064359149125483,6.830723233590776e-06,6.830723233590776e-06,True,0.00011951428717153939,green,clock_green,False,ngc_green_skip_rescue,nan,nan,2,,nan,nan,nan,False,nan,,candidate_unavailable,ngc_green_skip_rescue,False,9.21034037197618,13.815510557964274,ngc_certified_ris_only,nan,nan,,decoupled_robust,legacy_multistart,0.0
fig5,force_rescue,15,2734808712,10.0,snr_db,10.0,3,3,3,3,full_6d,2734808712,,,nan,,False,,171.58814455592074,0.0001290824837829259,0.0001290824837829259,4.732107851474375e-07,5.5029783846291176e-05,5.092574415189379e-13,0.011545139103209453,False,direct_vp_rollback,global_exact_spherical_vp,main_single_proposed,True,b8d8bad2c7a9c560,adaptive_jones,cpu,False,,legacy_least_squares,cpu,explicit,,legacy_least_squares_numerical,False,,,0,0,,,,,,,,fixed_pol_anchor,True,fixed_anchor_then_adaptive_jones_score_selection,fixed_pol_anchor,0.20191756567348013,1.1069469830897414,0.5178585020035905,0.0,True,3,4,3099516.982478876,nan,"[1.1069469830897414,0.20191756567348013,0.24471095724755001]","[0.9033856320811907,4.9525161254018535,4.086453713587306]",,jnpp_then_vp,[],3099367.5244034473,3096560,True,86775060.50351697,70.02119496361247,43.768764217785794,0.03406968673725057,"[4.945046460506128,5.018631306339205,5.015931387620459]",47.462820114102215,69.61964804399759,117.95485739200376,nan,nan,nan,nan,nan,nan,nan,,,nan,nan,nan,nan,nan,nan,nan,nan,nan,,,,nan,nan,nan,nan,nan,,False,,nan,,,nan,nan,nan,,,,,,,,0.0001290824837829259,4.732107851474375e-07,0.011545139103209453,0.00012908387499337875,4.732118022264002e-07,0.011545139103209465,True,rollback,existing_selector_rollback,"[1.1069469830897414,0.20191756567348013,0.24471095724755001]","[0.9033856320811907,4.9525161254018535,4.086453713587306]",,"[1.1069469830755934,0.20191756567629077,0.24471095723750114]","[0.9033856320927369,4.952516125332916,4.086453713755113]",,86775060.50351697,70.02119496361247,86775060.14987873,70.02119524941479,direct_vp,direct_vp,False,[],False,1.0,nan,nan,,,nan,nan,nan,False,nan,,,False,,nan,nan,,,nan,nan,nan,False,nan,,,,False,nan,nan,force_ris_only,0.00023191656913194067,0.0011644139459133492,3,decoupled_robust,legacy_multistart,0.0
fig5,oracle_init_vp,15,2734808712,10.0,snr_db,10.0,3,3,3,3,full_6d,2734808712,,,nan,,False,,43.75876349909231,0.00012908435595798698,0.00012908435595798698,4.732116122263181e-07,5.502936086094347e-05,5.092568851549727e-13,0.011545139103209503,False,oracle_init_vp,global_exact_spherical_vp,,False,,adaptive_jones,cupy,True,0,cupy,cupy.linalg.solve,explicit,matrix_free,analytic_reduced_vp_explicit_gradient,False,matrix_free_cpu_only_gpu_backend,,0,0,0,0,,,,,,fixed_pol_anchor,False,,fixed_pol_anchor,nan,nan,nan,nan,False,3,4,3096725.458075429,3096794.012518537,"[1.1079448819042703,0.20209959182711137,0.24493156109109115]","[0.9025719747720221,4.948055515397876,4.082773145057653]","[1.0270475164448652e-08,8.650013077863248e-09,2.3496002124345787e-07]",oracle_init_vp,"[""oracle_truth_initialization""]",nan,,,nan,nan,nan,nan,,0.0,43.75706749595702,43.75706749595702,nan,nan,nan,nan,nan,nan,nan,,,nan,nan,nan,nan,nan,nan,nan,nan,nan,,,,nan,nan,nan,nan,nan,,False,,nan,,,nan,nan,nan,,,,,,,,nan,nan,nan,nan,nan,nan,False,,,,,,,,,nan,nan,nan,nan,,,,[],False,nan,nan,nan,,,nan,nan,nan,False,nan,,,False,,nan,nan,,,nan,nan,nan,False,nan,,,,False,nan,nan,,nan,nan,,,legacy_multistart,
fig5,direct_vp,21,4000820147,10.0,snr_db,10.0,3,3,3,3,full_6d,4000820147,,,nan,,False,,58.54935944080353,7.026372733853482e-05,7.026372733853482e-05,3.0676814638268894e-07,3.951412552475101e-05,3.919822969281001e-13,0.034784413322373746,False,direct_vp,global_exact_spherical_vp,proposed_post_stage1,False,532283838859abc3,adaptive_jones,cpu,False,,legacy_least_squares,cpu,explicit,,legacy_least_squares_numerical,False,,,0,0,,,,,,,,fixed_pol_anchor,True,fixed_anchor_then_adaptive_jones_score_selection,fixed_pol_anchor,0.11495288527094608,4.469035041222693,1.8389396774617717,0.0,True,3,4,3096158.070040165,nan,"[0.11495288527094608,4.469035041222693,0.932831105891676]","[8.699216184464326,0.22376195101883534,1.0720054184333676]",,direct_vp,[],3096008.611964736,3096560,True,51193311.35684535,135.4914207014893,35.775784573613855,0.025537573537789574,"[4.996687212095353,5.0587875906219795,5.03424982947945]",28.6706693849992,53.24086247803643,82.6587094522547,nan,nan,nan,nan,nan,nan,nan,,,nan,nan,nan,nan,nan,nan,nan,nan,nan,,,,nan,nan,nan,nan,nan,,False,,nan,,,nan,nan,nan,,,,,,,,7.026372733853482e-05,3.0676814638268894e-07,0.034784413322373746,nan,nan,nan,False,not_run,not_requested,"[0.11495288527094608,4.469035041222693,0.932831105891676]","[8.699216184464326,0.22376195101883534,1.0720054184333676]",,,,,51193311.35684535,135.4914207014893,nan,nan,direct_vp,direct_vp,False,[],False,1.0,nan,nan,,,nan,nan,nan,False,nan,,,False,,nan,nan,,,nan,nan,nan,False,nan,,,,False,nan,nan,reliability_gated,nan,nan,,decoupled_robust,legacy_multistart,0.0
fig5,old_gated,21,4000820147,10.0,snr_db,10.0,3,3,3,3,full_6d,4000820147,,,nan,,False,,57.24342344608158,7.026372733853482e-05,7.026372733853482e-05,3.0676814638268894e-07,3.951412552475101e-05,3.919822969281001e-13,0.034784413322373746,False,direct_vp,global_exact_spherical_vp,main_single_proposed,True,e3ae0adf962c169b,adaptive_jones,cpu,False,,legacy_least_squares,cpu,explicit,,legacy_least_squares_numerical,False,,,0,0,,,,,,,,fixed_pol_anchor,True,fixed_anchor_then_adaptive_jones_score_selection,fixed_pol_anchor,0.11495288527094608,4.469035041222693,1.8389396774617717,0.0,True,3,4,3096158.070040165,nan,"[0.11495288527094608,4.469035041222693,0.932831105891676]","[8.699216184464326,0.22376195101883534,1.0720054184333676]",,direct_vp,[],3096008.611964736,3096560,True,51193311.35684535,135.4914207014893,35.775784573613855,0.025537573537789574,"[4.996687212095353,5.0587875906219795,5.03424982947945]",28.6706693849992,52.325114264152944,81.74296123837121,nan,nan,nan,nan,nan,nan,nan,,,nan,nan,nan,nan,nan,nan,nan,nan,nan,,,,nan,nan,nan,nan,nan,,False,,nan,,,nan,nan,nan,,,,,,,,7.026372733853482e-05,3.0676814638268894e-07,0.034784413322373746,nan,nan,nan,False,not_run,not_requested,"[0.11495288527094608,4.469035041222693,0.932831105891676]","[8.699216184464326,0.22376195101883534,1.0720054184333676]",,,,,51193311.35684535,135.4914207014893,nan,nan,direct_vp,direct_vp,False,[],False,1.0,nan,nan,,,nan,nan,nan,False,nan,,,False,,nan,nan,,,nan,nan,nan,False,nan,,,,False,nan,nan,reliability_gated_ris_only,nan,nan,,decoupled_robust,legacy_multistart,0.0
fig5,adaptive_jones_vp_proposed,21,4000820147,10.0,snr_db,10.0,3,3,3,3,full_6d,4000820147,,,nan,,False,,73.06466038199142,7.026372733853482e-05,7.026372733853482e-05,3.0676814638268894e-07,3.951412552475101e-05,3.919822969281001e-13,0.034784413322373746,False,direct_vp,global_exact_spherical_vp,main_single_proposed,True,1cc23da8f4d4c828,adaptive_jones,cpu,False,,legacy_least_squares,cpu,explicit,,legacy_least_squares_numerical,False,,,0,0,,,,,,,,fixed_pol_anchor,True,fixed_anchor_then_adaptive_jones_score_selection,fixed_pol_anchor,0.11495288527094608,4.469035041222693,1.8389396774617717,0.0,True,3,4,3096158.070040165,nan,"[0.11495288527094608,4.469035041222693,0.932831105891676]","[8.699216184464326,0.22376195101883534,1.0720054184333676]",,direct_vp,[],3096008.611964736,3096560,True,51193311.35684535,135.4914207014893,35.775784573613855,0.025537573537789574,"[4.996687212095353,5.0587875906219795,5.03424982947945]",28.6706693849992,66.24209440895356,95.65994138317183,nan,nan,nan,nan,nan,nan,nan,,,nan,nan,nan,nan,nan,nan,nan,nan,nan,,,,nan,nan,nan,nan,nan,,False,,nan,,,nan,nan,nan,,,,,,,,7.026372733853482e-05,3.0676814638268894e-07,0.034784413322373746,nan,nan,nan,False,not_run,not_requested,"[0.11495288527094608,4.469035041222693,0.932831105891676]","[8.699216184464326,0.22376195101883534,1.0720054184333676]",,,,,51193311.35684535,135.4914207014893,nan,nan,direct_vp,direct_vp,False,[],True,1.0,0.00018545389208475386,0.00018545389208475386,2,data_only_efim_tau_crb,0.003931220040529762,1.1457940324252242e-05,1.1457940324252242e-05,True,0.00019691183240900612,green,clock_green,False,ngc_green_skip_rescue,nan,nan,2,,nan,nan,nan,False,nan,,candidate_unavailable,ngc_green_skip_rescue,False,9.21034037197618,13.815510557964274,ngc_certified_ris_only,nan,nan,,decoupled_robust,legacy_multistart,0.0
fig5,force_rescue,21,4000820147,10.0,snr_db,10.0,3,3,3,3,full_6d,4000820147,,,nan,,False,,179.46414812398143,7.026372733853482e-05,7.026372733853482e-05,3.0676814638268894e-07,3.951412552475101e-05,3.919822969281001e-13,0.034784413322373746,False,direct_vp_rollback,global_exact_spherical_vp,main_single_proposed,True,ea7fc136b09db6d6,adaptive_jones,cpu,False,,legacy_least_squares,cpu,explicit,,legacy_least_squares_numerical,False,,,0,0,,,,,,,,fixed_pol_anchor,True,fixed_anchor_then_adaptive_jones_score_selection,fixed_pol_anchor,0.11495288527094608,4.469035041222693,1.8389396774617717,0.0,True,3,4,3096158.070040165,nan,"[0.11495288527094608,4.469035041222693,0.932831105891676]","[8.699216184464326,0.22376195101883534,1.0720054184333676]",,jnpp_then_vp,[],3096008.611964736,3096560,True,51193311.35684535,135.4914207014893,35.775784573613855,0.025537573537789574,"[4.996687212095353,5.0587875906219795,5.03424982947945]",28.6706693849992,69.37748383288272,98.79533080710098,nan,nan,nan,nan,nan,nan,nan,,,nan,nan,nan,nan,nan,nan,nan,nan,nan,,,,nan,nan,nan,nan,nan,,False,,nan,,,nan,nan,nan,,,,,,,,7.026372733853482e-05,3.0676814638268894e-07,0.034784413322373746,7.026375250437057e-05,3.067683056486203e-07,0.0347844133223738,True,rollback,existing_selector_rollback,"[0.11495288527094608,4.469035041222693,0.932831105891676]","[8.699216184464326,0.22376195101883534,1.0720054184333676]",,"[0.11495288527086592,4.469035041203445,0.9328311058887055]","[8.699216184470393,0.22376195101979907,1.072005418436781]",,51193311.35684535,135.4914207014893,51193311.31704833,135.49142079599093,direct_vp,direct_vp,False,[],False,1.0,nan,nan,,,nan,nan,nan,False,nan,,,False,,nan,nan,,,nan,nan,nan,False,nan,,,,False,nan,nan,force_ris_only,0.0003677170733373241,0.04634053463386222,3,decoupled_robust,legacy_multistart,0.0
fig5,oracle_init_vp,21,4000820147,10.0,snr_db,10.0,3,3,3,3,full_6d,4000820147,,,nan,,False,,44.624055047053844,7.026261617144876e-05,7.026261617144876e-05,3.0676705658241853e-07,3.9513576551749e-05,3.919817420605117e-13,0.03478441332237373,False,oracle_init_vp,global_exact_spherical_vp,,False,,adaptive_jones,cupy,True,0,cupy,cupy.linalg.solve,explicit,matrix_free,analytic_reduced_vp_explicit_gradient,False,matrix_free_cpu_only_gpu_backend,,0,0,0,0,,,,,,fixed_pol_anchor,False,,fixed_pol_anchor,nan,nan,nan,nan,False,3,4,3096725.458075429,3096775.0163729847,"[0.11493182236437514,4.468216176579368,0.9326601824835115]","[8.700810440728295,0.22380295860283989,1.0722018788625045]","[1.1312824628650782e-08,5.5313000938222893e-08,1.719567350733315e-08]",oracle_init_vp,"[""oracle_truth_initialization""]",nan,,,nan,nan,nan,nan,,0.0,44.62253233511001,44.62253233511001,nan,nan,nan,nan,nan,nan,nan,,,nan,nan,nan,nan,nan,nan,nan,nan,nan,,,,nan,nan,nan,nan,nan,,False,,nan,,,nan,nan,nan,,,,,,,,nan,nan,nan,nan,nan,nan,False,,,,,,,,,nan,nan,nan,nan,,,,[],False,nan,nan,nan,,,nan,nan,nan,False,nan,,,False,,nan,nan,,,nan,nan,nan,False,nan,,,,False,nan,nan,,nan,nan,,,legacy_multistart,
fig5,direct_vp,23,2043173887,10.0,snr_db,10.0,3,3,3,3,full_6d,2043173887,,,nan,,False,,56.567465326050296,0.00016674359033739457,0.00016674359033739457,5.14713972660672e-07,1.2508701250452237e-05,4.666282055508148e-14,0.03275309047563435,False,direct_vp,global_exact_spherical_vp,proposed_post_stage1,False,0b961c9299ff4c4b,adaptive_jones,cpu,False,,legacy_least_squares,cpu,explicit,,legacy_least_squares_numerical,False,,,0,0,,,,,,,,fixed_pol_anchor,True,fixed_anchor_then_adaptive_jones_score_selection,fixed_pol_anchor,0.20836973800530847,1.2388733019667297,0.5584973107346125,0.0,True,3,4,3096396.000225237,nan,"[1.2388733019667297,0.20836973800530847,0.22824889223179937]","[0.8071850433867985,4.799161382898679,4.381182270905466]",,direct_vp,[],3096246.5421498083,3096560,True,83952478.05185048,63.97621562072675,47.06459006129574,0.01948750074373253,"[5.025535246872907,4.978761372870151,4.993896908981547]",28.309886906994507,51.140972452936694,80.27626861422323,nan,nan,nan,nan,nan,nan,nan,,,nan,nan,nan,nan,nan,nan,nan,nan,nan,,,,nan,nan,nan,nan,nan,,False,,nan,,,nan,nan,nan,,,,,,,,0.00016674359033739457,5.14713972660672e-07,0.03275309047563435,nan,nan,nan,False,not_run,not_requested,"[1.2388733019667297,0.20836973800530847,0.22824889223179937]","[0.8071850433867985,4.799161382898679,4.381182270905466]",,,,,83952478.05185048,63.97621562072675,nan,nan,direct_vp,direct_vp,False,[],False,1.0,nan,nan,,,nan,nan,nan,False,nan,,,False,,nan,nan,,,nan,nan,nan,False,nan,,,,False,nan,nan,reliability_gated,nan,nan,,decoupled_robust,legacy_multistart,0.0
fig5,old_gated,23,2043173887,10.0,snr_db,10.0,3,3,3,3,full_6d,2043173887,,,nan,,False,,70.52554826601408,0.00016674359033739457,0.00016674359033739457,5.14713972660672e-07,1.2508701250452237e-05,4.666282055508148e-14,0.03275309047563435,False,direct_vp,global_exact_spherical_vp,main_single_proposed,True,70d2775fc9046673,adaptive_jones,cpu,False,,legacy_least_squares,cpu,explicit,,legacy_least_squares_numerical,False,,,0,0,,,,,,,,fixed_pol_anchor,True,fixed_anchor_then_adaptive_jones_score_selection,fixed_pol_anchor,0.20836973800530847,1.2388733019667297,0.5584973107346125,0.0,True,3,4,3096396.000225237,nan,"[1.2388733019667297,0.20836973800530847,0.22824889223179937]","[0.8071850433867985,4.799161382898679,4.381182270905466]",,direct_vp,[],3096246.5421498083,3096560,True,83952478.05185048,63.97621562072675,47.06459006129574,0.01948750074373253,"[5.025535246872907,4.978761372870151,4.993896908981547]",28.309886906994507,63.88425040105358,93.01954656234011,nan,nan,nan,nan,nan,nan,nan,,,nan,nan,nan,nan,nan,nan,nan,nan,nan,,,,nan,nan,nan,nan,nan,,False,,nan,,,nan,nan,nan,,,,,,,,0.00016674359033739457,5.14713972660672e-07,0.03275309047563435,nan,nan,nan,False,not_run,not_requested,"[1.2388733019667297,0.20836973800530847,0.22824889223179937]","[0.8071850433867985,4.799161382898679,4.381182270905466]",,,,,83952478.05185048,63.97621562072675,nan,nan,direct_vp,direct_vp,False,[],False,1.0,nan,nan,,,nan,nan,nan,False,nan,,,False,,nan,nan,,,nan,nan,nan,False,nan,,,,False,nan,nan,reliability_gated_ris_only,nan,nan,,decoupled_robust,legacy_multistart,0.0
fig5,adaptive_jones_vp_proposed,23,2043173887,10.0,snr_db,10.0,3,3,3,3,full_6d,2043173887,,,nan,,False,,77.9051833129488,0.00016674359033739457,0.00016674359033739457,5.14713972660672e-07,1.2508701250452237e-05,4.666282055508148e-14,0.03275309047563435,False,direct_vp,global_exact_spherical_vp,main_single_proposed,True,d3854b6ddf7d6fff,adaptive_jones,cpu,False,,legacy_least_squares,cpu,explicit,,legacy_least_squares_numerical,False,,,0,0,,,,,,,,fixed_pol_anchor,True,fixed_anchor_then_adaptive_jones_score_selection,fixed_pol_anchor,0.20836973800530847,1.2388733019667297,0.5584973107346125,0.0,True,3,4,3096396.000225237,nan,"[1.2388733019667297,0.20836973800530847,0.22824889223179937]","[0.8071850433867985,4.799161382898679,4.381182270905466]",,direct_vp,[],3096246.5421498083,3096560,True,83952478.05185048,63.97621562072675,47.06459006129574,0.01948750074373253,"[5.025535246872907,4.978761372870151,4.993896908981547]",28.309886906994507,71.32360777910799,100.45890394039452,nan,nan,nan,nan,nan,nan,nan,,,nan,nan,nan,nan,nan,nan,nan,nan,nan,,,,nan,nan,nan,nan,nan,,False,,nan,,,nan,nan,nan,,,,,,,,0.00016674359033739457,5.14713972660672e-07,0.03275309047563435,nan,nan,nan,False,not_run,not_requested,"[1.2388733019667297,0.20836973800530847,0.22824889223179937]","[0.8071850433867985,4.799161382898679,4.381182270905466]",,,,,83952478.05185048,63.97621562072675,nan,nan,direct_vp,direct_vp,False,[],True,1.0,0.0005028578931574808,0.0005028578931574808,2,data_only_efim_tau_crb,0.006473393579088952,2.924194976673742e-06,2.924194976673742e-06,True,0.0005057820881341546,green,clock_green,False,ngc_green_skip_rescue,nan,nan,2,,nan,nan,nan,False,nan,,candidate_unavailable,ngc_green_skip_rescue,False,9.21034037197618,13.815510557964274,ngc_certified_ris_only,nan,nan,,decoupled_robust,legacy_multistart,0.0
fig5,force_rescue,23,2043173887,10.0,snr_db,10.0,3,3,3,3,full_6d,2043173887,,,nan,,False,,167.05364870792255,0.00016674359033739457,0.00016674359033739457,5.14713972660672e-07,1.2508701250452237e-05,4.666282055508148e-14,0.03275309047563435,False,direct_vp_rollback,global_exact_spherical_vp,main_single_proposed,True,11b2ff1e4ca3ee76,adaptive_jones,cpu,False,,legacy_least_squares,cpu,explicit,,legacy_least_squares_numerical,False,,,0,0,,,,,,,,fixed_pol_anchor,True,fixed_anchor_then_adaptive_jones_score_selection,fixed_pol_anchor,0.20836973800530847,1.2388733019667297,0.5584973107346125,0.0,True,3,4,3096396.000225237,nan,"[1.2388733019667297,0.20836973800530847,0.22824889223179937]","[0.8071850433867985,4.799161382898679,4.381182270905466]",,jnpp_then_vp,[],3096246.5421498083,3096560,True,83952478.05185048,63.97621562072675,47.06459006129574,0.01948750074373253,"[5.025535246872907,4.978761372870151,4.993896908981547]",28.309886906994507,69.51194479409605,98.64724095538259,nan,nan,nan,nan,nan,nan,nan,,,nan,nan,nan,nan,nan,nan,nan,nan,nan,,,,nan,nan,nan,nan,nan,,False,,nan,,,nan,nan,nan,,,,,,,,0.00016674359033739457,5.14713972660672e-07,0.03275309047563435,0.00016674789487682913,5.147180428821275e-07,0.03275309047563442,True,rollback,existing_selector_rollback,"[1.2388733019667297,0.20836973800530847,0.22824889223179937]","[0.8071850433867985,4.799161382898679,4.381182270905466]",,"[1.2388733019587475,0.20836973800107245,0.22824889222303682]","[0.8071850433919994,4.7991613829962425,4.381182271073661]",,83952478.05185048,63.97621562072675,83952477.30133013,63.97621621937703,direct_vp,direct_vp,False,[],False,1.0,nan,nan,,,nan,nan,nan,False,nan,,,False,,nan,nan,,,nan,nan,nan,False,nan,,,,False,nan,nan,force_ris_only,3.535082023761354e-05,0.0052264847561251816,3,decoupled_robust,legacy_multistart,0.0
fig5,oracle_init_vp,23,2043173887,10.0,snr_db,10.0,3,3,3,3,full_6d,2043173887,,,nan,,False,,43.27972570993006,0.00016674410449752205,0.00016674410449752205,5.147143192874642e-07,1.2508788602245404e-05,4.666253528216873e-14,0.03275309047563433,False,oracle_init_vp,global_exact_spherical_vp,,False,,adaptive_jones,cupy,True,0,cupy,cupy.linalg.solve,explicit,matrix_free,analytic_reduced_vp_explicit_gradient,False,matrix_free_cpu_only_gpu_backend,,0,0,0,0,,,,,,fixed_pol_anchor,False,,fixed_pol_anchor,nan,nan,nan,nan,False,3,4,3096725.458075429,3096792.550807903,"[1.2387414929361888,0.20834756866440646,0.22822460786400614]","[0.8072709323948303,4.799672040380421,4.3816484530697455]","[4.0739568501418677e-07,1.2271441039674473e-07,9.453850871274458e-09]",oracle_init_vp,"[""oracle_truth_initialization""]",nan,,,nan,nan,nan,nan,,0.0,43.278078672941774,43.278078672941774,nan,nan,nan,nan,nan,nan,nan,,,nan,nan,nan,nan,nan,nan,nan,nan,nan,,,,nan,nan,nan,nan,nan,,False,,nan,,,nan,nan,nan,,,,,,,,nan,nan,nan,nan,nan,nan,False,,,,,,,,,nan,nan,nan,nan,,,,[],False,nan,nan,nan,,,nan,nan,nan,False,nan,,,False,,nan,nan,,,nan,nan,nan,False,nan,,,,False,nan,nan,,nan,nan,,,legacy_multistart,
fig5,direct_vp,4,287230138,15.0,snr_db,15.0,3,3,3,3,full_6d,287230138,,,nan,,False,,58.746337701100856,6.002624957264474e-05,6.002624957264474e-05,1.4461532901361132e-07,4.6529567626502375e-05,5.0390244592308865e-14,0.01563142942794012,False,direct_vp,global_exact_spherical_vp,proposed_post_stage1,False,b0da85232b78cddd,adaptive_jones,cpu,False,,legacy_least_squares,cpu,explicit,,legacy_least_squares_numerical,False,,,0,0,,,,,,,,fixed_pol_anchor,True,fixed_anchor_then_adaptive_jones_score_selection,fixed_pol_anchor,0.06335033279756579,0.44946763579626636,0.19525710601195712,0.0,True,3,4,3096418.3052452737,nan,"[0.44946763579626636,0.0729533494420392,0.06335033279756579]","[2.2248542950772725,13.70738982717193,15.785236727886003]",,direct_vp,[],3096268.847169845,3096560,True,291734341.7889225,76.14292055086938,88.86795738187202,0.00904907479248637,"[4.984562510800288,4.997309080738947,5.006640241375853]",25.962821481050923,53.52195084979758,80.18563029705547,nan,nan,nan,nan,nan,nan,nan,,,nan,nan,nan,nan,nan,nan,nan,nan,nan,,,,nan,nan,nan,nan,nan,,False,,nan,,,nan,nan,nan,,,,,,,,6.002624957264474e-05,1.4461532901361132e-07,0.01563142942794012,nan,nan,nan,False,not_run,not_requested,"[0.44946763579626636,0.0729533494420392,0.06335033279756579]","[2.2248542950772725,13.70738982717193,15.785236727886003]",,,,,291734341.7889225,76.14292055086938,nan,nan,direct_vp,direct_vp,False,[],False,1.0,nan,nan,,,nan,nan,nan,False,nan,,,False,,nan,nan,,,nan,nan,nan,False,nan,,,,False,nan,nan,reliability_gated,nan,nan,,decoupled_robust,legacy_multistart,0.0
fig5,old_gated,4,287230138,15.0,snr_db,15.0,3,3,3,3,full_6d,287230138,,,nan,,False,,58.28037662408315,6.002624957264474e-05,6.002624957264474e-05,1.4461532901361132e-07,4.6529567626502375e-05,5.0390244592308865e-14,0.01563142942794012,False,direct_vp,global_exact_spherical_vp,main_single_proposed,True,97cec4e961022e85,adaptive_jones,cpu,False,,legacy_least_squares,cpu,explicit,,legacy_least_squares_numerical,False,,,0,0,,,,,,,,fixed_pol_anchor,True,fixed_anchor_then_adaptive_jones_score_selection,fixed_pol_anchor,0.06335033279756579,0.44946763579626636,0.19525710601195712,0.0,True,3,4,3096418.3052452737,nan,"[0.44946763579626636,0.0729533494420392,0.06335033279756579]","[2.2248542950772725,13.70738982717193,15.785236727886003]",,direct_vp,[],3096268.847169845,3096560,True,291734341.7889225,76.14292055086938,88.86795738187202,0.00904907479248637,"[4.984562510800288,4.997309080738947,5.006640241375853]",25.962821481050923,53.274086993187666,79.93776644044556,nan,nan,nan,nan,nan,nan,nan,,,nan,nan,nan,nan,nan,nan,nan,nan,nan,,,,nan,nan,nan,nan,nan,,False,,nan,,,nan,nan,nan,,,,,,,,6.002624957264474e-05,1.4461532901361132e-07,0.01563142942794012,nan,nan,nan,False,not_run,not_requested,"[0.44946763579626636,0.0729533494420392,0.06335033279756579]","[2.2248542950772725,13.70738982717193,15.785236727886003]",,,,,291734341.7889225,76.14292055086938,nan,nan,direct_vp,direct_vp,False,[],False,1.0,nan,nan,,,nan,nan,nan,False,nan,,,False,,nan,nan,,,nan,nan,nan,False,nan,,,,False,nan,nan,reliability_gated_ris_only,nan,nan,,decoupled_robust,legacy_multistart,0.0
fig5,adaptive_jones_vp_proposed,4,287230138,15.0,snr_db,15.0,3,3,3,3,full_6d,287230138,,,nan,,False,,56.23460224107839,6.002624957264474e-05,6.002624957264474e-05,1.4461532901361132e-07,4.6529567626502375e-05,5.0390244592308865e-14,0.01563142942794012,False,direct_vp,global_exact_spherical_vp,main_single_proposed,True,a78a90cf9a1c17d1,adaptive_jones,cpu,False,,legacy_least_squares,cpu,explicit,,legacy_least_squares_numerical,False,,,0,0,,,,,,,,fixed_pol_anchor,True,fixed_anchor_then_adaptive_jones_score_selection,fixed_pol_anchor,0.06335033279756579,0.44946763579626636,0.19525710601195712,0.0,True,3,4,3096418.3052452737,nan,"[0.44946763579626636,0.0729533494420392,0.06335033279756579]","[2.2248542950772725,13.70738982717193,15.785236727886003]",,direct_vp,[],3096268.847169845,3096560,True,291734341.7889225,76.14292055086938,88.86795738187202,0.00904907479248637,"[4.984562510800288,4.997309080738947,5.006640241375853]",25.962821481050923,51.360287985997275,78.02396743325517,nan,nan,nan,nan,nan,nan,nan,,,nan,nan,nan,nan,nan,nan,nan,nan,nan,,,,nan,nan,nan,nan,nan,,False,,nan,,,nan,nan,nan,,,,,,,,6.002624957264474e-05,1.4461532901361132e-07,0.01563142942794012,nan,nan,nan,False,not_run,not_requested,"[0.44946763579626636,0.0729533494420392,0.06335033279756579]","[2.2248542950772725,13.70738982717193,15.785236727886003]",,,,,291734341.7889225,76.14292055086938,nan,nan,direct_vp,direct_vp,False,[],True,1.0,7.889355046347179e-05,7.889355046347179e-05,2,data_only_efim_tau_crb,0.0025640714768942483,1.5508068346020762e-06,1.5508068346020762e-06,True,8.044435729807386e-05,green,clock_green,False,ngc_green_skip_rescue,nan,nan,2,,nan,nan,nan,False,nan,,candidate_unavailable,ngc_green_skip_rescue,False,9.21034037197618,13.815510557964274,ngc_certified_ris_only,nan,nan,,decoupled_robust,legacy_multistart,0.0
fig5,force_rescue,4,287230138,15.0,snr_db,15.0,3,3,3,3,full_6d,287230138,,,nan,,False,,118.39767113584094,6.002624957264474e-05,6.002624957264474e-05,1.4461532901361132e-07,4.6529567626502375e-05,5.0390244592308865e-14,0.01563142942794012,False,direct_vp_rollback,global_exact_spherical_vp,main_single_proposed,True,dbb69856fcdff65e,adaptive_jones,cpu,False,,legacy_least_squares,cpu,explicit,,legacy_least_squares_numerical,False,,,0,0,,,,,,,,fixed_pol_anchor,True,fixed_anchor_then_adaptive_jones_score_selection,fixed_pol_anchor,0.06335033279756579,0.44946763579626636,0.19525710601195712,0.0,True,3,4,3096418.3052452737,nan,"[0.44946763579626636,0.0729533494420392,0.06335033279756579]","[2.2248542950772725,13.70738982717193,15.785236727886003]",,jnpp_then_vp,[],3096268.847169845,3096560,True,291734341.7889225,76.14292055086938,88.86795738187202,0.00904907479248637,"[4.984562510800288,4.997309080738947,5.006640241375853]",25.962821481050923,53.25530404201709,79.91898348927498,nan,nan,nan,nan,nan,nan,nan,,,nan,nan,nan,nan,nan,nan,nan,nan,nan,,,,nan,nan,nan,nan,nan,,False,,nan,,,nan,nan,nan,,,,,,,,6.002624957264474e-05,1.4461532901361132e-07,0.01563142942794012,6.0026209043188634e-05,1.446154684024349e-07,0.01563142942794023,True,rollback,existing_selector_rollback,"[0.44946763579626636,0.0729533494420392,0.06335033279756579]","[2.2248542950772725,13.70738982717193,15.785236727886003]",,"[0.44946763579464855,0.07295334944216332,0.06335033279717217]","[2.2248542950852808,13.707389827148608,15.785236727984081]",,291734341.7889225,76.14292055086938,291734341.7527924,76.14292056143631,direct_vp,direct_vp,False,[],False,1.0,nan,nan,,,nan,nan,nan,False,nan,,,False,,nan,nan,,,nan,nan,nan,False,nan,,,,False,nan,nan,force_ris_only,0.00012291919545238887,0.0017029136496110682,3,decoupled_robust,legacy_multistart,0.0
fig5,oracle_init_vp,4,287230138,15.0,snr_db,15.0,3,3,3,3,full_6d,287230138,,,nan,,False,,27.83562109596096,6.0025708574036016e-05,6.0025708574036016e-05,1.446150039155631e-07,4.652942987982364e-05,5.0390554450474585e-14,0.01563142942794012,False,oracle_init_vp,global_exact_spherical_vp,,False,,adaptive_jones,cupy,True,0,cupy,cupy.linalg.solve,explicit,matrix_free,analytic_reduced_vp_explicit_gradient,False,matrix_free_cpu_only_gpu_backend,,0,0,0,0,,,,,,fixed_pol_anchor,False,,fixed_pol_anchor,nan,nan,nan,nan,False,3,4,3096725.458075429,3096806.9330339795,"[0.449423052591841,0.07294611311779496,0.06334404900653852]","[2.2250750027897097,13.708749613363299,15.786802638661674]","[2.7326451700903936e-08,2.2283706951425554e-08,7.6286516535969e-09]",oracle_init_vp,"[""oracle_truth_initialization""]",nan,,,nan,nan,nan,nan,,0.0,27.833923805039376,27.833923805039376,nan,nan,nan,nan,nan,nan,nan,,,nan,nan,nan,nan,nan,nan,nan,nan,nan,,,,nan,nan,nan,nan,nan,,False,,nan,,,nan,nan,nan,,,,,,,,nan,nan,nan,nan,nan,nan,False,,,,,,,,,nan,nan,nan,nan,,,,[],False,nan,nan,nan,,,nan,nan,nan,False,nan,,,False,,nan,nan,,,nan,nan,nan,False,nan,,,,False,nan,nan,,nan,nan,,,legacy_multistart,
fig5,direct_vp,1,112311654,15.0,snr_db,15.0,3,3,3,3,full_6d,112311654,,,nan,,False,,78.246008166112,2.2894813580266072e-05,2.2894813580266072e-05,2.802428932175867e-07,1.788989164633764e-05,1.0474862096084752e-13,0.00960754065933588,False,direct_vp,global_exact_spherical_vp,proposed_post_stage1,False,420f7b70b68e68c2,adaptive_jones,cpu,False,,legacy_least_squares,cpu,explicit,,legacy_least_squares_numerical,False,,,0,0,,,,,,,,fixed_pol_anchor,True,fixed_anchor_then_adaptive_jones_score_selection,fixed_pol_anchor,0.03808528171826583,1.2704554404572426,0.5083843197645007,0.0,True,3,4,3096579.534979331,nan,"[0.21661223711799382,0.03808528171826583,1.2704554404572426]","[4.616544352732296,26.256862359517708,0.7871193023809046]",,direct_vp,[],3096430.076903902,3096560,True,161744151.0801736,98.54634678552729,49.125021185237635,0.02881332941067303,"[5.000324244765247,4.9993074818584144,4.938699904449441]",38.73396942182444,71.07056126394309,110.77027718396857,nan,nan,nan,nan,nan,nan,nan,,,nan,nan,nan,nan,nan,nan,nan,nan,nan,,,,nan,nan,nan,nan,nan,,False,,nan,,,nan,nan,nan,,,,,,,,2.2894813580266072e-05,2.802428932175867e-07,0.00960754065933588,nan,nan,nan,False,not_run,not_requested,"[0.21661223711799382,0.03808528171826583,1.2704554404572426]","[4.616544352732296,26.256862359517708,0.7871193023809046]",,,,,161744151.0801736,98.54634678552729,nan,nan,direct_vp,direct_vp,False,[],False,1.0,nan,nan,,,nan,nan,nan,False,nan,,,False,,nan,nan,,,nan,nan,nan,False,nan,,,,False,nan,nan,reliability_gated,nan,nan,,decoupled_robust,legacy_multistart,0.0
fig5,old_gated,1,112311654,15.0,snr_db,15.0,3,3,3,3,full_6d,112311654,,,nan,,False,,77.65764312096871,2.2894813580266072e-05,2.2894813580266072e-05,2.802428932175867e-07,1.788989164633764e-05,1.0474862096084752e-13,0.00960754065933588,False,direct_vp,global_exact_spherical_vp,main_single_proposed,True,5a8ab798923cb9c5,adaptive_jones,cpu,False,,legacy_least_squares,cpu,explicit,,legacy_least_squares_numerical,False,,,0,0,,,,,,,,fixed_pol_anchor,True,fixed_anchor_then_adaptive_jones_score_selection,fixed_pol_anchor,0.03808528171826583,1.2704554404572426,0.5083843197645007,0.0,True,3,4,3096579.534979331,nan,"[0.21661223711799382,0.03808528171826583,1.2704554404572426]","[4.616544352732296,26.256862359517708,0.7871193023809046]",,direct_vp,[],3096430.076903902,3096560,True,161744151.0801736,98.54634678552729,49.125021185237635,0.02881332941067303,"[5.000324244765247,4.9993074818584144,4.938699904449441]",38.73396942182444,71.11169329704717,110.81140921707265,nan,nan,nan,nan,nan,nan,nan,,,nan,nan,nan,nan,nan,nan,nan,nan,nan,,,,nan,nan,nan,nan,nan,,False,,nan,,,nan,nan,nan,,,,,,,,2.2894813580266072e-05,2.802428932175867e-07,0.00960754065933588,nan,nan,nan,False,not_run,not_requested,"[0.21661223711799382,0.03808528171826583,1.2704554404572426]","[4.616544352732296,26.256862359517708,0.7871193023809046]",,,,,161744151.0801736,98.54634678552729,nan,nan,direct_vp,direct_vp,False,[],False,1.0,nan,nan,,,nan,nan,nan,False,nan,,,False,,nan,nan,,,nan,nan,nan,False,nan,,,,False,nan,nan,reliability_gated_ris_only,nan,nan,,decoupled_robust,legacy_multistart,0.0
fig5,adaptive_jones_vp_proposed,1,112311654,15.0,snr_db,15.0,3,3,3,3,full_6d,112311654,,,nan,,False,,76.21075616590679,2.2894813580266072e-05,2.2894813580266072e-05,2.802428932175867e-07,1.788989164633764e-05,1.0474862096084752e-13,0.00960754065933588,False,direct_vp,global_exact_spherical_vp,main_single_proposed,True,a65449d2428888d9,adaptive_jones,cpu,False,,legacy_least_squares,cpu,explicit,,legacy_least_squares_numerical,False,,,0,0,,,,,,,,fixed_pol_anchor,True,fixed_anchor_then_adaptive_jones_score_selection,fixed_pol_anchor,0.03808528171826583,1.2704554404572426,0.5083843197645007,0.0,True,3,4,3096579.534979331,nan,"[0.21661223711799382,0.03808528171826583,1.2704554404572426]","[4.616544352732296,26.256862359517708,0.7871193023809046]",,direct_vp,[],3096430.076903902,3096560,True,161744151.0801736,98.54634678552729,49.125021185237635,0.02881332941067303,"[5.000324244765247,4.9993074818584144,4.938699904449441]",38.73396942182444,69.69058645702899,109.39030237705447,nan,nan,nan,nan,nan,nan,nan,,,nan,nan,nan,nan,nan,nan,nan,nan,nan,,,,nan,nan,nan,nan,nan,,False,,nan,,,nan,nan,nan,,,,,,,,2.2894813580266072e-05,2.802428932175867e-07,0.00960754065933588,nan,nan,nan,False,not_run,not_requested,"[0.21661223711799382,0.03808528171826583,1.2704554404572426]","[4.616544352732296,26.256862359517708,0.7871193023809046]",,,,,161744151.0801736,98.54634678552729,nan,nan,direct_vp,direct_vp,False,[],True,1.0,1.2585901217887423e-05,1.2585901217887423e-05,2,data_only_efim_tau_crb,0.0010241216243643228,4.04799266315336e-06,4.04799266315336e-06,True,1.6633893881040782e-05,green,clock_green,False,ngc_green_skip_rescue,nan,nan,2,,nan,nan,nan,False,nan,,candidate_unavailable,ngc_green_skip_rescue,False,9.21034037197618,13.815510557964274,ngc_certified_ris_only,nan,nan,,decoupled_robust,legacy_multistart,0.0
fig5,force_rescue,1,112311654,15.0,snr_db,15.0,3,3,3,3,full_6d,112311654,,,nan,,False,,139.0643025271129,2.2894813580266072e-05,2.2894813580266072e-05,2.802428932175867e-07,1.788989164633764e-05,1.0474862096084752e-13,0.00960754065933588,False,direct_vp_rollback,global_exact_spherical_vp,main_single_proposed,True,ee4286b8eaed4c1c,adaptive_jones,cpu,False,,legacy_least_squares,cpu,explicit,,legacy_least_squares_numerical,False,,,0,0,,,,,,,,fixed_pol_anchor,True,fixed_anchor_then_adaptive_jones_score_selection,fixed_pol_anchor,0.03808528171826583,1.2704554404572426,0.5083843197645007,0.0,True,3,4,3096579.534979331,nan,"[0.21661223711799382,0.03808528171826583,1.2704554404572426]","[4.616544352732296,26.256862359517708,0.7871193023809046]",,jnpp_then_vp,[],3096430.076903902,3096560,True,161744151.0801736,98.54634678552729,49.125021185237635,0.02881332941067303,"[5.000324244765247,4.9993074818584144,4.938699904449441]",38.73396942182444,68.0856420029886,107.78535792301409,nan,nan,nan,nan,nan,nan,nan,,,nan,nan,nan,nan,nan,nan,nan,nan,nan,,,,nan,nan,nan,nan,nan,,False,,nan,,,nan,nan,nan,,,,,,,,2.2894813580266072e-05,2.802428932175867e-07,0.00960754065933588,2.2895079869506774e-05,2.8024302510529195e-07,0.00960754065933592,True,rollback,existing_selector_rollback,"[0.21661223711799382,0.03808528171826583,1.2704554404572426]","[4.616544352732296,26.256862359517708,0.7871193023809046]",,"[0.21661223711710528,0.03808528171829959,1.2704554404494814]","[4.616544352751233,26.256862359494434,0.7871193023857129]",,161744151.0801736,98.54634678552729,161744151.4197683,98.5463465746405,direct_vp,direct_vp,False,[],False,1.0,nan,nan,,,nan,nan,nan,False,nan,,,False,,nan,nan,,,nan,nan,nan,False,nan,,,,False,nan,nan,force_ris_only,9.443891015808083e-05,0.0014411410429883728,3,decoupled_robust,legacy_multistart,0.0
fig5,oracle_init_vp,1,112311654,15.0,snr_db,15.0,3,3,3,3,full_6d,112311654,,,nan,,False,,33.94768722704612,2.2894407498374316e-05,2.2894407498374316e-05,2.8024282259397677e-07,1.7889817208756294e-05,1.0474861956259724e-13,0.009607540659335894,False,oracle_init_vp,global_exact_spherical_vp,,False,,adaptive_jones,cupy,True,0,cupy,cupy.linalg.solve,explicit,matrix_free,analytic_reduced_vp_explicit_gradient,False,matrix_free_cpu_only_gpu_backend,,0,0,0,0,,,,,,fixed_pol_anchor,False,,fixed_pol_anchor,nan,nan,nan,nan,False,3,4,3096725.458075429,3096792.9402093147,"[0.21660202948069288,0.03808348698680906,1.2703955715194417]","[4.616761913068408,26.258099746652167,0.7871563963362147]","[3.285471732971506e-07,1.513490748294724e-08,8.862436292141355e-08]",oracle_init_vp,"[""oracle_truth_initialization""]",nan,,,nan,nan,nan,nan,,0.0,33.94593630498275,33.94593630498275,nan,nan,nan,nan,nan,nan,nan,,,nan,nan,nan,nan,nan,nan,nan,nan,nan,,,,nan,nan,nan,nan,nan,,False,,nan,,,nan,nan,nan,,,,,,,,nan,nan,nan,nan,nan,nan,False,,,,,,,,,nan,nan,nan,nan,,,,[],False,nan,nan,nan,,,nan,nan,nan,False,nan,,,False,,nan,nan,,,nan,nan,nan,False,nan,,,,False,nan,nan,,nan,nan,,,legacy_multistart,
fig5,direct_vp,1,112311654,-10.0,snr_db,-10.0,3,3,3,3,full_6d,112311654,,,nan,,False,,406.7648002218921,1.0329647896093308,1.0329647896093308,0.9982969839258282,0.4465303421838906,2.566046472446642e-09,3.3385565257660135,True,direct_vp,global_exact_spherical_vp,proposed_post_stage1,False,2cf8a15704cca758,adaptive_jones,cupy,True,0,cupy,cupy.linalg.solve,explicit,matrix_free,analytic_reduced_vp_explicit_gradient,False,matrix_free_cpu_only_gpu_backend,,0,0,0,0,,,,,,fixed_pol_anchor,True,fixed_anchor_then_adaptive_jones_score_selection,fixed_pol_anchor,5418.014044148789,118014.54070302082,63296.51039161699,0.0,True,3,4,3402725.03160876,3402778.9873560094,"[5418.014044148789,118014.54070302082,66456.97642768137]","[0.00018456947258413642,8.473531109203922e-06,1.5047328170748573e-05]","[2.348544174507739e-10,2.1430617807930903e-11,3.85627752097687e-11]",jnpp_then_vp,"[""low_assignment_margin"",""poor_clock_consistency""]",3402575.573533331,3096560,False,1455.0781773961974,98.57992113300007,0.07283751019257903,30.109856456882056,"[4.868402174198398,72.38744814128307,12.925797325317612]",19.708364146063104,399.79560516099446,420.1929981838912,nan,nan,nan,nan,nan,nan,nan,,,nan,nan,nan,nan,nan,nan,nan,nan,nan,,,,nan,nan,nan,nan,nan,,False,,nan,,,nan,nan,nan,,,,,,,,1.0329647896093308,0.9982969839258282,3.3385565257660135,nan,nan,nan,False,not_run,not_requested,"[5418.014044148789,118014.54070302082,66456.97642768137]","[0.00018456947258413642,8.473531109203922e-06,1.5047328170748573e-05]","[2.348544174507739e-10,2.1430617807930903e-11,3.85627752097687e-11]",,,,1455.0781773961974,98.57992113300007,nan,nan,ris_only_stage2_then_vp,jnpp_then_vp,True,"[""low_assignment_margin"",""poor_clock_consistency""]",False,1.0,nan,nan,,,nan,nan,nan,False,nan,,,False,,nan,nan,,,nan,nan,nan,False,nan,,,,False,nan,nan,reliability_gated,nan,nan,,decoupled_robust,legacy_multistart,0.0
fig5,old_gated,1,112311654,-10.0,snr_db,-10.0,3,3,3,3,full_6d,112311654,,,nan,,False,,848.1742626479827,1.0329647896093308,1.0329647896093308,0.9982969839258282,0.4465303421838906,2.566046472446642e-09,3.3385565257660135,True,direct_vp_rollback,global_exact_spherical_vp,main_single_proposed,True,b843b6c00790ef3f,adaptive_jones,cupy,True,0,cupy,cupy.linalg.solve,explicit,matrix_free,analytic_reduced_vp_explicit_gradient,False,matrix_free_cpu_only_gpu_backend,,0,0,0,0,,,,,,fixed_pol_anchor,True,fixed_anchor_then_adaptive_jones_score_selection,fixed_pol_anchor,5418.014044148789,118014.54070302082,63296.51039161699,0.0,True,3,4,3402725.03160876,3402778.9873560094,"[5418.014044148789,118014.54070302082,66456.97642768137]","[0.00018456947258413642,8.473531109203922e-06,1.5047328170748573e-05]","[2.348544174507739e-10,2.1430617807930903e-11,3.85627752097687e-11]",jnpp_then_vp,"[""low_assignment_margin"",""poor_clock_consistency""]",3402575.573533331,3096560,False,1455.0781773961974,98.57992113300007,0.07283751019257903,30.109856456882056,"[4.868402174198398,72.38744814128307,12.925797325317612]",19.708364146063104,244.19183351215906,264.5892265350558,nan,nan,nan,nan,nan,nan,nan,,,nan,nan,nan,nan,nan,nan,nan,nan,nan,,,,nan,nan,nan,nan,nan,,False,,nan,,,nan,nan,nan,,,,,,,,1.0329647896093308,0.9982969839258282,3.3385565257660135,0.8219522391968695,0.994256080534355,3.337374099476231,True,rollback,existing_selector_rollback,"[5418.014044148789,118014.54070302082,66456.97642768137]","[0.00018456947258413642,8.473531109203922e-06,1.5047328170748573e-05]","[2.348544174507739e-10,2.1430617807930903e-11,3.85627752097687e-11]","[2383.7925281885105,112620.43303184418,5833.300486336158]","[0.000419499593941645,8.87938236835593e-06,0.0001714295357335158]","[2.1171149782979205e-06,1.2659343028777771e-10,1.2145385574445222e-10]",1455.0781773961974,98.57992113300007,6931.045625431283,77.51052131669121,ris_only_stage2_then_vp,jnpp_then_vp,True,"[""low_assignment_margin"",""poor_clock_consistency""]",False,1.0,nan,nan,,,nan,nan,nan,False,nan,,,False,,nan,nan,,,nan,nan,nan,False,nan,,,,False,nan,nan,reliability_gated_ris_only,0.8562186158129904,3.8251250734106828,3,decoupled_robust,legacy_multistart,0.0
fig5,adaptive_jones_vp_proposed,1,112311654,-10.0,snr_db,-10.0,3,3,3,3,full_6d,112311654,,,nan,,False,,671.9964737740811,0.8219522391968695,0.8219522391968695,0.994256080534355,0.31452927249935153,4.335810879084695e-09,3.337374099476231,True,ris_only_stage2_then_vp,global_exact_spherical_vp,main_single_proposed,True,54ef8d7cea9bd361,adaptive_jones,cupy,True,0,cupy,cupy.linalg.solve,explicit,matrix_free,analytic_reduced_vp_explicit_gradient,False,matrix_free_cpu_only_gpu_backend,,0,0,0,0,,,,,,fixed_pol_anchor,True,fixed_anchor_then_adaptive_jones_score_selection,fixed_pol_anchor,2383.7925281885105,112620.43303184418,40279.17534878961,0.0,True,3,4,3401519.9315063455,3402783.5416155676,"[2383.7925281885105,112620.43303184418,5833.300486336158]","[0.000419499593941645,8.87938236835593e-06,0.0001714295357335158]","[2.1171149782979205e-06,1.2659343028777771e-10,1.2145385574445222e-10]",jnpp_then_vp,"[""low_assignment_margin"",""poor_clock_consistency""]",3402575.573533331,3096560,False,1455.0781773961974,98.57992113300007,0.07283751019257903,30.109856456882056,"[4.868402174198398,72.38744814128307,12.925797325317612]",19.708364146063104,480.7314187118318,523.486133123748,nan,nan,nan,nan,nan,nan,nan,,,nan,nan,nan,nan,nan,nan,nan,nan,nan,,,,nan,nan,nan,nan,nan,,False,,nan,,,nan,nan,nan,,,,,,,,1.0329647896093308,0.9982969839258282,3.3385565257660135,0.8219522391968695,0.994256080534355,3.337374099476231,True,accepted,accepted,"[5418.014044148789,118014.54070302082,66456.97642768137]","[0.00018456947258413642,8.473531109203922e-06,1.5047328170748573e-05]","[2.348544174507739e-10,2.1430617807930903e-11,3.85627752097687e-11]","[2383.7925281885105,112620.43303184418,5833.300486336158]","[0.000419499593941645,8.87938236835593e-06,0.0001714295357335158]","[2.1171149782979205e-06,1.2659343028777771e-10,1.2145385574445222e-10]",1455.0781773961974,98.57992113300007,6931.045625431283,77.51052131669121,ris_only_stage2_then_vp,jnpp_then_vp,True,"[""low_assignment_margin"",""poor_clock_consistency""]",True,1.0,13194.170762905227,13194.170762905227,2,data_only_efim_tau_crb,33.15892384022893,1.389816721763371,1.389816721763371,True,13195.56057962699,red,clock_red,True,ngc_red_run_rescue,13389.593278494845,13389.593278494845,2,data_only_efim_tau_crb,33.40358423694336,1.3928380284250503,1.3928380284250503,True,13390.98611652327,red,clock_red,both_uncertified_lower_raw,True,9.21034037197618,13.815510557964274,ngc_certified_ris_only,0.8562186158129904,3.8251250734106828,3,decoupled_robust,legacy_multistart,0.0
fig5,force_rescue,1,112311654,-10.0,snr_db,-10.0,3,3,3,3,full_6d,112311654,,,nan,,False,,756.8875468019396,0.8219522391968695,0.8219522391968695,0.994256080534355,0.31452927249935153,4.335810879084695e-09,3.337374099476231,True,ris_only_stage2_then_vp,global_exact_spherical_vp,main_single_proposed,True,d21b00af1ced3a46,adaptive_jones,cupy,True,0,cupy,cupy.linalg.solve,explicit,matrix_free,analytic_reduced_vp_explicit_gradient,False,matrix_free_cpu_only_gpu_backend,,0,0,0,0,,,,,,fixed_pol_anchor,True,fixed_anchor_then_adaptive_jones_score_selection,fixed_pol_anchor,2383.7925281885105,112620.43303184418,40279.17534878961,0.0,True,3,4,3401519.9315063455,3402783.5416155676,"[2383.7925281885105,112620.43303184418,5833.300486336158]","[0.000419499593941645,8.87938236835593e-06,0.0001714295357335158]","[2.1171149782979205e-06,1.2659343028777771e-10,1.2145385574445222e-10]",jnpp_then_vp,"[""low_assignment_margin"",""poor_clock_consistency""]",3402575.573533331,3096560,False,1455.0781773961974,98.57992113300007,0.07283751019257903,30.109856456882056,"[4.868402174198398,72.38744814128307,12.925797325317612]",19.708364146063104,536.5001643700525,584.670696154004,nan,nan,nan,nan,nan,nan,nan,,,nan,nan,nan,nan,nan,nan,nan,nan,nan,,,,nan,nan,nan,nan,nan,,False,,nan,,,nan,nan,nan,,,,,,,,1.0329647896093308,0.9982969839258282,3.3385565257660135,0.8219522391968695,0.994256080534355,3.337374099476231,True,accepted,accepted,"[5418.014044148789,118014.54070302082,66456.97642768137]","[0.00018456947258413642,8.473531109203922e-06,1.5047328170748573e-05]","[2.348544174507739e-10,2.1430617807930903e-11,3.85627752097687e-11]","[2383.7925281885105,112620.43303184418,5833.300486336158]","[0.000419499593941645,8.87938236835593e-06,0.0001714295357335158]","[2.1171149782979205e-06,1.2659343028777771e-10,1.2145385574445222e-10]",1455.0781773961974,98.57992113300007,6931.045625431283,77.51052131669121,ris_only_stage2_then_vp,jnpp_then_vp,True,"[""low_assignment_margin"",""poor_clock_consistency""]",False,1.0,nan,nan,,,nan,nan,nan,False,nan,,,False,,nan,nan,,,nan,nan,nan,False,nan,,,,False,nan,nan,force_ris_only,0.8562186158129904,3.8251250734106828,3,decoupled_robust,legacy_multistart,0.0
fig5,oracle_init_vp,1,112311654,-10.0,snr_db,-10.0,3,3,3,3,full_6d,112311654,,,nan,,False,,33.793295436073095,0.0003943203658338468,0.0003943203658338468,8.878992140021114e-05,0.00031605473832980964,1.8286867186979606e-12,3.0381710937997606,False,oracle_init_vp,global_exact_spherical_vp,,False,,adaptive_jones,cupy,True,0,cupy,cupy.linalg.solve,explicit,matrix_free,analytic_reduced_vp_explicit_gradient,False,matrix_free_cpu_only_gpu_backend,,0,0,0,0,,,,,,fixed_pol_anchor,False,,fixed_pol_anchor,nan,nan,nan,nan,False,3,4,3096725.458075429,3096737.619465057,"[68.94020542213056,12.163062968924764,396.006503661066]","[0.01450532376293223,0.08221613277368724,0.0025252110517353355]","[3.16426074981098e-08,3.0292463939631214e-08,9.194752475178356e-10]",oracle_init_vp,"[""oracle_truth_initialization""]",nan,,,nan,nan,nan,nan,,0.0,33.7911385782063,33.7911385782063,nan,nan,nan,nan,nan,nan,nan,,,nan,nan,nan,nan,nan,nan,nan,nan,nan,,,,nan,nan,nan,nan,nan,,False,,nan,,,nan,nan,nan,,,,,,,,nan,nan,nan,nan,nan,nan,False,,,,,,,,,nan,nan,nan,nan,,,,[],False,nan,nan,nan,,,nan,nan,nan,False,nan,,,False,,nan,nan,,,nan,nan,nan,False,nan,,,,False,nan,nan,,nan,nan,,,legacy_multistart,
fig5,direct_vp,6,1919806993,15.0,snr_db,15.0,3,3,3,3,full_6d,1919806993,,,nan,,False,,46.07607867801562,1.9647667885738028e-05,1.9647667885738028e-05,7.266546381309684e-08,5.465587684933347e-06,5.64369184662794e-14,0.013275288910308162,False,direct_vp,global_exact_spherical_vp,proposed_post_stage1,False,f486617588958f8a,adaptive_jones,cpu,False,,legacy_least_squares,cpu,explicit,,legacy_least_squares_numerical,False,,,0,0,,,,,,,,fixed_pol_anchor,True,fixed_anchor_then_adaptive_jones_score_selection,fixed_pol_anchor,0.05702261195719916,0.7418932918025559,0.2924451628606258,0.0,True,3,4,3095503.9267112683,nan,"[0.07841958482212218,0.7418932918025559,0.05702261195719916]","[12.75191653039486,1.3479027389095108,17.536902742205797]",,direct_vp,[],3095354.4686358394,3096560,True,260664434.8088019,72.20107112107199,157.3769437339793,0.01373005316052993,"[5.016847856569339,5.019176138062708,4.988956034967047]",22.405195666011423,41.59396295808256,64.86624883697368,nan,nan,nan,nan,nan,nan,nan,,,nan,nan,nan,nan,nan,nan,nan,nan,nan,,,,nan,nan,nan,nan,nan,,False,,nan,,,nan,nan,nan,,,,,,,,1.9647667885738028e-05,7.266546381309684e-08,0.013275288910308162,nan,nan,nan,False,not_run,not_requested,"[0.07841958482212218,0.7418932918025559,0.05702261195719916]","[12.75191653039486,1.3479027389095108,17.536902742205797]",,,,,260664434.8088019,72.20107112107199,nan,nan,direct_vp,direct_vp,False,[],False,1.0,nan,nan,,,nan,nan,nan,False,nan,,,False,,nan,nan,,,nan,nan,nan,False,nan,,,,False,nan,nan,reliability_gated,nan,nan,,decoupled_robust,legacy_multistart,0.0
fig5,old_gated,6,1919806993,15.0,snr_db,15.0,3,3,3,3,full_6d,1919806993,,,nan,,False,,54.737568526063114,1.9647667885738028e-05,1.9647667885738028e-05,7.266546381309684e-08,5.465587684933347e-06,5.64369184662794e-14,0.013275288910308162,False,direct_vp,global_exact_spherical_vp,main_single_proposed,True,2f5e65ace7dbba98,adaptive_jones,cpu,False,,legacy_least_squares,cpu,explicit,,legacy_least_squares_numerical,False,,,0,0,,,,,,,,fixed_pol_anchor,True,fixed_anchor_then_adaptive_jones_score_selection,fixed_pol_anchor,0.05702261195719916,0.7418932918025559,0.2924451628606258,0.0,True,3,4,3095503.9267112683,nan,"[0.07841958482212218,0.7418932918025559,0.05702261195719916]","[12.75191653039486,1.3479027389095108,17.536902742205797]",,direct_vp,[],3095354.4686358394,3096560,True,260664434.8088019,72.20107112107199,157.3769437339793,0.01373005316052993,"[5.016847856569339,5.019176138062708,4.988956034967047]",22.405195666011423,49.86488776886836,73.13717364775948,nan,nan,nan,nan,nan,nan,nan,,,nan,nan,nan,nan,nan,nan,nan,nan,nan,,,,nan,nan,nan,nan,nan,,False,,nan,,,nan,nan,nan,,,,,,,,1.9647667885738028e-05,7.266546381309684e-08,0.013275288910308162,nan,nan,nan,False,not_run,not_requested,"[0.07841958482212218,0.7418932918025559,0.05702261195719916]","[12.75191653039486,1.3479027389095108,17.536902742205797]",,,,,260664434.8088019,72.20107112107199,nan,nan,direct_vp,direct_vp,False,[],False,1.0,nan,nan,,,nan,nan,nan,False,nan,,,False,,nan,nan,,,nan,nan,nan,False,nan,,,,False,nan,nan,reliability_gated_ris_only,nan,nan,,decoupled_robust,legacy_multistart,0.0
fig5,adaptive_jones_vp_proposed,6,1919806993,15.0,snr_db,15.0,3,3,3,3,full_6d,1919806993,,,nan,,False,,57.623758636880666,1.9647667885738028e-05,1.9647667885738028e-05,7.266546381309684e-08,5.465587684933347e-06,5.64369184662794e-14,0.013275288910308162,False,direct_vp,global_exact_spherical_vp,main_single_proposed,True,f7aaf3279dda25b3,adaptive_jones,cpu,False,,legacy_least_squares,cpu,explicit,,legacy_least_squares_numerical,False,,,0,0,,,,,,,,fixed_pol_anchor,True,fixed_anchor_then_adaptive_jones_score_selection,fixed_pol_anchor,0.05702261195719916,0.7418932918025559,0.2924451628606258,0.0,True,3,4,3095503.9267112683,nan,"[0.07841958482212218,0.7418932918025559,0.05702261195719916]","[12.75191653039486,1.3479027389095108,17.536902742205797]",,direct_vp,[],3095354.4686358394,3096560,True,260664434.8088019,72.20107112107199,157.3769437339793,0.01373005316052993,"[5.016847856569339,5.019176138062708,4.988956034967047]",22.405195666011423,52.25171726802364,75.52400314691477,nan,nan,nan,nan,nan,nan,nan,,,nan,nan,nan,nan,nan,nan,nan,nan,nan,,,,nan,nan,nan,nan,nan,,False,,nan,,,nan,nan,nan,,,,,,,,1.9647667885738028e-05,7.266546381309684e-08,0.013275288910308162,nan,nan,nan,False,not_run,not_requested,"[0.07841958482212218,0.7418932918025559,0.05702261195719916]","[12.75191653039486,1.3479027389095108,17.536902742205797]",,,,,260664434.8088019,72.20107112107199,nan,nan,direct_vp,direct_vp,False,[],True,1.0,0.000161267326670212,0.000161267326670212,2,data_only_efim_tau_crb,0.0036659165142136465,1.1584663994801434e-06,1.1584663994801434e-06,True,0.00016242579306969214,green,clock_green,False,ngc_green_skip_rescue,nan,nan,2,,nan,nan,nan,False,nan,,candidate_unavailable,ngc_green_skip_rescue,False,9.21034037197618,13.815510557964274,ngc_certified_ris_only,nan,nan,,decoupled_robust,legacy_multistart,0.0
fig5,force_rescue,6,1919806993,15.0,snr_db,15.0,3,3,3,3,full_6d,1919806993,,,nan,,False,,98.84974107681774,1.9647667885738028e-05,1.9647667885738028e-05,7.266546381309684e-08,5.465587684933347e-06,5.64369184662794e-14,0.013275288910308162,False,direct_vp_rollback,global_exact_spherical_vp,main_single_proposed,True,a0d5756cb6473217,adaptive_jones,cpu,False,,legacy_least_squares,cpu,explicit,,legacy_least_squares_numerical,False,,,0,0,,,,,,,,fixed_pol_anchor,True,fixed_anchor_then_adaptive_jones_score_selection,fixed_pol_anchor,0.05702261195719916,0.7418932918025559,0.2924451628606258,0.0,True,3,4,3095503.9267112683,nan,"[0.07841958482212218,0.7418932918025559,0.05702261195719916]","[12.75191653039486,1.3479027389095108,17.536902742205797]",,jnpp_then_vp,[],3095354.4686358394,3096560,True,260664434.8088019,72.20107112107199,157.3769437339793,0.01373005316052993,"[5.016847856569339,5.019176138062708,4.988956034967047]",22.405195666011423,40.49223858397454,63.764524462865666,nan,nan,nan,nan,nan,nan,nan,,,nan,nan,nan,nan,nan,nan,nan,nan,nan,,,,nan,nan,nan,nan,nan,,False,,nan,,,nan,nan,nan,,,,,,,,1.9647667885738028e-05,7.266546381309684e-08,0.013275288910308162,1.9647232950041388e-05,7.26653995118239e-08,0.013275288910308143,True,rollback,existing_selector_rollback,"[0.07841958482212218,0.7418932918025559,0.05702261195719916]","[12.75191653039486,1.3479027389095108,17.536902742205797]",,"[0.07841958482259324,0.7418932917847121,0.05702261195725989]","[12.751916530318258,1.3479027389419302,17.53690274218712]",,260664434.8088019,72.20107112107199,260664435.0920922,72.2010710454602,direct_vp,direct_vp,False,[],False,1.0,nan,nan,,,nan,nan,nan,False,nan,,,False,,nan,nan,,,nan,nan,nan,False,nan,,,,False,nan,nan,force_ris_only,1.0158953801884887e-05,0.0006667379702709479,3,decoupled_robust,legacy_multistart,0.0
fig5,oracle_init_vp,6,1919806993,15.0,snr_db,15.0,3,3,3,3,full_6d,1919806993,,,nan,,False,,26.379259868059307,1.96471389309548e-05,1.96471389309548e-05,7.266533878290652e-08,5.465639482420937e-06,5.6436913870321596e-14,0.013275288910308077,False,oracle_init_vp,global_exact_spherical_vp,,False,,adaptive_jones,cupy,True,0,cupy,cupy.linalg.solve,explicit,matrix_free,analytic_reduced_vp_explicit_gradient,False,matrix_free_cpu_only_gpu_backend,,0,0,0,0,,,,,,fixed_pol_anchor,False,,fixed_pol_anchor,nan,nan,nan,nan,False,3,4,3096725.458075429,3096799.8326919186,"[0.07838865001522995,0.7416006311363493,0.05700011778655898]","[12.756948867031566,1.3484346668731464,17.543823396023754]","[7.404624433447674e-09,3.0184858685788664e-07,1.1727945746735557e-08]",oracle_init_vp,"[""oracle_truth_initialization""]",nan,,,nan,nan,nan,nan,,0.0,26.377529910067096,26.377529910067096,nan,nan,nan,nan,nan,nan,nan,,,nan,nan,nan,nan,nan,nan,nan,nan,nan,,,,nan,nan,nan,nan,nan,,False,,nan,,,nan,nan,nan,,,,,,,,nan,nan,nan,nan,nan,nan,False,,,,,,,,,nan,nan,nan,nan,,,,[],False,nan,nan,nan,,,nan,nan,nan,False,nan,,,False,,nan,nan,,,nan,nan,nan,False,nan,,,,False,nan,nan,,nan,nan,,,legacy_multistart,
fig5,direct_vp,14,1092560480,10.0,snr_db,10.0,3,3,3,3,full_6d,1092560480,,,nan,,False,,136.90105522912927,0.00011071020477614677,0.00011071020477614677,6.068639501533792e-07,7.912780143630875e-05,2.1805319858341765e-13,0.02161752975842248,False,direct_vp,global_exact_spherical_vp,proposed_post_stage1,False,5c6f3f69a2a76b98,adaptive_jones,cpu,False,,legacy_least_squares,cpu,explicit,,legacy_least_squares_numerical,False,,,0,0,,,,,,,,fixed_pol_anchor,True,fixed_anchor_then_adaptive_jones_score_selection,fixed_pol_anchor,0.2737933403126422,0.37894640069194163,0.3370377350230785,0.0,True,3,10,5781310.518616673,5781443.94560792,"[0.37894640069194163,0.35837346406465176,0.2737933403126422]","[2.638895627913761,2.790385171540598,3.652389787340463]","[8.021904240910411e-07,1.4958413852729524e-06,1.467930811938488e-07]",direct_vp,[],3094527.367529105,3096560,True,79357470.54832193,68.81207062168147,54.22370752578187,0.015251680340723746,"[5.025945065481057,4.990898817909111,4.997215591360801]",24.87637464911677,131.56345812091604,157.46998874819838,nan,nan,nan,nan,nan,nan,nan,,,nan,nan,nan,nan,nan,nan,nan,nan,nan,,,,nan,nan,nan,nan,nan,,False,,nan,,,nan,nan,nan,,,,,,,,0.00011071020477614677,6.068639501533792e-07,0.02161752975842248,nan,nan,nan,False,not_run,not_requested,"[0.37894640069194163,0.35837346406465176,0.2737933403126422]","[2.638895627913761,2.790385171540598,3.652389787340463]","[8.021904240910411e-07,1.4958413852729524e-06,1.467930811938488e-07]",,,,79357470.54832193,68.81207062168147,nan,nan,direct_vp,direct_vp,False,[],False,1.0,nan,nan,,,nan,nan,nan,False,nan,,,False,,nan,nan,,,nan,nan,nan,False,nan,,,,False,nan,nan,reliability_gated,nan,nan,,decoupled_robust,legacy_multistart,0.0
fig5,old_gated,14,1092560480,10.0,snr_db,10.0,3,3,3,3,full_6d,1092560480,,,nan,,False,,139.7874517061282,0.00011071020477614677,0.00011071020477614677,6.068639501533792e-07,7.912780143630875e-05,2.1805319858341765e-13,0.02161752975842248,False,direct_vp,global_exact_spherical_vp,main_single_proposed,True,b9eec1c570934513,adaptive_jones,cpu,False,,legacy_least_squares,cpu,explicit,,legacy_least_squares_numerical,False,,,0,0,,,,,,,,fixed_pol_anchor,True,fixed_anchor_then_adaptive_jones_score_selection,fixed_pol_anchor,0.2737933403126422,0.37894640069194163,0.3370377350230785,0.0,True,3,10,5781310.518616673,5781443.94560792,"[0.37894640069194163,0.35837346406465176,0.2737933403126422]","[2.638895627913761,2.790385171540598,3.652389787340463]","[8.021904240910411e-07,1.4958413852729524e-06,1.467930811938488e-07]",direct_vp,[],3094527.367529105,3096560,True,79357470.54832193,68.81207062168147,54.22370752578187,0.015251680340723746,"[5.025945065481057,4.990898817909111,4.997215591360801]",24.87637464911677,134.92105473414995,160.82758536143228,nan,nan,nan,nan,nan,nan,nan,,,nan,nan,nan,nan,nan,nan,nan,nan,nan,,,,nan,nan,nan,nan,nan,,False,,nan,,,nan,nan,nan,,,,,,,,0.00011071020477614677,6.068639501533792e-07,0.02161752975842248,nan,nan,nan,False,not_run,not_requested,"[0.37894640069194163,0.35837346406465176,0.2737933403126422]","[2.638895627913761,2.790385171540598,3.652389787340463]","[8.021904240910411e-07,1.4958413852729524e-06,1.467930811938488e-07]",,,,79357470.54832193,68.81207062168147,nan,nan,direct_vp,direct_vp,False,[],False,1.0,nan,nan,,,nan,nan,nan,False,nan,,,False,,nan,nan,,,nan,nan,nan,False,nan,,,,False,nan,nan,reliability_gated_ris_only,nan,nan,,decoupled_robust,legacy_multistart,0.0
fig5,adaptive_jones_vp_proposed,14,1092560480,10.0,snr_db,10.0,3,3,3,3,full_6d,1092560480,,,nan,,False,,137.0423333600629,0.00011071020477614677,0.00011071020477614677,6.068639501533792e-07,7.912780143630875e-05,2.1805319858341765e-13,0.02161752975842248,False,direct_vp,global_exact_spherical_vp,main_single_proposed,True,f60595fcafd2669e,adaptive_jones,cpu,False,,legacy_least_squares,cpu,explicit,,legacy_least_squares_numerical,False,,,0,0,,,,,,,,fixed_pol_anchor,True,fixed_anchor_then_adaptive_jones_score_selection,fixed_pol_anchor,0.2737933403126422,0.37894640069194163,0.3370377350230785,0.0,True,3,10,5781310.518616673,5781443.94560792,"[0.37894640069194163,0.35837346406465176,0.2737933403126422]","[2.638895627913761,2.790385171540598,3.652389787340463]","[8.021904240910411e-07,1.4958413852729524e-06,1.467930811938488e-07]",direct_vp,[],3094527.367529105,3096560,True,79357470.54832193,68.81207062168147,54.22370752578187,0.015251680340723746,"[5.025945065481057,4.990898817909111,4.997215591360801]",24.87637464911677,132.04238730180077,157.9489179290831,nan,nan,nan,nan,nan,nan,nan,,,nan,nan,nan,nan,nan,nan,nan,nan,nan,,,,nan,nan,nan,nan,nan,,False,,nan,,,nan,nan,nan,,,,,,,,0.00011071020477614677,6.068639501533792e-07,0.02161752975842248,nan,nan,nan,False,not_run,not_requested,"[0.37894640069194163,0.35837346406465176,0.2737933403126422]","[2.638895627913761,2.790385171540598,3.652389787340463]","[8.021904240910411e-07,1.4958413852729524e-06,1.467930811938488e-07]",,,,79357470.54832193,68.81207062168147,nan,nan,direct_vp,direct_vp,False,[],True,1.0,0.00032274664320244064,0.00032274664320244064,2,data_only_efim_tau_crb,0.005186092324689505,2.371322647991592e-06,2.371322647991592e-06,True,0.0003251179658504322,green,clock_green,False,ngc_green_skip_rescue,nan,nan,2,,nan,nan,nan,False,nan,,candidate_unavailable,ngc_green_skip_rescue,False,9.21034037197618,13.815510557964274,ngc_certified_ris_only,nan,nan,,decoupled_robust,legacy_multistart,0.0
fig5,force_rescue,14,1092560480,10.0,snr_db,10.0,3,3,3,3,full_6d,1092560480,,,nan,,False,,228.9355242960155,0.00011071020477614677,0.00011071020477614677,6.068639501533792e-07,7.912780143630875e-05,2.1805319858341765e-13,0.02161752975842248,False,direct_vp_rollback,global_exact_spherical_vp,main_single_proposed,True,7a9570197a40a97e,adaptive_jones,cpu,False,,legacy_least_squares,cpu,explicit,,legacy_least_squares_numerical,False,,,0,0,,,,,,,,fixed_pol_anchor,True,fixed_anchor_then_adaptive_jones_score_selection,fixed_pol_anchor,0.2737933403126422,0.37894640069194163,0.3370377350230785,0.0,True,3,10,5781310.518616673,5781443.94560792,"[0.37894640069194163,0.35837346406465176,0.2737933403126422]","[2.638895627913761,2.790385171540598,3.652389787340463]","[8.021904240910411e-07,1.4958413852729524e-06,1.467930811938488e-07]",jnpp_then_vp,[],3094527.367529105,3096560,True,79357470.54832193,68.81207062168147,54.22370752578187,0.015251680340723746,"[5.025945065481057,4.990898817909111,4.997215591360801]",24.87637464911677,129.47906966879964,155.38560029608198,nan,nan,nan,nan,nan,nan,nan,,,nan,nan,nan,nan,nan,nan,nan,nan,nan,,,,nan,nan,nan,nan,nan,,False,,nan,,,nan,nan,nan,,,,,,,,0.00011071020477614677,6.068639501533792e-07,0.02161752975842248,0.00011070989671247042,6.068635153542676e-07,0.02161752975842255,True,rollback,existing_selector_rollback,"[0.37894640069194163,0.35837346406465176,0.2737933403126422]","[2.638895627913761,2.790385171540598,3.652389787340463]","[8.021904240910411e-07,1.4958413852729524e-06,1.467930811938488e-07]","[0.3789464005255906,0.35837346337402404,0.27379334070070144]","[2.6388956290721914,2.7903851769179977,3.6523897821637714]","[7.854172391649342e-07,1.4930261769274346e-06,1.4686956277244293e-07]",79357470.54832193,68.81207062168147,79357470.45535192,68.8120707040166,direct_vp,direct_vp,False,[],False,1.0,nan,nan,,,nan,nan,nan,False,nan,,,False,,nan,nan,,,nan,nan,nan,False,nan,,,,False,nan,nan,force_ris_only,0.7000005512041649,0.007582337964018348,3,decoupled_robust,legacy_multistart,0.0
fig5,oracle_init_vp,14,1092560480,10.0,snr_db,10.0,3,3,3,3,full_6d,1092560480,,,nan,,False,,26.435587607091293,0.00011071062956439504,0.00011071062956439504,6.068649041031354e-07,7.912746543901685e-05,2.180516441395833e-13,0.02161752975842252,False,oracle_init_vp,global_exact_spherical_vp,,False,,adaptive_jones,cupy,True,0,cupy,cupy.linalg.solve,explicit,matrix_free,analytic_reduced_vp_explicit_gradient,False,matrix_free_cpu_only_gpu_backend,,0,0,0,0,,,,,,fixed_pol_anchor,False,,fixed_pol_anchor,nan,nan,nan,nan,False,3,4,3096725.458075429,3096798.0292053,"[0.37325294326203895,0.3515572967566787,0.22509318460408997]","[2.679148331049021,2.8444865438016285,4.4426045229163496]","[7.112356015729844e-08,1.2987863723138383e-07,9.344683571743e-08]",oracle_init_vp,"[""oracle_truth_initialization""]",nan,,,nan,nan,nan,nan,,0.0,26.433532475028187,26.433532475028187,nan,nan,nan,nan,nan,nan,nan,,,nan,nan,nan,nan,nan,nan,nan,nan,nan,,,,nan,nan,nan,nan,nan,,False,,nan,,,nan,nan,nan,,,,,,,,nan,nan,nan,nan,nan,nan,False,,,,,,,,,nan,nan,nan,nan,,,,[],False,nan,nan,nan,,,nan,nan,nan,False,nan,,,False,,nan,nan,,,nan,nan,nan,False,nan,,,,False,nan,nan,,nan,nan,,,legacy_multistart,
fig5,direct_vp,8,641399591,15.0,snr_db,15.0,3,3,3,3,full_6d,641399591,,,nan,,False,,44.67084174207412,4.0367558586507833e-05,4.0367558586507833e-05,1.1827982838746312e-07,7.791216259572813e-06,3.307476590236967e-14,0.00713371478410668,False,direct_vp,global_exact_spherical_vp,proposed_post_stage1,False,cada30f853c87223,adaptive_jones,cpu,False,,legacy_least_squares,cpu,explicit,,legacy_least_squares_numerical,False,,,0,0,,,,,,,,fixed_pol_anchor,True,fixed_anchor_then_adaptive_jones_score_selection,fixed_pol_anchor,0.06899412361506241,0.32922997557113304,0.15640735344669784,0.0,True,3,4,3098034.102174874,nan,"[0.32922997557113304,0.0709979611538981,0.06899412361506241]","[3.037390499649726,14.084911506575349,14.493988003662627]",,direct_vp,[],3097884.644099445,3096560,True,270121934.399285,78.368247617999,80.30463188960316,0.015636993877681995,"[4.973447383668541,5.004634722136186,5.008298065608555]",25.83977534295991,40.593763157958165,67.40726296673529,nan,nan,nan,nan,nan,nan,nan,,,nan,nan,nan,nan,nan,nan,nan,nan,nan,,,,nan,nan,nan,nan,nan,,False,,nan,,,nan,nan,nan,,,,,,,,4.0367558586507833e-05,1.1827982838746312e-07,0.00713371478410668,nan,nan,nan,False,not_run,not_requested,"[0.32922997557113304,0.0709979611538981,0.06899412361506241]","[3.037390499649726,14.084911506575349,14.493988003662627]",,,,,270121934.399285,78.368247617999,nan,nan,direct_vp,direct_vp,False,[],False,1.0,nan,nan,,,nan,nan,nan,False,nan,,,False,,nan,nan,,,nan,nan,nan,False,nan,,,,False,nan,nan,reliability_gated,nan,nan,,decoupled_robust,legacy_multistart,0.0
fig5,old_gated,8,641399591,15.0,snr_db,15.0,3,3,3,3,full_6d,641399591,,,nan,,False,,55.78243862395175,4.0367558586507833e-05,4.0367558586507833e-05,1.1827982838746312e-07,7.791216259572813e-06,3.307476590236967e-14,0.00713371478410668,False,direct_vp,global_exact_spherical_vp,main_single_proposed,True,ee97dcda194c8d4e,adaptive_jones,cpu,False,,legacy_least_squares,cpu,explicit,,legacy_least_squares_numerical,False,,,0,0,,,,,,,,fixed_pol_anchor,True,fixed_anchor_then_adaptive_jones_score_selection,fixed_pol_anchor,0.06899412361506241,0.32922997557113304,0.15640735344669784,0.0,True,3,4,3098034.102174874,nan,"[0.32922997557113304,0.0709979611538981,0.06899412361506241]","[3.037390499649726,14.084911506575349,14.493988003662627]",,direct_vp,[],3097884.644099445,3096560,True,270121934.399285,78.368247617999,80.30463188960316,0.015636993877681995,"[4.973447383668541,5.004634722136186,5.008298065608555]",25.83977534295991,49.31059291190468,76.1240927206818,nan,nan,nan,nan,nan,nan,nan,,,nan,nan,nan,nan,nan,nan,nan,nan,nan,,,,nan,nan,nan,nan,nan,,False,,nan,,,nan,nan,nan,,,,,,,,4.0367558586507833e-05,1.1827982838746312e-07,0.00713371478410668,nan,nan,nan,False,not_run,not_requested,"[0.32922997557113304,0.0709979611538981,0.06899412361506241]","[3.037390499649726,14.084911506575349,14.493988003662627]",,,,,270121934.399285,78.368247617999,nan,nan,direct_vp,direct_vp,False,[],False,1.0,nan,nan,,,nan,nan,nan,False,nan,,,False,,nan,nan,,,nan,nan,nan,False,nan,,,,False,nan,nan,reliability_gated_ris_only,nan,nan,,decoupled_robust,legacy_multistart,0.0
fig5,adaptive_jones_vp_proposed,8,641399591,15.0,snr_db,15.0,3,3,3,3,full_6d,641399591,,,nan,,False,,76.24655316420831,4.0367558586507833e-05,4.0367558586507833e-05,1.1827982838746312e-07,7.791216259572813e-06,3.307476590236967e-14,0.00713371478410668,False,direct_vp,global_exact_spherical_vp,main_single_proposed,True,a295c503c166cd15,adaptive_jones,cpu,False,,legacy_least_squares,cpu,explicit,,legacy_least_squares_numerical,False,,,0,0,,,,,,,,fixed_pol_anchor,True,fixed_anchor_then_adaptive_jones_score_selection,fixed_pol_anchor,0.06899412361506241,0.32922997557113304,0.15640735344669784,0.0,True,3,4,3098034.102174874,nan,"[0.32922997557113304,0.0709979611538981,0.06899412361506241]","[3.037390499649726,14.084911506575349,14.493988003662627]",,direct_vp,[],3097884.644099445,3096560,True,270121934.399285,78.368247617999,80.30463188960316,0.015636993877681995,"[4.973447383668541,5.004634722136186,5.008298065608555]",25.83977534295991,69.37987627810799,96.19337608688511,nan,nan,nan,nan,nan,nan,nan,,,nan,nan,nan,nan,nan,nan,nan,nan,nan,,,,nan,nan,nan,nan,nan,,False,,nan,,,nan,nan,nan,,,,,,,,4.0367558586507833e-05,1.1827982838746312e-07,0.00713371478410668,nan,nan,nan,False,not_run,not_requested,"[0.32922997557113304,0.0709979611538981,0.06899412361506241]","[3.037390499649726,14.084911506575349,14.493988003662627]",,,,,270121934.399285,78.368247617999,nan,nan,direct_vp,direct_vp,False,[],True,1.0,9.483784774735476e-05,9.483784774735476e-05,2,data_only_efim_tau_crb,0.0028112548761978578,8.952182600441248e-07,8.952182600441248e-07,True,9.573306600739889e-05,green,clock_green,False,ngc_green_skip_rescue,nan,nan,2,,nan,nan,nan,False,nan,,candidate_unavailable,ngc_green_skip_rescue,False,9.21034037197618,13.815510557964274,ngc_certified_ris_only,nan,nan,,decoupled_robust,legacy_multistart,0.0
fig5,force_rescue,8,641399591,15.0,snr_db,15.0,3,3,3,3,full_6d,641399591,,,nan,,False,,141.51449060998857,4.0367558586507833e-05,4.0367558586507833e-05,1.1827982838746312e-07,7.791216259572813e-06,3.307476590236967e-14,0.00713371478410668,False,direct_vp_rollback,global_exact_spherical_vp,main_single_proposed,True,ac49880184c14f95,adaptive_jones,cpu,False,,legacy_least_squares,cpu,explicit,,legacy_least_squares_numerical,False,,,0,0,,,,,,,,fixed_pol_anchor,True,fixed_anchor_then_adaptive_jones_score_selection,fixed_pol_anchor,0.06899412361506241,0.32922997557113304,0.15640735344669784,0.0,True,3,4,3098034.102174874,nan,"[0.32922997557113304,0.0709979611538981,0.06899412361506241]","[3.037390499649726,14.084911506575349,14.493988003662627]",,jnpp_then_vp,[],3097884.644099445,3096560,True,270121934.399285,78.368247617999,80.30463188960316,0.015636993877681995,"[4.973447383668541,5.004634722136186,5.008298065608555]",25.83977534295991,70.42644792981446,97.23994773859158,nan,nan,nan,nan,nan,nan,nan,,,nan,nan,nan,nan,nan,nan,nan,nan,nan,,,,nan,nan,nan,nan,nan,,False,,nan,,,nan,nan,nan,,,,,,,,4.0367558586507833e-05,1.1827982838746312e-07,0.00713371478410668,4.0368473788414396e-05,1.1828000732050673e-07,0.007133714784106673,True,rollback,existing_selector_rollback,"[0.32922997557113304,0.0709979611538981,0.06899412361506241]","[3.037390499649726,14.084911506575349,14.493988003662627]",,"[0.32922997557006506,0.07099796115421869,0.0689941236147413]","[3.0373904996595784,14.084911506511748,14.493988003730085]",,270121934.399285,78.368247617999,270121935.01124233,78.36824744568187,direct_vp,direct_vp,False,[],False,1.0,nan,nan,,,nan,nan,nan,False,nan,,,False,,nan,nan,,,nan,nan,nan,False,nan,,,,False,nan,nan,force_ris_only,7.801508890209339e-05,0.0004139162325786964,3,decoupled_robust,legacy_multistart,0.0
fig5,oracle_init_vp,8,641399591,15.0,snr_db,15.0,3,3,3,3,full_6d,641399591,,,nan,,False,,32.72688082186505,4.036691287938095e-05,4.036691287938095e-05,1.1827960348270872e-07,7.791013797313214e-06,3.307449502131013e-14,0.007133714784106716,False,oracle_init_vp,global_exact_spherical_vp,,False,,adaptive_jones,cupy,True,0,cupy,cupy.linalg.solve,explicit,matrix_free,analytic_reduced_vp_explicit_gradient,False,matrix_free_cpu_only_gpu_backend,,0,0,0,0,,,,,,fixed_pol_anchor,False,,fixed_pol_anchor,nan,nan,nan,nan,False,3,4,3096725.458075429,3096804.680321649,"[0.32936911147320164,0.07102796560484215,0.06902328122499836]","[3.0361074100934125,14.078961596103445,14.48786528620952]","[2.125155562896539e-07,4.806990212851935e-08,6.681943286974402e-09]",oracle_init_vp,"[""oracle_truth_initialization""]",nan,,,nan,nan,nan,nan,,0.0,32.725270382128656,32.725270382128656,nan,nan,nan,nan,nan,nan,nan,,,nan,nan,nan,nan,nan,nan,nan,nan,nan,,,,nan,nan,nan,nan,nan,,False,,nan,,,nan,nan,nan,,,,,,,,nan,nan,nan,nan,nan,nan,False,,,,,,,,,nan,nan,nan,nan,,,,[],False,nan,nan,nan,,,nan,nan,nan,False,nan,,,False,,nan,nan,,,nan,nan,nan,False,nan,,,,False,nan,nan,,nan,nan,,,legacy_multistart,
fig5,direct_vp,11,3685333214,10.0,snr_db,10.0,3,3,3,3,full_6d,3685333214,,,nan,,False,,104.76902448106557,9.787245200791391e-06,9.787245200791391e-06,2.586067891153574e-07,4.163785033642666e-06,1.7966503987533848e-13,0.028631281807882734,False,direct_vp,global_exact_spherical_vp,proposed_post_stage1,False,0e7332d6d7841e8c,adaptive_jones,cpu,False,,legacy_least_squares,cpu,explicit,,legacy_least_squares_numerical,False,,,0,0,,,,,,,,fixed_pol_anchor,True,fixed_anchor_then_adaptive_jones_score_selection,fixed_pol_anchor,0.12245517032785741,3.297717562433253,1.4223002319579958,0.0,True,3,10,4160703.5240254398,4178935.573165835,"[3.297717562433253,0.12245517032785741,0.8467279631128769]","[0.30324003831875845,8.166253799839653,1.181016859680402]","[8.458072105806935e-07,2.8413344607261915e-07,1.9677001023500547e-07]",direct_vp,[],3091929.024219865,3096560,True,60008899.599144705,91.9698284954202,24.331573648235366,0.07496805751962679,"[5.152868313721691,4.989868587357651,4.998127339671981]",37.78369049704634,100.34256645687856,139.05188814806752,nan,nan,nan,nan,nan,nan,nan,,,nan,nan,nan,nan,nan,nan,nan,nan,nan,,,,nan,nan,nan,nan,nan,,False,,nan,,,nan,nan,nan,,,,,,,,9.787245200791391e-06,2.586067891153574e-07,0.028631281807882734,nan,nan,nan,False,not_run,not_requested,"[3.297717562433253,0.12245517032785741,0.8467279631128769]","[0.30324003831875845,8.166253799839653,1.181016859680402]","[8.458072105806935e-07,2.8413344607261915e-07,1.9677001023500547e-07]",,,,60008899.599144705,91.9698284954202,nan,nan,direct_vp,direct_vp,False,[],False,1.0,nan,nan,,,nan,nan,nan,False,nan,,,False,,nan,nan,,,nan,nan,nan,False,nan,,,,False,nan,nan,reliability_gated,nan,nan,,decoupled_robust,legacy_multistart,0.0
fig5,old_gated,11,3685333214,10.0,snr_db,10.0,3,3,3,3,full_6d,3685333214,,,nan,,False,,124.78972570598125,9.787245200791391e-06,9.787245200791391e-06,2.586067891153574e-07,4.163785033642666e-06,1.7966503987533848e-13,0.028631281807882734,False,direct_vp,global_exact_spherical_vp,main_single_proposed,True,14a03723afe66417,adaptive_jones,cpu,False,,legacy_least_squares,cpu,explicit,,legacy_least_squares_numerical,False,,,0,0,,,,,,,,fixed_pol_anchor,True,fixed_anchor_then_adaptive_jones_score_selection,fixed_pol_anchor,0.12245517032785741,3.297717562433253,1.4223002319579958,0.0,True,3,10,4160703.5240254398,4178935.573165835,"[3.297717562433253,0.12245517032785741,0.8467279631128769]","[0.30324003831875845,8.166253799839653,1.181016859680402]","[8.458072105806935e-07,2.8413344607261915e-07,1.9677001023500547e-07]",direct_vp,[],3091929.024219865,3096560,True,60008899.599144705,91.9698284954202,24.331573648235366,0.07496805751962679,"[5.152868313721691,4.989868587357651,4.998127339671981]",37.78369049704634,119.98769947583787,158.69702116702683,nan,nan,nan,nan,nan,nan,nan,,,nan,nan,nan,nan,nan,nan,nan,nan,nan,,,,nan,nan,nan,nan,nan,,False,,nan,,,nan,nan,nan,,,,,,,,9.787245200791391e-06,2.586067891153574e-07,0.028631281807882734,nan,nan,nan,False,not_run,not_requested,"[3.297717562433253,0.12245517032785741,0.8467279631128769]","[0.30324003831875845,8.166253799839653,1.181016859680402]","[8.458072105806935e-07,2.8413344607261915e-07,1.9677001023500547e-07]",,,,60008899.599144705,91.9698284954202,nan,nan,direct_vp,direct_vp,False,[],False,1.0,nan,nan,,,nan,nan,nan,False,nan,,,False,,nan,nan,,,nan,nan,nan,False,nan,,,,False,nan,nan,reliability_gated_ris_only,nan,nan,,decoupled_robust,legacy_multistart,0.0
fig5,adaptive_jones_vp_proposed,11,3685333214,10.0,snr_db,10.0,3,3,3,3,full_6d,3685333214,,,nan,,False,,130.52166301291436,9.787245200791391e-06,9.787245200791391e-06,2.586067891153574e-07,4.163785033642666e-06,1.7966503987533848e-13,0.028631281807882734,False,direct_vp,global_exact_spherical_vp,main_single_proposed,True,87037b62ef9dfdb5,adaptive_jones,cpu,False,,legacy_least_squares,cpu,explicit,,legacy_least_squares_numerical,False,,,0,0,,,,,,,,fixed_pol_anchor,True,fixed_anchor_then_adaptive_jones_score_selection,fixed_pol_anchor,0.12245517032785741,3.297717562433253,1.4223002319579958,0.0,True,3,10,4160703.5240254398,4178935.573165835,"[3.297717562433253,0.12245517032785741,0.8467279631128769]","[0.30324003831875845,8.166253799839653,1.181016859680402]","[8.458072105806935e-07,2.8413344607261915e-07,1.9677001023500547e-07]",direct_vp,[],3091929.024219865,3096560,True,60008899.599144705,91.9698284954202,24.331573648235366,0.07496805751962679,"[5.152868313721691,4.989868587357651,4.998127339671981]",37.78369049704634,125.52626852714457,164.23559021833353,nan,nan,nan,nan,nan,nan,nan,,,nan,nan,nan,nan,nan,nan,nan,nan,nan,,,,nan,nan,nan,nan,nan,,False,,nan,,,nan,nan,nan,,,,,,,,9.787245200791391e-06,2.586067891153574e-07,0.028631281807882734,nan,nan,nan,False,not_run,not_requested,"[3.297717562433253,0.12245517032785741,0.8467279631128769]","[0.30324003831875845,8.166253799839653,1.181016859680402]","[8.458072105806935e-07,2.8413344607261915e-07,1.9677001023500547e-07]",,,,60008899.599144705,91.9698284954202,nan,nan,direct_vp,direct_vp,False,[],True,1.0,0.0055999987441341555,0.0055999987441341555,2,data_only_efim_tau_crb,0.021602466572388897,2.1686540519023046e-05,2.1686540519023046e-05,True,0.005621685284653178,green,clock_green,False,ngc_green_skip_rescue,nan,nan,2,,nan,nan,nan,False,nan,,candidate_unavailable,ngc_green_skip_rescue,False,9.21034037197618,13.815510557964274,ngc_certified_ris_only,nan,nan,,decoupled_robust,legacy_multistart,0.0
fig5,force_rescue,11,3685333214,10.0,snr_db,10.0,3,3,3,3,full_6d,3685333214,,,nan,,False,,333.2676849998534,9.787245200791391e-06,9.787245200791391e-06,2.586067891153574e-07,4.163785033642666e-06,1.7966503987533848e-13,0.028631281807882734,False,direct_vp_rollback,global_exact_spherical_vp,main_single_proposed,True,13778debdd7e379d,adaptive_jones,cpu,False,,legacy_least_squares,cpu,explicit,,legacy_least_squares_numerical,False,,,0,0,,,,,,,,fixed_pol_anchor,True,fixed_anchor_then_adaptive_jones_score_selection,fixed_pol_anchor,0.12245517032785741,3.297717562433253,1.4223002319579958,0.0,True,3,10,4160703.5240254398,4178935.573165835,"[3.297717562433253,0.12245517032785741,0.8467279631128769]","[0.30324003831875845,8.166253799839653,1.181016859680402]","[8.458072105806935e-07,2.8413344607261915e-07,1.9677001023500547e-07]",jnpp_then_vp,[],3091929.024219865,3096560,True,60008899.599144705,91.9698284954202,24.331573648235366,0.07496805751962679,"[5.152868313721691,4.989868587357651,4.998127339671981]",37.78369049704634,148.56685160519555,187.2761732963845,nan,nan,nan,nan,nan,nan,nan,,,nan,nan,nan,nan,nan,nan,nan,nan,nan,,,,nan,nan,nan,nan,nan,,False,,nan,,,nan,nan,nan,,,,,,,,9.787245200791391e-06,2.586067891153574e-07,0.028631281807882734,9.792788953622241e-06,2.586071100927729e-07,0.028631281807882738,True,rollback,existing_selector_rollback,"[3.297717562433253,0.12245517032785741,0.8467279631128769]","[0.30324003831875845,8.166253799839653,1.181016859680402]","[8.458072105806935e-07,2.8413344607261915e-07,1.9677001023500547e-07]","[3.2977175720868046,0.12245517028460766,0.8467279636052825]","[0.30324003743107075,8.16625380272388,1.1810168589935943]","[6.34714063878329e-07,2.6055595819642117e-07,2.4605680568145624e-07]",60008899.599144705,91.9698284954202,60008897.18395493,91.9698321800545,direct_vp,direct_vp,False,[],False,1.0,nan,nan,,,nan,nan,nan,False,nan,,,False,,nan,nan,,,nan,nan,nan,False,nan,,,,False,nan,nan,force_ris_only,0.7000000237751245,0.006422704958758448,3,decoupled_robust,legacy_multistart,0.0
fig5,oracle_init_vp,11,3685333214,10.0,snr_db,10.0,3,3,3,3,full_6d,3685333214,,,nan,,False,,43.02001926396042,9.787688384339169e-06,9.787688384339169e-06,2.5860937397323235e-07,4.1642120952458075e-06,1.796626093720959e-13,0.028631281807882873,False,oracle_init_vp,global_exact_spherical_vp,,False,,adaptive_jones,cupy,True,0,cupy,cupy.linalg.solve,explicit,matrix_free,analytic_reduced_vp_explicit_gradient,False,matrix_free_cpu_only_gpu_backend,,0,0,0,0,,,,,,fixed_pol_anchor,False,,fixed_pol_anchor,nan,nan,nan,nan,False,3,4,3096725.458075429,3096777.791635732,"[3.244531175870935,0.12081599875584752,0.705396414718885]","[0.3082109388973043,8.277049482666127,1.4176425895187106]","[5.911918986657365e-08,2.1112108840422317e-08,1.1420340985779614e-07]",oracle_init_vp,"[""oracle_truth_initialization""]",nan,,,nan,nan,nan,nan,,0.0,43.01790023292415,43.01790023292415,nan,nan,nan,nan,nan,nan,nan,,,nan,nan,nan,nan,nan,nan,nan,nan,nan,,,,nan,nan,nan,nan,nan,,False,,nan,,,nan,nan,nan,,,,,,,,nan,nan,nan,nan,nan,nan,False,,,,,,,,,nan,nan,nan,nan,,,,[],False,nan,nan,nan,,,nan,nan,nan,False,nan,,,False,,nan,nan,,,nan,nan,nan,False,nan,,,,False,nan,nan,,nan,nan,,,legacy_multistart,
fig5,direct_vp,10,781873798,15.0,snr_db,15.0,3,3,3,3,full_6d,781873798,,,nan,,False,,58.162871153093874,4.071412009032464e-05,4.071412009032464e-05,1.3287541519163893e-07,3.622993903158451e-05,3.758284604790044e-14,0.006968404781905708,False,direct_vp,global_exact_spherical_vp,proposed_post_stage1,False,d6c13bf3957e9a6b,adaptive_jones,cpu,False,,legacy_least_squares,cpu,explicit,,legacy_least_squares_numerical,False,,,0,0,,,,,,,,fixed_pol_anchor,True,fixed_anchor_then_adaptive_jones_score_selection,fixed_pol_anchor,0.044201493041661696,1.1327399172859174,0.4335970572598764,0.0,True,3,4,3094418.6123864017,nan,"[0.12384976145205023,1.1327399172859174,0.044201493041661696]","[8.074298959284123,0.8828151853206521,22.623670179136607]",,direct_vp,[],3094269.154310973,3096560,True,257793224.1158408,81.19975164418928,83.88646897232366,0.009932095078420373,"[4.99868851185304,5.021267370819336,5.002132200278416]",32.92764617805369,52.81580760795623,86.68815406085923,nan,nan,nan,nan,nan,nan,nan,,,nan,nan,nan,nan,nan,nan,nan,nan,nan,,,,nan,nan,nan,nan,nan,,False,,nan,,,nan,nan,nan,,,,,,,,4.071412009032464e-05,1.3287541519163893e-07,0.006968404781905708,nan,nan,nan,False,not_run,not_requested,"[0.12384976145205023,1.1327399172859174,0.044201493041661696]","[8.074298959284123,0.8828151853206521,22.623670179136607]",,,,,257793224.1158408,81.19975164418928,nan,nan,direct_vp,direct_vp,False,[],False,1.0,nan,nan,,,nan,nan,nan,False,nan,,,False,,nan,nan,,,nan,nan,nan,False,nan,,,,False,nan,nan,reliability_gated,nan,nan,,decoupled_robust,legacy_multistart,0.0
fig5,old_gated,10,781873798,15.0,snr_db,15.0,3,3,3,3,full_6d,781873798,,,nan,,False,,54.46903411112726,4.071412009032464e-05,4.071412009032464e-05,1.3287541519163893e-07,3.622993903158451e-05,3.758284604790044e-14,0.006968404781905708,False,direct_vp,global_exact_spherical_vp,main_single_proposed,True,1fd238b95efeef7e,adaptive_jones,cpu,False,,legacy_least_squares,cpu,explicit,,legacy_least_squares_numerical,False,,,0,0,,,,,,,,fixed_pol_anchor,True,fixed_anchor_then_adaptive_jones_score_selection,fixed_pol_anchor,0.044201493041661696,1.1327399172859174,0.4335970572598764,0.0,True,3,4,3094418.6123864017,nan,"[0.12384976145205023,1.1327399172859174,0.044201493041661696]","[8.074298959284123,0.8828151853206521,22.623670179136607]",,direct_vp,[],3094269.154310973,3096560,True,257793224.1158408,81.19975164418928,83.88646897232366,0.009932095078420373,"[4.99868851185304,5.021267370819336,5.002132200278416]",32.92764617805369,49.54245033906773,83.41479679197073,nan,nan,nan,nan,nan,nan,nan,,,nan,nan,nan,nan,nan,nan,nan,nan,nan,,,,nan,nan,nan,nan,nan,,False,,nan,,,nan,nan,nan,,,,,,,,4.071412009032464e-05,1.3287541519163893e-07,0.006968404781905708,nan,nan,nan,False,not_run,not_requested,"[0.12384976145205023,1.1327399172859174,0.044201493041661696]","[8.074298959284123,0.8828151853206521,22.623670179136607]",,,,,257793224.1158408,81.19975164418928,nan,nan,direct_vp,direct_vp,False,[],False,1.0,nan,nan,,,nan,nan,nan,False,nan,,,False,,nan,nan,,,nan,nan,nan,False,nan,,,,False,nan,nan,reliability_gated_ris_only,nan,nan,,decoupled_robust,legacy_multistart,0.0
fig5,adaptive_jones_vp_proposed,10,781873798,15.0,snr_db,15.0,3,3,3,3,full_6d,781873798,,,nan,,False,,56.02835961407982,4.071412009032464e-05,4.071412009032464e-05,1.3287541519163893e-07,3.622993903158451e-05,3.758284604790044e-14,0.006968404781905708,False,direct_vp,global_exact_spherical_vp,main_single_proposed,True,48ed970a05fa890f,adaptive_jones,cpu,False,,legacy_least_squares,cpu,explicit,,legacy_least_squares_numerical,False,,,0,0,,,,,,,,fixed_pol_anchor,True,fixed_anchor_then_adaptive_jones_score_selection,fixed_pol_anchor,0.044201493041661696,1.1327399172859174,0.4335970572598764,0.0,True,3,4,3094418.6123864017,nan,"[0.12384976145205023,1.1327399172859174,0.044201493041661696]","[8.074298959284123,0.8828151853206521,22.623670179136607]",,direct_vp,[],3094269.154310973,3096560,True,257793224.1158408,81.19975164418928,83.88646897232366,0.009932095078420373,"[4.99868851185304,5.021267370819336,5.002132200278416]",32.92764617805369,51.208390512969345,85.08073696587235,nan,nan,nan,nan,nan,nan,nan,,,nan,nan,nan,nan,nan,nan,nan,nan,nan,,,,nan,nan,nan,nan,nan,,False,,nan,,,nan,nan,nan,,,,,,,,4.071412009032464e-05,1.3287541519163893e-07,0.006968404781905708,nan,nan,nan,False,not_run,not_requested,"[0.12384976145205023,1.1327399172859174,0.044201493041661696]","[8.074298959284123,0.8828151853206521,22.623670179136607]",,,,,257793224.1158408,81.19975164418928,nan,nan,direct_vp,direct_vp,False,[],True,1.0,8.090999891377106e-06,8.090999891377106e-06,2,data_only_efim_tau_crb,0.0008211272684231673,2.0240945986173107e-06,2.0240945986173107e-06,True,1.0115094489994416e-05,green,clock_green,False,ngc_green_skip_rescue,nan,nan,2,,nan,nan,nan,False,nan,,candidate_unavailable,ngc_green_skip_rescue,False,9.21034037197618,13.815510557964274,ngc_certified_ris_only,nan,nan,,decoupled_robust,legacy_multistart,0.0
fig5,force_rescue,10,781873798,15.0,snr_db,15.0,3,3,3,3,full_6d,781873798,,,nan,,False,,120.83601012500003,4.071412009032464e-05,4.071412009032464e-05,1.3287541519163893e-07,3.622993903158451e-05,3.758284604790044e-14,0.006968404781905708,False,direct_vp_rollback,global_exact_spherical_vp,main_single_proposed,True,12751420b24ae831,adaptive_jones,cpu,False,,legacy_least_squares,cpu,explicit,,legacy_least_squares_numerical,False,,,0,0,,,,,,,,fixed_pol_anchor,True,fixed_anchor_then_adaptive_jones_score_selection,fixed_pol_anchor,0.044201493041661696,1.1327399172859174,0.4335970572598764,0.0,True,3,4,3094418.6123864017,nan,"[0.12384976145205023,1.1327399172859174,0.044201493041661696]","[8.074298959284123,0.8828151853206521,22.623670179136607]",,jnpp_then_vp,[],3094269.154310973,3096560,True,257793224.1158408,81.19975164418928,83.88646897232366,0.009932095078420373,"[4.99868851185304,5.021267370819336,5.002132200278416]",32.92764617805369,52.33320228708908,86.20554873999208,nan,nan,nan,nan,nan,nan,nan,,,nan,nan,nan,nan,nan,nan,nan,nan,nan,,,,nan,nan,nan,nan,nan,,False,,nan,,,nan,nan,nan,,,,,,,,4.071412009032464e-05,1.3287541519163893e-07,0.006968404781905708,4.071414848589034e-05,1.3287475338858445e-07,0.006968404781905679,True,rollback,existing_selector_rollback,"[0.12384976145205023,1.1327399172859174,0.044201493041661696]","[8.074298959284123,0.8828151853206521,22.623670179136607]",,"[0.12384976145092565,1.1327399172988564,0.04420149304146953]","[8.07429895935744,0.882815185310568,22.62367017923496]",,257793224.1158408,81.19975164418928,257793224.31226525,81.19975157067624,direct_vp,direct_vp,False,[],False,1.0,nan,nan,,,nan,nan,nan,False,nan,,,False,,nan,nan,,,nan,nan,nan,False,nan,,,,False,nan,nan,force_ris_only,0.00010278448143215831,0.006907458928306232,3,decoupled_robust,legacy_multistart,0.0
fig5,oracle_init_vp,10,781873798,15.0,snr_db,15.0,3,3,3,3,full_6d,781873798,,,nan,,False,,32.8974980621133,4.071412491719659e-05,4.071412491719659e-05,1.3287524758914185e-07,3.6229807053047264e-05,3.7582537898736885e-14,0.006968404781905723,False,oracle_init_vp,global_exact_spherical_vp,,False,,adaptive_jones,cupy,True,0,cupy,cupy.linalg.solve,explicit,matrix_free,analytic_reduced_vp_explicit_gradient,False,matrix_free_cpu_only_gpu_backend,,0,0,0,0,,,,,,fixed_pol_anchor,False,,fixed_pol_anchor,nan,nan,nan,nan,False,3,4,3096725.458075429,3096798.302981413,"[0.12375749751566387,1.1318960639120867,0.04416856440578563]","[8.08031852674871,0.8834733434292931,22.640536622670176]","[1.1909683265731147e-08,3.327863734353081e-07,5.487662756346398e-08]",oracle_init_vp,"[""oracle_truth_initialization""]",nan,,,nan,nan,nan,nan,,0.0,32.895890176994726,32.895890176994726,nan,nan,nan,nan,nan,nan,nan,,,nan,nan,nan,nan,nan,nan,nan,nan,nan,,,,nan,nan,nan,nan,nan,,False,,nan,,,nan,nan,nan,,,,,,,,nan,nan,nan,nan,nan,nan,False,,,,,,,,,nan,nan,nan,nan,,,,[],False,nan,nan,nan,,,nan,nan,nan,False,nan,,,False,,nan,nan,,,nan,nan,nan,False,nan,,,,False,nan,nan,,nan,nan,,,legacy_multistart,
fig5,direct_vp,7,1914929603,15.0,snr_db,15.0,3,3,3,3,full_6d,1914929603,,,nan,,False,,76.99874714179896,7.417728131271378e-05,7.417728131271378e-05,1.6952824130294367e-07,4.133644473510774e-05,3.615545487837818e-14,0.023258241991992275,False,direct_vp,global_exact_spherical_vp,proposed_post_stage1,False,2dca4b10f360a648,adaptive_jones,cpu,False,,legacy_least_squares,cpu,explicit,,legacy_least_squares_numerical,False,,,0,0,,,,,,,,fixed_pol_anchor,True,fixed_anchor_then_adaptive_jones_score_selection,fixed_pol_anchor,0.04329429968845845,0.4686415425876969,0.2226566464409617,0.0,True,3,4,3094102.4691142896,nan,"[0.4686415425876969,0.1560340970467297,0.04329429968845845]","[2.1338270493004816,6.408855621475864,23.097728966535065]",,direct_vp,[],3093953.011038861,3096560,True,255774786.0491353,85.33042814704274,76.02735390944073,0.035011975582537276,"[4.927465166831789,4.9994986035332865,5.003788968326737]",49.00228738714941,69.9480843290221,119.85735277528875,nan,nan,nan,nan,nan,nan,nan,,,nan,nan,nan,nan,nan,nan,nan,nan,nan,,,,nan,nan,nan,nan,nan,,False,,nan,,,nan,nan,nan,,,,,,,,7.417728131271378e-05,1.6952824130294367e-07,0.023258241991992275,nan,nan,nan,False,not_run,not_requested,"[0.4686415425876969,0.1560340970467297,0.04329429968845845]","[2.1338270493004816,6.408855621475864,23.097728966535065]",,,,,255774786.0491353,85.33042814704274,nan,nan,direct_vp,direct_vp,False,[],False,1.0,nan,nan,,,nan,nan,nan,False,nan,,,False,,nan,nan,,,nan,nan,nan,False,nan,,,,False,nan,nan,reliability_gated,nan,nan,,decoupled_robust,legacy_multistart,0.0
fig5,old_gated,7,1914929603,15.0,snr_db,15.0,3,3,3,3,full_6d,1914929603,,,nan,,False,,76.28929443797097,7.417728131271378e-05,7.417728131271378e-05,1.6952824130294367e-07,4.133644473510774e-05,3.615545487837818e-14,0.023258241991992275,False,direct_vp,global_exact_spherical_vp,main_single_proposed,True,09a639233b610928,adaptive_jones,cpu,False,,legacy_least_squares,cpu,explicit,,legacy_least_squares_numerical,False,,,0,0,,,,,,,,fixed_pol_anchor,True,fixed_anchor_then_adaptive_jones_score_selection,fixed_pol_anchor,0.04329429968845845,0.4686415425876969,0.2226566464409617,0.0,True,3,4,3094102.4691142896,nan,"[0.4686415425876969,0.1560340970467297,0.04329429968845845]","[2.1338270493004816,6.408855621475864,23.097728966535065]",,direct_vp,[],3093953.011038861,3096560,True,255774786.0491353,85.33042814704274,76.02735390944073,0.035011975582537276,"[4.927465166831789,4.9994986035332865,5.003788968326737]",49.00228738714941,69.75789825012907,119.66716669639573,nan,nan,nan,nan,nan,nan,nan,,,nan,nan,nan,nan,nan,nan,nan,nan,nan,,,,nan,nan,nan,nan,nan,,False,,nan,,,nan,nan,nan,,,,,,,,7.417728131271378e-05,1.6952824130294367e-07,0.023258241991992275,nan,nan,nan,False,not_run,not_requested,"[0.4686415425876969,0.1560340970467297,0.04329429968845845]","[2.1338270493004816,6.408855621475864,23.097728966535065]",,,,,255774786.0491353,85.33042814704274,nan,nan,direct_vp,direct_vp,False,[],False,1.0,nan,nan,,,nan,nan,nan,False,nan,,,False,,nan,nan,,,nan,nan,nan,False,nan,,,,False,nan,nan,reliability_gated_ris_only,nan,nan,,decoupled_robust,legacy_multistart,0.0
fig5,adaptive_jones_vp_proposed,7,1914929603,15.0,snr_db,15.0,3,3,3,3,full_6d,1914929603,,,nan,,False,,68.99923003395088,7.417728131271378e-05,7.417728131271378e-05,1.6952824130294367e-07,4.133644473510774e-05,3.615545487837818e-14,0.023258241991992275,False,direct_vp,global_exact_spherical_vp,main_single_proposed,True,404de3967cc8def1,adaptive_jones,cpu,False,,legacy_least_squares,cpu,explicit,,legacy_least_squares_numerical,False,,,0,0,,,,,,,,fixed_pol_anchor,True,fixed_anchor_then_adaptive_jones_score_selection,fixed_pol_anchor,0.04329429968845845,0.4686415425876969,0.2226566464409617,0.0,True,3,4,3094102.4691142896,nan,"[0.4686415425876969,0.1560340970467297,0.04329429968845845]","[2.1338270493004816,6.408855621475864,23.097728966535065]",,direct_vp,[],3093953.011038861,3096560,True,255774786.0491353,85.33042814704274,76.02735390944073,0.035011975582537276,"[4.927465166831789,4.9994986035332865,5.003788968326737]",49.00228738714941,63.73969235201366,113.64896079828031,nan,nan,nan,nan,nan,nan,nan,,,nan,nan,nan,nan,nan,nan,nan,nan,nan,,,,nan,nan,nan,nan,nan,,False,,nan,,,nan,nan,nan,,,,,,,,7.417728131271378e-05,1.6952824130294367e-07,0.023258241991992275,nan,nan,nan,False,not_run,not_requested,"[0.4686415425876969,0.1560340970467297,0.04329429968845845]","[2.1338270493004816,6.408855621475864,23.097728966535065]",,,,,255774786.0491353,85.33042814704274,nan,nan,direct_vp,direct_vp,False,[],True,1.0,0.00029497811576686093,0.00029497811576686093,2,data_only_efim_tau_crb,0.004957974349191252,3.1343743407649996e-06,3.1343743407649996e-06,True,0.00029811249010762593,green,clock_green,False,ngc_green_skip_rescue,nan,nan,2,,nan,nan,nan,False,nan,,candidate_unavailable,ngc_green_skip_rescue,False,9.21034037197618,13.815510557964274,ngc_certified_ris_only,nan,nan,,decoupled_robust,legacy_multistart,0.0
fig5,force_rescue,7,1914929603,15.0,snr_db,15.0,3,3,3,3,full_6d,1914929603,,,nan,,False,,126.57848049001768,7.417728131271378e-05,7.417728131271378e-05,1.6952824130294367e-07,4.133644473510774e-05,3.615545487837818e-14,0.023258241991992275,False,direct_vp_rollback,global_exact_spherical_vp,main_single_proposed,True,f104a4ee54ffc412,adaptive_jones,cpu,False,,legacy_least_squares,cpu,explicit,,legacy_least_squares_numerical,False,,,0,0,,,,,,,,fixed_pol_anchor,True,fixed_anchor_then_adaptive_jones_score_selection,fixed_pol_anchor,0.04329429968845845,0.4686415425876969,0.2226566464409617,0.0,True,3,4,3094102.4691142896,nan,"[0.4686415425876969,0.1560340970467297,0.04329429968845845]","[2.1338270493004816,6.408855621475864,23.097728966535065]",,jnpp_then_vp,[],3093953.011038861,3096560,True,255774786.0491353,85.33042814704274,76.02735390944073,0.035011975582537276,"[4.927465166831789,4.9994986035332865,5.003788968326737]",49.00228738714941,52.395466446876526,102.30473489314318,nan,nan,nan,nan,nan,nan,nan,,,nan,nan,nan,nan,nan,nan,nan,nan,nan,,,,nan,nan,nan,nan,nan,,False,,nan,,,nan,nan,nan,,,,,,,,7.417728131271378e-05,1.6952824130294367e-07,0.023258241991992275,7.417652618081008e-05,1.695280117897432e-07,0.023258241991992258,True,rollback,existing_selector_rollback,"[0.4686415425876969,0.1560340970467297,0.04329429968845845]","[2.1338270493004816,6.408855621475864,23.097728966535065]",,"[0.4686415425870657,0.15603409704345977,0.04329429968846759]","[2.1338270493033558,6.4088556216101695,23.097728966530187]",,255774786.0491353,85.33042814704274,255774785.8962783,85.33042817662601,direct_vp,direct_vp,False,[],False,1.0,nan,nan,,,nan,nan,nan,False,nan,,,False,,nan,nan,,,nan,nan,nan,False,nan,,,,False,nan,nan,force_ris_only,0.00011045588556916627,0.0019789923124494484,3,decoupled_robust,legacy_multistart,0.0
fig5,oracle_init_vp,7,1914929603,15.0,snr_db,15.0,3,3,3,3,full_6d,1914929603,,,nan,,False,,33.05942582106218,7.417773770499525e-05,7.417773770499525e-05,1.6952862635221316e-07,4.1336695504517096e-05,3.61556099274209e-14,0.02325824199199223,False,oracle_init_vp,global_exact_spherical_vp,,False,,adaptive_jones,cupy,True,0,cupy,cupy.linalg.solve,explicit,matrix_free,analytic_reduced_vp_explicit_gradient,False,matrix_free_cpu_only_gpu_backend,,0,0,0,0,,,,,,fixed_pol_anchor,False,,fixed_pol_anchor,nan,nan,nan,nan,False,3,4,3096725.458075429,3096803.4767003427,"[0.46824457459141644,0.15590192664028482,0.043257626772993336]","[2.1356360634228757,6.414288915794871,23.11731074031732]","[1.2204838687737436e-07,1.3504690263635951e-07,2.7519878563784764e-08]",oracle_init_vp,"[""oracle_truth_initialization""]",nan,,,nan,nan,nan,nan,,0.0,33.05781441112049,33.05781441112049,nan,nan,nan,nan,nan,nan,nan,,,nan,nan,nan,nan,nan,nan,nan,nan,nan,,,,nan,nan,nan,nan,nan,,False,,nan,,,nan,nan,nan,,,,,,,,nan,nan,nan,nan,nan,nan,False,,,,,,,,,nan,nan,nan,nan,,,,[],False,nan,nan,nan,,,nan,nan,nan,False,nan,,,False,,nan,nan,,,nan,nan,nan,False,nan,,,,False,nan,nan,,nan,nan,,,legacy_multistart,
fig5,direct_vp,15,2734808712,15.0,snr_db,15.0,3,3,3,3,full_6d,2734808712,,,nan,,False,,45.30885593499988,7.256931699580473e-05,7.256931699580473e-05,1.4958295567924683e-07,3.093725142584702e-05,2.862704701770466e-13,0.0036508935504194974,False,direct_vp,global_exact_spherical_vp,proposed_post_stage1,False,e7f1c789e29c2842,adaptive_jones,cpu,False,,legacy_least_squares,cpu,explicit,,legacy_least_squares_numerical,False,,,0,0,,,,,,,,fixed_pol_anchor,True,fixed_anchor_then_adaptive_jones_score_selection,fixed_pol_anchor,0.06383758019677692,0.3500929433077736,0.16377578375406154,0.0,True,3,4,3099516.985414432,nan,"[0.3500929433077736,0.06383758019677692,0.07739682775763415]","[2.856384337688664,15.664754160754121,12.92042618505493]",,direct_vp,[],3099367.527339003,3096560,True,274439804.33595204,70.01588206660163,78.92945434914701,0.018717756968025266,"[4.970166756785952,5.010535513288551,5.009175787502533]",21.23783771810122,41.09133495390415,63.09585842094384,nan,nan,nan,nan,nan,nan,nan,,,nan,nan,nan,nan,nan,nan,nan,nan,nan,,,,nan,nan,nan,nan,nan,,False,,nan,,,nan,nan,nan,,,,,,,,7.256931699580473e-05,1.4958295567924683e-07,0.0036508935504194974,nan,nan,nan,False,not_run,not_requested,"[0.3500929433077736,0.06383758019677692,0.07739682775763415]","[2.856384337688664,15.664754160754121,12.92042618505493]",,,,,274439804.33595204,70.01588206660163,nan,nan,direct_vp,direct_vp,False,[],False,1.0,nan,nan,,,nan,nan,nan,False,nan,,,False,,nan,nan,,,nan,nan,nan,False,nan,,,,False,nan,nan,reliability_gated,nan,nan,,decoupled_robust,legacy_multistart,0.0
fig5,old_gated,15,2734808712,15.0,snr_db,15.0,3,3,3,3,full_6d,2734808712,,,nan,,False,,51.25105519709177,7.256931699580473e-05,7.256931699580473e-05,1.4958295567924683e-07,3.093725142584702e-05,2.862704701770466e-13,0.0036508935504194974,False,direct_vp,global_exact_spherical_vp,main_single_proposed,True,388c2666c569122c,adaptive_jones,cpu,False,,legacy_least_squares,cpu,explicit,,legacy_least_squares_numerical,False,,,0,0,,,,,,,,fixed_pol_anchor,True,fixed_anchor_then_adaptive_jones_score_selection,fixed_pol_anchor,0.06383758019677692,0.3500929433077736,0.16377578375406154,0.0,True,3,4,3099516.985414432,nan,"[0.3500929433077736,0.06383758019677692,0.07739682775763415]","[2.856384337688664,15.664754160754121,12.92042618505493]",,direct_vp,[],3099367.527339003,3096560,True,274439804.33595204,70.01588206660163,78.92945434914701,0.018717756968025266,"[4.970166756785952,5.010535513288551,5.009175787502533]",21.23783771810122,46.38832292892039,68.39284639596008,nan,nan,nan,nan,nan,nan,nan,,,nan,nan,nan,nan,nan,nan,nan,nan,nan,,,,nan,nan,nan,nan,nan,,False,,nan,,,nan,nan,nan,,,,,,,,7.256931699580473e-05,1.4958295567924683e-07,0.0036508935504194974,nan,nan,nan,False,not_run,not_requested,"[0.3500929433077736,0.06383758019677692,0.07739682775763415]","[2.856384337688664,15.664754160754121,12.92042618505493]",,,,,274439804.33595204,70.01588206660163,nan,nan,direct_vp,direct_vp,False,[],False,1.0,nan,nan,,,nan,nan,nan,False,nan,,,False,,nan,nan,,,nan,nan,nan,False,nan,,,,False,nan,nan,reliability_gated_ris_only,nan,nan,,decoupled_robust,legacy_multistart,0.0
fig5,adaptive_jones_vp_proposed,15,2734808712,15.0,snr_db,15.0,3,3,3,3,full_6d,2734808712,,,nan,,False,,58.00557275884785,7.256931699580473e-05,7.256931699580473e-05,1.4958295567924683e-07,3.093725142584702e-05,2.862704701770466e-13,0.0036508935504194974,False,direct_vp,global_exact_spherical_vp,main_single_proposed,True,788186c77c31bb92,adaptive_jones,cpu,False,,legacy_least_squares,cpu,explicit,,legacy_least_squares_numerical,False,,,0,0,,,,,,,,fixed_pol_anchor,True,fixed_anchor_then_adaptive_jones_score_selection,fixed_pol_anchor,0.06383758019677692,0.3500929433077736,0.16377578375406154,0.0,True,3,4,3099516.985414432,nan,"[0.3500929433077736,0.06383758019677692,0.07739682775763415]","[2.856384337688664,15.664754160754121,12.92042618505493]",,direct_vp,[],3099367.527339003,3096560,True,274439804.33595204,70.01588206660163,78.92945434914701,0.018717756968025266,"[4.970166756785952,5.010535513288551,5.009175787502533]",21.23783771810122,52.82721374812536,74.83173721516505,nan,nan,nan,nan,nan,nan,nan,,,nan,nan,nan,nan,nan,nan,nan,nan,nan,,,,nan,nan,nan,nan,nan,,False,,nan,,,nan,nan,nan,,,,,,,,7.256931699580473e-05,1.4958295567924683e-07,0.0036508935504194974,nan,nan,nan,False,not_run,not_requested,"[0.3500929433077736,0.06383758019677692,0.07739682775763415]","[2.856384337688664,15.664754160754121,12.92042618505493]",,,,,274439804.33595204,70.01588206660163,nan,nan,direct_vp,direct_vp,False,[],True,1.0,5.4241700338469344e-05,5.4241700338469344e-05,2,data_only_efim_tau_crb,0.0021260624861166345,2.224818371249198e-06,2.224818371249198e-06,True,5.646651870971854e-05,green,clock_green,False,ngc_green_skip_rescue,nan,nan,2,,nan,nan,nan,False,nan,,candidate_unavailable,ngc_green_skip_rescue,False,9.21034037197618,13.815510557964274,ngc_certified_ris_only,nan,nan,,decoupled_robust,legacy_multistart,0.0
fig5,force_rescue,15,2734808712,15.0,snr_db,15.0,3,3,3,3,full_6d,2734808712,,,nan,,False,,103.59725243388675,7.256931699580473e-05,7.256931699580473e-05,1.4958295567924683e-07,3.093725142584702e-05,2.862704701770466e-13,0.0036508935504194974,False,direct_vp_rollback,global_exact_spherical_vp,main_single_proposed,True,8b0a03469432e407,adaptive_jones,cpu,False,,legacy_least_squares,cpu,explicit,,legacy_least_squares_numerical,False,,,0,0,,,,,,,,fixed_pol_anchor,True,fixed_anchor_then_adaptive_jones_score_selection,fixed_pol_anchor,0.06383758019677692,0.3500929433077736,0.16377578375406154,0.0,True,3,4,3099516.985414432,nan,"[0.3500929433077736,0.06383758019677692,0.07739682775763415]","[2.856384337688664,15.664754160754121,12.92042618505493]",,jnpp_then_vp,[],3099367.527339003,3096560,True,274439804.33595204,70.01588206660163,78.92945434914701,0.018717756968025266,"[4.970166756785952,5.010535513288551,5.009175787502533]",21.23783771810122,42.18354749889113,64.18807096593082,nan,nan,nan,nan,nan,nan,nan,,,nan,nan,nan,nan,nan,nan,nan,nan,nan,,,,nan,nan,nan,nan,nan,,False,,nan,,,nan,nan,nan,,,,,,,,7.256931699580473e-05,1.4958295567924683e-07,0.0036508935504194974,7.256773451863209e-05,1.4958211003133783e-07,0.003650893550419511,True,rollback,existing_selector_rollback,"[0.3500929433077736,0.06383758019677692,0.07739682775763415]","[2.856384337688664,15.664754160754121,12.92042618505493]",,"[0.3500929432945277,0.06383758019634188,0.0773968277604134]","[2.856384337796736,15.664754160860875,12.920426184590971]",,274439804.33595204,70.01588206660163,274439805.58141065,70.01588174770254,direct_vp,direct_vp,False,[],False,1.0,nan,nan,,,nan,nan,nan,False,nan,,,False,,nan,nan,,,nan,nan,nan,False,nan,,,,False,nan,nan,force_ris_only,0.0001307657853948463,0.00015533604566975168,3,decoupled_robust,legacy_multistart,0.0
fig5,oracle_init_vp,15,2734808712,15.0,snr_db,15.0,3,3,3,3,full_6d,2734808712,,,nan,,False,,27.52799084293656,7.256924930418786e-05,7.256924930418786e-05,1.4958278805411505e-07,3.093720256092486e-05,2.8627019903608373e-13,0.003650893550419492,False,oracle_init_vp,global_exact_spherical_vp,,False,,adaptive_jones,cupy,True,0,cupy,cupy.linalg.solve,explicit,matrix_free,analytic_reduced_vp_explicit_gradient,False,matrix_free_cpu_only_gpu_backend,,0,0,0,0,,,,,,fixed_pol_anchor,False,,fixed_pol_anchor,nan,nan,nan,nan,False,3,4,3096725.458075429,3096808.742697895,"[0.35040854802884136,0.06389512903474918,0.07746660009980785]","[2.8538116596326346,15.650645285591159,12.908789061499071]","[7.938321765055459e-09,3.4844153388776997e-09,9.921808357438113e-08]",oracle_init_vp,"[""oracle_truth_initialization""]",nan,,,nan,nan,nan,nan,,0.0,27.526325640967116,27.526325640967116,nan,nan,nan,nan,nan,nan,nan,,,nan,nan,nan,nan,nan,nan,nan,nan,nan,,,,nan,nan,nan,nan,nan,,False,,nan,,,nan,nan,nan,,,,,,,,nan,nan,nan,nan,nan,nan,False,,,,,,,,,nan,nan,nan,nan,,,,[],False,nan,nan,nan,,,nan,nan,nan,False,nan,,,False,,nan,nan,,,nan,nan,nan,False,nan,,,,False,nan,nan,,nan,nan,,,legacy_multistart,
fig5,direct_vp,17,2127997378,15.0,snr_db,15.0,3,3,3,3,full_6d,2127997378,,,nan,,False,,53.90687274909578,5.4344679667101815e-05,5.4344679667101815e-05,1.7503418803796968e-07,4.970471541571063e-06,4.2351317372373984e-14,0.012664497147008685,False,direct_vp,global_exact_spherical_vp,proposed_post_stage1,False,31ff49819516029c,adaptive_jones,cpu,False,,legacy_least_squares,cpu,explicit,,legacy_least_squares_numerical,False,,,0,0,,,,,,,,fixed_pol_anchor,True,fixed_anchor_then_adaptive_jones_score_selection,fixed_pol_anchor,0.05252933850401638,0.1858257459211549,0.1257910925688398,0.0,True,3,4,3100097.2854235466,nan,"[0.13901819328134815,0.05252933850401638,0.1858257459211549]","[7.193303095056332,19.036980637467725,5.381385636542044]",,direct_vp,[],3099947.8273481177,3096560,True,205348300.65803063,83.31253943242996,76.67035103957947,0.023465693535229055,"[4.994536493023472,4.989597780327979,5.041661302830479]",25.25084643694572,49.45465688803233,76.07095932099037,nan,nan,nan,nan,nan,nan,nan,,,nan,nan,nan,nan,nan,nan,nan,nan,nan,,,,nan,nan,nan,nan,nan,,False,,nan,,,nan,nan,nan,,,,,,,,5.4344679667101815e-05,1.7503418803796968e-07,0.012664497147008685,nan,nan,nan,False,not_run,not_requested,"[0.13901819328134815,0.05252933850401638,0.1858257459211549]","[7.193303095056332,19.036980637467725,5.381385636542044]",,,,,205348300.65803063,83.31253943242996,nan,nan,direct_vp,direct_vp,False,[],False,1.0,nan,nan,,,nan,nan,nan,False,nan,,,False,,nan,nan,,,nan,nan,nan,False,nan,,,,False,nan,nan,reliability_gated,nan,nan,,decoupled_robust,legacy_multistart,0.0
fig5,old_gated,17,2127997378,15.0,snr_db,15.0,3,3,3,3,full_6d,2127997378,,,nan,,False,,45.522823757026345,5.4344679667101815e-05,5.4344679667101815e-05,1.7503418803796968e-07,4.970471541571063e-06,4.2351317372373984e-14,0.012664497147008685,False,direct_vp,global_exact_spherical_vp,main_single_proposed,True,96bb7e1477e5b5b4,adaptive_jones,cpu,False,,legacy_least_squares,cpu,explicit,,legacy_least_squares_numerical,False,,,0,0,,,,,,,,fixed_pol_anchor,True,fixed_anchor_then_adaptive_jones_score_selection,fixed_pol_anchor,0.05252933850401638,0.1858257459211549,0.1257910925688398,0.0,True,3,4,3100097.2854235466,nan,"[0.13901819328134815,0.05252933850401638,0.1858257459211549]","[7.193303095056332,19.036980637467725,5.381385636542044]",,direct_vp,[],3099947.8273481177,3096560,True,205348300.65803063,83.31253943242996,76.67035103957947,0.023465693535229055,"[4.994536493023472,4.989597780327979,5.041661302830479]",25.25084643694572,41.72303115995601,68.33933359291404,nan,nan,nan,nan,nan,nan,nan,,,nan,nan,nan,nan,nan,nan,nan,nan,nan,,,,nan,nan,nan,nan,nan,,False,,nan,,,nan,nan,nan,,,,,,,,5.4344679667101815e-05,1.7503418803796968e-07,0.012664497147008685,nan,nan,nan,False,not_run,not_requested,"[0.13901819328134815,0.05252933850401638,0.1858257459211549]","[7.193303095056332,19.036980637467725,5.381385636542044]",,,,,205348300.65803063,83.31253943242996,nan,nan,direct_vp,direct_vp,False,[],False,1.0,nan,nan,,,nan,nan,nan,False,nan,,,False,,nan,nan,,,nan,nan,nan,False,nan,,,,False,nan,nan,reliability_gated_ris_only,nan,nan,,decoupled_robust,legacy_multistart,0.0
fig5,adaptive_jones_vp_proposed,17,2127997378,15.0,snr_db,15.0,3,3,3,3,full_6d,2127997378,,,nan,,False,,44.68989500706084,5.4344679667101815e-05,5.4344679667101815e-05,1.7503418803796968e-07,4.970471541571063e-06,4.2351317372373984e-14,0.012664497147008685,False,direct_vp,global_exact_spherical_vp,main_single_proposed,True,e6be7fc093a2c306,adaptive_jones,cpu,False,,legacy_least_squares,cpu,explicit,,legacy_least_squares_numerical,False,,,0,0,,,,,,,,fixed_pol_anchor,True,fixed_anchor_then_adaptive_jones_score_selection,fixed_pol_anchor,0.05252933850401638,0.1858257459211549,0.1257910925688398,0.0,True,3,4,3100097.2854235466,nan,"[0.13901819328134815,0.05252933850401638,0.1858257459211549]","[7.193303095056332,19.036980637467725,5.381385636542044]",,direct_vp,[],3099947.8273481177,3096560,True,205348300.65803063,83.31253943242996,76.67035103957947,0.023465693535229055,"[4.994536493023472,4.989597780327979,5.041661302830479]",25.25084643694572,40.56798077118583,67.18428320414387,nan,nan,nan,nan,nan,nan,nan,,,nan,nan,nan,nan,nan,nan,nan,nan,nan,,,,nan,nan,nan,nan,nan,,False,,nan,,,nan,nan,nan,,,,,,,,5.4344679667101815e-05,1.7503418803796968e-07,0.012664497147008685,nan,nan,nan,False,not_run,not_requested,"[0.13901819328134815,0.05252933850401638,0.1858257459211549]","[7.193303095056332,19.036980637467725,5.381385636542044]",,,,,205348300.65803063,83.31253943242996,nan,nan,direct_vp,direct_vp,False,[],True,1.0,0.00015945879505567192,0.00015945879505567192,2,data_only_efim_tau_crb,0.003645302857281682,2.4906303457828717e-06,2.4906303457828717e-06,True,0.0001619494254014548,green,clock_green,False,ngc_green_skip_rescue,nan,nan,2,,nan,nan,nan,False,nan,,candidate_unavailable,ngc_green_skip_rescue,False,9.21034037197618,13.815510557964274,ngc_certified_ris_only,nan,nan,,decoupled_robust,legacy_multistart,0.0
fig5,force_rescue,17,2127997378,15.0,snr_db,15.0,3,3,3,3,full_6d,2127997378,,,nan,,False,,98.11324963299558,5.4344679667101815e-05,5.4344679667101815e-05,1.7503418803796968e-07,4.970471541571063e-06,4.2351317372373984e-14,0.012664497147008685,False,direct_vp_rollback,global_exact_spherical_vp,main_single_proposed,True,af17bdfb744666bb,adaptive_jones,cpu,False,,legacy_least_squares,cpu,explicit,,legacy_least_squares_numerical,False,,,0,0,,,,,,,,fixed_pol_anchor,True,fixed_anchor_then_adaptive_jones_score_selection,fixed_pol_anchor,0.05252933850401638,0.1858257459211549,0.1257910925688398,0.0,True,3,4,3100097.2854235466,nan,"[0.13901819328134815,0.05252933850401638,0.1858257459211549]","[7.193303095056332,19.036980637467725,5.381385636542044]",,jnpp_then_vp,[],3099947.8273481177,3096560,True,205348300.65803063,83.31253943242996,76.67035103957947,0.023465693535229055,"[4.994536493023472,4.989597780327979,5.041661302830479]",25.25084643694572,39.57621972612105,66.19252215907909,nan,nan,nan,nan,nan,nan,nan,,,nan,nan,nan,nan,nan,nan,nan,nan,nan,,,,nan,nan,nan,nan,nan,,False,,nan,,,nan,nan,nan,,,,,,,,5.4344679667101815e-05,1.7503418803796968e-07,0.012664497147008685,5.434595392444876e-05,1.750345156787704e-07,0.012664497147008591,True,rollback,existing_selector_rollback,"[0.13901819328134815,0.05252933850401638,0.1858257459211549]","[7.193303095056332,19.036980637467725,5.381385636542044]",,"[0.13901819328283815,0.05252933850441808,0.18582574591861076]","[7.193303094979233,19.036980637322145,5.38138563661572]",,205348300.65803063,83.31253943242996,205348301.76102462,83.31253898335743,direct_vp,direct_vp,False,[],False,1.0,nan,nan,,,nan,nan,nan,False,nan,,,False,,nan,nan,,,nan,nan,nan,False,nan,,,,False,nan,nan,force_ris_only,3.4079861621835224e-05,0.005235552898924459,3,decoupled_robust,legacy_multistart,0.0
fig5,oracle_init_vp,17,2127997378,15.0,snr_db,15.0,3,3,3,3,full_6d,2127997378,,,nan,,False,,27.168265765998513,5.4345937388561035e-05,5.4345937388561035e-05,1.750344529648386e-07,4.970581497940052e-06,4.2351358158434905e-14,0.012664497147008664,False,oracle_init_vp,global_exact_spherical_vp,,False,,adaptive_jones,cupy,True,0,cupy,cupy.linalg.solve,explicit,matrix_free,analytic_reduced_vp_explicit_gradient,False,matrix_free_cpu_only_gpu_backend,,0,0,0,0,,,,,,fixed_pol_anchor,False,,fixed_pol_anchor,nan,nan,nan,nan,False,3,4,3096725.458075429,3096807.1398019786,"[0.13916956865522886,0.05258653711974697,0.18602808951809588]","[7.185478906507259,19.0162740269968,5.3755322789709075]","[2.827402595383893e-08,1.6546079035615175e-08,1.8654415179665452e-07]",oracle_init_vp,"[""oracle_truth_initialization""]",nan,,,nan,nan,nan,nan,,0.0,27.166805570945144,27.166805570945144,nan,nan,nan,nan,nan,nan,nan,,,nan,nan,nan,nan,nan,nan,nan,nan,nan,,,,nan,nan,nan,nan,nan,,False,,nan,,,nan,nan,nan,,,,,,,,nan,nan,nan,nan,nan,nan,False,,,,,,,,,nan,nan,nan,nan,,,,[],False,nan,nan,nan,,,nan,nan,nan,False,nan,,,False,,nan,nan,,,nan,nan,nan,False,nan,,,,False,nan,nan,,nan,nan,,,legacy_multistart,
fig5,direct_vp,13,634888206,15.0,snr_db,15.0,3,3,3,3,full_6d,634888206,,,nan,,False,,57.9322668609675,8.960239729661764e-05,8.960239729661764e-05,1.3143915059039592e-07,2.344472699452254e-05,1.235231424158246e-13,0.006465740911963194,False,direct_vp,global_exact_spherical_vp,proposed_post_stage1,False,30dc3ed3446935f4,adaptive_jones,cpu,False,,legacy_least_squares,cpu,explicit,,legacy_least_squares_numerical,False,,,0,0,,,,,,,,fixed_pol_anchor,True,fixed_anchor_then_adaptive_jones_score_selection,fixed_pol_anchor,0.0537962607075364,0.8177545848900358,0.3189343274502871,0.0,True,3,4,3095329.054407105,nan,"[0.0537962607075364,0.8177545848900358,0.08525213675328913]","[18.588652572647206,1.2228607683485542,11.7299112735885]",,direct_vp,[],3095179.596331676,3096560,True,238471332.36460045,80.71527840594159,111.77990399364862,0.014373713457211671,"[5.001792853023334,5.03624372639131,5.025308708343064]",25.7028042699676,52.717346156947315,79.4237775108777,nan,nan,nan,nan,nan,nan,nan,,,nan,nan,nan,nan,nan,nan,nan,nan,nan,,,,nan,nan,nan,nan,nan,,False,,nan,,,nan,nan,nan,,,,,,,,8.960239729661764e-05,1.3143915059039592e-07,0.006465740911963194,nan,nan,nan,False,not_run,not_requested,"[0.0537962607075364,0.8177545848900358,0.08525213675328913]","[18.588652572647206,1.2228607683485542,11.7299112735885]",,,,,238471332.36460045,80.71527840594159,nan,nan,direct_vp,direct_vp,False,[],False,1.0,nan,nan,,,nan,nan,nan,False,nan,,,False,,nan,nan,,,nan,nan,nan,False,nan,,,,False,nan,nan,reliability_gated,nan,nan,,decoupled_robust,legacy_multistart,0.0
fig5,old_gated,13,634888206,15.0,snr_db,15.0,3,3,3,3,full_6d,634888206,,,nan,,False,,57.62901685293764,8.960239729661764e-05,8.960239729661764e-05,1.3143915059039592e-07,2.344472699452254e-05,1.235231424158246e-13,0.006465740911963194,False,direct_vp,global_exact_spherical_vp,main_single_proposed,True,46831a366c46091e,adaptive_jones,cpu,False,,legacy_least_squares,cpu,explicit,,legacy_least_squares_numerical,False,,,0,0,,,,,,,,fixed_pol_anchor,True,fixed_anchor_then_adaptive_jones_score_selection,fixed_pol_anchor,0.0537962607075364,0.8177545848900358,0.3189343274502871,0.0,True,3,4,3095329.054407105,nan,"[0.0537962607075364,0.8177545848900358,0.08525213675328913]","[18.588652572647206,1.2228607683485542,11.7299112735885]",,direct_vp,[],3095179.596331676,3096560,True,238471332.36460045,80.71527840594159,111.77990399364862,0.014373713457211671,"[5.001792853023334,5.03624372639131,5.025308708343064]",25.7028042699676,53.0661263379734,79.77255769190378,nan,nan,nan,nan,nan,nan,nan,,,nan,nan,nan,nan,nan,nan,nan,nan,nan,,,,nan,nan,nan,nan,nan,,False,,nan,,,nan,nan,nan,,,,,,,,8.960239729661764e-05,1.3143915059039592e-07,0.006465740911963194,nan,nan,nan,False,not_run,not_requested,"[0.0537962607075364,0.8177545848900358,0.08525213675328913]","[18.588652572647206,1.2228607683485542,11.7299112735885]",,,,,238471332.36460045,80.71527840594159,nan,nan,direct_vp,direct_vp,False,[],False,1.0,nan,nan,,,nan,nan,nan,False,nan,,,False,,nan,nan,,,nan,nan,nan,False,nan,,,,False,nan,nan,reliability_gated_ris_only,nan,nan,,decoupled_robust,legacy_multistart,0.0
fig5,adaptive_jones_vp_proposed,13,634888206,15.0,snr_db,15.0,3,3,3,3,full_6d,634888206,,,nan,,False,,57.7961348539684,8.960239729661764e-05,8.960239729661764e-05,1.3143915059039592e-07,2.344472699452254e-05,1.235231424158246e-13,0.006465740911963194,False,direct_vp,global_exact_spherical_vp,main_single_proposed,True,d759b55419c4f146,adaptive_jones,cpu,False,,legacy_least_squares,cpu,explicit,,legacy_least_squares_numerical,False,,,0,0,,,,,,,,fixed_pol_anchor,True,fixed_anchor_then_adaptive_jones_score_selection,fixed_pol_anchor,0.0537962607075364,0.8177545848900358,0.3189343274502871,0.0,True,3,4,3095329.054407105,nan,"[0.0537962607075364,0.8177545848900358,0.08525213675328913]","[18.588652572647206,1.2228607683485542,11.7299112735885]",,direct_vp,[],3095179.596331676,3096560,True,238471332.36460045,80.71527840594159,111.77990399364862,0.014373713457211671,"[5.001792853023334,5.03624372639131,5.025308708343064]",25.7028042699676,52.79720834409818,79.50363969802856,nan,nan,nan,nan,nan,nan,nan,,,nan,nan,nan,nan,nan,nan,nan,nan,nan,,,,nan,nan,nan,nan,nan,,False,,nan,,,nan,nan,nan,,,,,,,,8.960239729661764e-05,1.3143915059039592e-07,0.006465740911963194,nan,nan,nan,False,not_run,not_requested,"[0.0537962607075364,0.8177545848900358,0.08525213675328913]","[18.588652572647206,1.2228607683485542,11.7299112735885]",,,,,238471332.36460045,80.71527840594159,nan,nan,direct_vp,direct_vp,False,[],True,1.0,5.808158371280453e-05,5.808158371280453e-05,2,data_only_efim_tau_crb,0.0022000299943562237,1.626314382916384e-06,1.626314382916384e-06,True,5.970789809572091e-05,green,clock_green,False,ngc_green_skip_rescue,nan,nan,2,,nan,nan,nan,False,nan,,candidate_unavailable,ngc_green_skip_rescue,False,9.21034037197618,13.815510557964274,ngc_certified_ris_only,nan,nan,,decoupled_robust,legacy_multistart,0.0
fig5,force_rescue,13,634888206,15.0,snr_db,15.0,3,3,3,3,full_6d,634888206,,,nan,,False,,139.62443395284936,8.960239729661764e-05,8.960239729661764e-05,1.3143915059039592e-07,2.344472699452254e-05,1.235231424158246e-13,0.006465740911963194,False,direct_vp_rollback,global_exact_spherical_vp,main_single_proposed,True,56629d6789c76613,adaptive_jones,cpu,False,,legacy_least_squares,cpu,explicit,,legacy_least_squares_numerical,False,,,0,0,,,,,,,,fixed_pol_anchor,True,fixed_anchor_then_adaptive_jones_score_selection,fixed_pol_anchor,0.0537962607075364,0.8177545848900358,0.3189343274502871,0.0,True,3,4,3095329.054407105,nan,"[0.0537962607075364,0.8177545848900358,0.08525213675328913]","[18.588652572647206,1.2228607683485542,11.7299112735885]",,jnpp_then_vp,[],3095179.596331676,3096560,True,238471332.36460045,80.71527840594159,111.77990399364862,0.014373713457211671,"[5.001792853023334,5.03624372639131,5.025308708343064]",25.7028042699676,53.02017668518238,79.72660803911276,nan,nan,nan,nan,nan,nan,nan,,,nan,nan,nan,nan,nan,nan,nan,nan,nan,,,,nan,nan,nan,nan,nan,,False,,nan,,,nan,nan,nan,,,,,,,,8.960239729661764e-05,1.3143915059039592e-07,0.006465740911963194,8.96027997611984e-05,1.3143929572176832e-07,0.006465740911963175,True,rollback,existing_selector_rollback,"[0.0537962607075364,0.8177545848900358,0.08525213675328913]","[18.588652572647206,1.2228607683485542,11.7299112735885]",,"[0.053796260707246094,0.817754584902288,0.08525213675274788]","[18.588652572747517,1.2228607683302324,11.729911273662971]",,238471332.36460045,80.71527840594159,238471332.6305634,80.71527830977381,direct_vp,direct_vp,False,[],False,1.0,nan,nan,,,nan,nan,nan,False,nan,,,False,,nan,nan,,,nan,nan,nan,False,nan,,,,False,nan,nan,force_ris_only,7.366859093451642e-05,0.012207789409693083,3,decoupled_robust,legacy_multistart,0.0
fig5,oracle_init_vp,13,634888206,15.0,snr_db,15.0,3,3,3,3,full_6d,634888206,,,nan,,False,,33.04997024289332,8.960168990499065e-05,8.960168990499065e-05,1.3143876169306782e-07,2.3444683329297028e-05,1.235228955279979e-13,0.0064657409119632395,False,oracle_init_vp,global_exact_spherical_vp,,False,,adaptive_jones,cupy,True,0,cupy,cupy.linalg.solve,explicit,matrix_free,analytic_reduced_vp_explicit_gradient,False,matrix_free_cpu_only_gpu_backend,,0,0,0,0,,,,,,fixed_pol_anchor,False,,fixed_pol_anchor,nan,nan,nan,nan,False,3,4,3096725.458075429,3096801.3461222756,"[0.05377200123668471,0.8173858177463601,0.0852136922276748]","[18.59703892362703,1.2234124672682891,11.735203273766201]","[1.963990292933028e-08,2.59584519970555e-07,6.074903888410965e-08]",oracle_init_vp,"[""oracle_truth_initialization""]",nan,,,nan,nan,nan,nan,,0.0,33.04832422500476,33.04832422500476,nan,nan,nan,nan,nan,nan,nan,,,nan,nan,nan,nan,nan,nan,nan,nan,nan,,,,nan,nan,nan,nan,nan,,False,,nan,,,nan,nan,nan,,,,,,,,nan,nan,nan,nan,nan,nan,False,,,,,,,,,nan,nan,nan,nan,,,,[],False,nan,nan,nan,,,nan,nan,nan,False,nan,,,False,,nan,nan,,,nan,nan,nan,False,nan,,,,False,nan,nan,,nan,nan,,,legacy_multistart,
fig5,direct_vp,16,1080178429,10.0,snr_db,10.0,3,3,3,3,full_6d,1080178429,,,nan,,False,,136.3078976648394,2.6829662192738706e-05,2.6829662192738706e-05,1.8706082276225662e-07,2.2363894586780344e-05,3.1509326240690274e-13,0.04809288949773857,False,direct_vp,global_exact_spherical_vp,proposed_post_stage1,False,3593ee9bf1aab275,adaptive_jones,cpu,False,,legacy_least_squares,cpu,explicit,,legacy_least_squares_numerical,False,,,0,0,,,,,,,,fixed_pol_anchor,True,fixed_anchor_then_adaptive_jones_score_selection,fixed_pol_anchor,0.19953911032868002,18.791683778521314,6.424739931410691,0.0,True,3,10,7404537.4141822,7421914.740994351,"[0.2829969053820795,18.791683778521314,0.19953911032868002]","[3.53360754475247,0.053215029146254436,5.011548855523133]","[6.91247115959229e-08,4.0600735310455293e-07,6.45031653152867e-09]",jnpp_then_vp,[],3100975.1300499686,3096560,False,85943358.47616565,87.53701841618452,22.164772846311546,0.06163154292721956,"[5.012217850571826,5.112425929576532,4.964537599143613]",27.360481481067836,131.98126559401862,160.36342290602624,nan,nan,nan,nan,nan,nan,nan,,,nan,nan,nan,nan,nan,nan,nan,nan,nan,,,,nan,nan,nan,nan,nan,,False,,nan,,,nan,nan,nan,,,,,,,,2.6829662192738706e-05,1.8706082276225662e-07,0.04809288949773857,nan,nan,nan,False,not_run,not_requested,"[0.2829969053820795,18.791683778521314,0.19953911032868002]","[3.53360754475247,0.053215029146254436,5.011548855523133]","[6.91247115959229e-08,4.0600735310455293e-07,6.45031653152867e-09]",,,,85943358.47616565,87.53701841618452,nan,nan,direct_vp,jnpp_then_vp,False,[],False,1.0,nan,nan,,,nan,nan,nan,False,nan,,,False,,nan,nan,,,nan,nan,nan,False,nan,,,,False,nan,nan,reliability_gated,nan,nan,,decoupled_robust,legacy_multistart,0.0
fig5,old_gated,16,1080178429,10.0,snr_db,10.0,3,3,3,3,full_6d,1080178429,,,nan,,False,,232.59888152289204,2.6829662192738706e-05,2.6829662192738706e-05,1.8706082276225662e-07,2.2363894586780344e-05,3.1509326240690274e-13,0.04809288949773857,False,direct_vp_rollback,global_exact_spherical_vp,main_single_proposed,True,77a762c76bc80cdf,adaptive_jones,cpu,False,,legacy_least_squares,cpu,explicit,,legacy_least_squares_numerical,False,,,0,0,,,,,,,,fixed_pol_anchor,True,fixed_anchor_then_adaptive_jones_score_selection,fixed_pol_anchor,0.19953911032868002,18.791683778521314,6.424739931410691,0.0,True,3,10,7404537.4141822,7421914.740994351,"[0.2829969053820795,18.791683778521314,0.19953911032868002]","[3.53360754475247,0.053215029146254436,5.011548855523133]","[6.91247115959229e-08,4.0600735310455293e-07,6.45031653152867e-09]",jnpp_then_vp,[],3100975.1300499686,3096560,False,85943358.47616565,87.53701841618452,22.164772846311546,0.06163154292721956,"[5.012217850571826,5.112425929576532,4.964537599143613]",27.360481481067836,106.65884482697584,135.04100213898346,nan,nan,nan,nan,nan,nan,nan,,,nan,nan,nan,nan,nan,nan,nan,nan,nan,,,,nan,nan,nan,nan,nan,,False,,nan,,,nan,nan,nan,,,,,,,,2.6829662192738706e-05,1.8706082276225662e-07,0.04809288949773857,2.6830364670014213e-05,1.870610629809355e-07,0.04809288949773848,True,rollback,existing_selector_rollback,"[0.2829969053820795,18.791683778521314,0.19953911032868002]","[3.53360754475247,0.053215029146254436,5.011548855523133]","[6.91247115959229e-08,4.0600735310455293e-07,6.45031653152867e-09]","[0.282996905018355,18.7916832280839,0.19953911037589586]","[3.533607549294073,0.05321503070500479,5.011548854337278]","[6.567626101134178e-08,4.130603273783491e-07,2.4625285725476814e-09]",85943358.47616565,87.53701841618452,85943358.40303184,87.53701851744697,direct_vp,jnpp_then_vp,False,[],False,1.0,nan,nan,,,nan,nan,nan,False,nan,,,False,,nan,nan,,,nan,nan,nan,False,nan,,,,False,nan,nan,reliability_gated_ris_only,0.7000021958180884,0.017776683250644458,3,decoupled_robust,legacy_multistart,0.0
fig5,adaptive_jones_vp_proposed,16,1080178429,10.0,snr_db,10.0,3,3,3,3,full_6d,1080178429,,,nan,,False,,139.09809455904178,2.6829662192738706e-05,2.6829662192738706e-05,1.8706082276225662e-07,2.2363894586780344e-05,3.1509326240690274e-13,0.04809288949773857,False,direct_vp,global_exact_spherical_vp,main_single_proposed,True,465db857339d31fc,adaptive_jones,cpu,False,,legacy_least_squares,cpu,explicit,,legacy_least_squares_numerical,False,,,0,0,,,,,,,,fixed_pol_anchor,True,fixed_anchor_then_adaptive_jones_score_selection,fixed_pol_anchor,0.19953911032868002,18.791683778521314,6.424739931410691,0.0,True,3,10,7404537.4141822,7421914.740994351,"[0.2829969053820795,18.791683778521314,0.19953911032868002]","[3.53360754475247,0.053215029146254436,5.011548855523133]","[6.91247115959229e-08,4.0600735310455293e-07,6.45031653152867e-09]",direct_vp,[],3100975.1300499686,3096560,False,85943358.47616565,87.53701841618452,22.164772846311546,0.06163154292721956,"[5.012217850571826,5.112425929576532,4.964537599143613]",27.360481481067836,133.99405206600204,162.37620937800966,nan,nan,nan,nan,nan,nan,nan,,,nan,nan,nan,nan,nan,nan,nan,nan,nan,,,,nan,nan,nan,nan,nan,,False,,nan,,,nan,nan,nan,,,,,,,,2.6829662192738706e-05,1.8706082276225662e-07,0.04809288949773857,nan,nan,nan,False,not_run,not_requested,"[0.2829969053820795,18.791683778521314,0.19953911032868002]","[3.53360754475247,0.053215029146254436,5.011548855523133]","[6.91247115959229e-08,4.0600735310455293e-07,6.45031653152867e-09]",,,,85943358.47616565,87.53701841618452,nan,nan,direct_vp,jnpp_then_vp,False,[],True,1.0,0.0012001380630520925,0.0012001380630520925,2,data_only_efim_tau_crb,0.010000575246171647,4.583075964704219e-05,4.583075964704219e-05,True,0.0012459688226991348,green,clock_green,False,ngc_green_skip_rescue,nan,nan,2,,nan,nan,nan,False,nan,,candidate_unavailable,ngc_green_skip_rescue,False,9.21034037197618,13.815510557964274,ngc_certified_ris_only,nan,nan,,decoupled_robust,legacy_multistart,0.0
fig5,force_rescue,16,1080178429,10.0,snr_db,10.0,3,3,3,3,full_6d,1080178429,,,nan,,False,,266.8397515309043,2.6829662192738706e-05,2.6829662192738706e-05,1.8706082276225662e-07,2.2363894586780344e-05,3.1509326240690274e-13,0.04809288949773857,False,direct_vp_rollback,global_exact_spherical_vp,main_single_proposed,True,c717d0d0f650a901,adaptive_jones,cpu,False,,legacy_least_squares,cpu,explicit,,legacy_least_squares_numerical,False,,,0,0,,,,,,,,fixed_pol_anchor,True,fixed_anchor_then_adaptive_jones_score_selection,fixed_pol_anchor,0.19953911032868002,18.791683778521314,6.424739931410691,0.0,True,3,10,7404537.4141822,7421914.740994351,"[0.2829969053820795,18.791683778521314,0.19953911032868002]","[3.53360754475247,0.053215029146254436,5.011548855523133]","[6.91247115959229e-08,4.0600735310455293e-07,6.45031653152867e-09]",jnpp_then_vp,[],3100975.1300499686,3096560,False,85943358.47616565,87.53701841618452,22.164772846311546,0.06163154292721956,"[5.012217850571826,5.112425929576532,4.964537599143613]",27.360481481067836,134.50419881404378,162.8863561260514,nan,nan,nan,nan,nan,nan,nan,,,nan,nan,nan,nan,nan,nan,nan,nan,nan,,,,nan,nan,nan,nan,nan,,False,,nan,,,nan,nan,nan,,,,,,,,2.6829662192738706e-05,1.8706082276225662e-07,0.04809288949773857,2.6830364670014213e-05,1.870610629809355e-07,0.04809288949773848,True,rollback,existing_selector_rollback,"[0.2829969053820795,18.791683778521314,0.19953911032868002]","[3.53360754475247,0.053215029146254436,5.011548855523133]","[6.91247115959229e-08,4.0600735310455293e-07,6.45031653152867e-09]","[0.282996905018355,18.7916832280839,0.19953911037589586]","[3.533607549294073,0.05321503070500479,5.011548854337278]","[6.567626101134178e-08,4.130603273783491e-07,2.4625285725476814e-09]",85943358.47616565,87.53701841618452,85943358.40303184,87.53701851744697,direct_vp,jnpp_then_vp,False,[],False,1.0,nan,nan,,,nan,nan,nan,False,nan,,,False,,nan,nan,,,nan,nan,nan,False,nan,,,,False,nan,nan,force_ris_only,0.7000021958180884,0.017776683250644458,3,decoupled_robust,legacy_multistart,0.0
fig5,oracle_init_vp,16,1080178429,10.0,snr_db,10.0,3,3,3,3,full_6d,1080178429,,,nan,,False,,32.285057560075074,2.683146724260791e-05,2.683146724260791e-05,1.8706032310662174e-07,2.23647161316839e-05,3.1509316730650115e-13,0.04809288949773855,False,oracle_init_vp,global_exact_spherical_vp,,False,,adaptive_jones,cupy,True,0,cupy,cupy.linalg.solve,explicit,matrix_free,analytic_reduced_vp_explicit_gradient,False,matrix_free_cpu_only_gpu_backend,,0,0,0,0,,,,,,fixed_pol_anchor,False,,fixed_pol_anchor,nan,nan,nan,nan,False,3,4,3096725.458075429,3096777.0966558605,"[0.2791203652360875,19.882423625882303,0.15798624704522218]","[3.582683761372603,0.050295679178586135,6.329664883511036]","[5.414110550262803e-08,8.669310849234494e-09,1.601442828803074e-08]",oracle_init_vp,"[""oracle_truth_initialization""]",nan,,,nan,nan,nan,nan,,0.0,32.28298447094858,32.28298447094858,nan,nan,nan,nan,nan,nan,nan,,,nan,nan,nan,nan,nan,nan,nan,nan,nan,,,,nan,nan,nan,nan,nan,,False,,nan,,,nan,nan,nan,,,,,,,,nan,nan,nan,nan,nan,nan,False,,,,,,,,,nan,nan,nan,nan,,,,[],False,nan,nan,nan,,,nan,nan,nan,False,nan,,,False,,nan,nan,,,nan,nan,nan,False,nan,,,,False,nan,nan,,nan,nan,,,legacy_multistart,
fig5,direct_vp,20,3607282624,15.0,snr_db,15.0,3,3,3,3,full_6d,3607282624,,,nan,,False,,56.42164053604938,2.4545197031898727e-05,2.4545197031898727e-05,2.1567431561894133e-07,2.1614905152719118e-05,4.440324931964424e-14,0.01808228248090294,False,direct_vp,global_exact_spherical_vp,proposed_post_stage1,False,84036636f3cdad04,adaptive_jones,cpu,False,,legacy_least_squares,cpu,explicit,,legacy_least_squares_numerical,False,,,0,0,,,,,,,,fixed_pol_anchor,True,fixed_anchor_then_adaptive_jones_score_selection,fixed_pol_anchor,0.04990123086246605,0.24572602892535847,0.14394076428105398,0.0,True,3,4,3095406.2186844223,nan,"[0.13619503305533745,0.24572602892535847,0.04990123086246605]","[7.342411669253412,4.069572948267167,20.039585852222235]",,direct_vp,[],3095256.7606089935,3096560,True,271834191.956601,65.44910949845936,94.79743838257549,0.00801258320735903,"[4.981626146640373,4.999796856110348,4.997136117431217]",25.34234007494524,51.08331599389203,77.71292839804664,nan,nan,nan,nan,nan,nan,nan,,,nan,nan,nan,nan,nan,nan,nan,nan,nan,,,,nan,nan,nan,nan,nan,,False,,nan,,,nan,nan,nan,,,,,,,,2.4545197031898727e-05,2.1567431561894133e-07,0.01808228248090294,nan,nan,nan,False,not_run,not_requested,"[0.13619503305533745,0.24572602892535847,0.04990123086246605]","[7.342411669253412,4.069572948267167,20.039585852222235]",,,,,271834191.956601,65.44910949845936,nan,nan,direct_vp,direct_vp,False,[],False,1.0,nan,nan,,,nan,nan,nan,False,nan,,,False,,nan,nan,,,nan,nan,nan,False,nan,,,,False,nan,nan,reliability_gated,nan,nan,,decoupled_robust,legacy_multistart,0.0
fig5,old_gated,20,3607282624,15.0,snr_db,15.0,3,3,3,3,full_6d,3607282624,,,nan,,False,,56.88374794507399,2.4545197031898727e-05,2.4545197031898727e-05,2.1567431561894133e-07,2.1614905152719118e-05,4.440324931964424e-14,0.01808228248090294,False,direct_vp,global_exact_spherical_vp,main_single_proposed,True,ecfc09546e83e488,adaptive_jones,cpu,False,,legacy_least_squares,cpu,explicit,,legacy_least_squares_numerical,False,,,0,0,,,,,,,,fixed_pol_anchor,True,fixed_anchor_then_adaptive_jones_score_selection,fixed_pol_anchor,0.04990123086246605,0.24572602892535847,0.14394076428105398,0.0,True,3,4,3095406.2186844223,nan,"[0.13619503305533745,0.24572602892535847,0.04990123086246605]","[7.342411669253412,4.069572948267167,20.039585852222235]",,direct_vp,[],3095256.7606089935,3096560,True,271834191.956601,65.44910949845936,94.79743838257549,0.00801258320735903,"[4.981626146640373,4.999796856110348,4.997136117431217]",25.34234007494524,51.96714780619368,78.5967602103483,nan,nan,nan,nan,nan,nan,nan,,,nan,nan,nan,nan,nan,nan,nan,nan,nan,,,,nan,nan,nan,nan,nan,,False,,nan,,,nan,nan,nan,,,,,,,,2.4545197031898727e-05,2.1567431561894133e-07,0.01808228248090294,nan,nan,nan,False,not_run,not_requested,"[0.13619503305533745,0.24572602892535847,0.04990123086246605]","[7.342411669253412,4.069572948267167,20.039585852222235]",,,,,271834191.956601,65.44910949845936,nan,nan,direct_vp,direct_vp,False,[],False,1.0,nan,nan,,,nan,nan,nan,False,nan,,,False,,nan,nan,,,nan,nan,nan,False,nan,,,,False,nan,nan,reliability_gated_ris_only,nan,nan,,decoupled_robust,legacy_multistart,0.0
fig5,adaptive_jones_vp_proposed,20,3607282624,15.0,snr_db,15.0,3,3,3,3,full_6d,3607282624,,,nan,,False,,58.85206488613039,2.4545197031898727e-05,2.4545197031898727e-05,2.1567431561894133e-07,2.1614905152719118e-05,4.440324931964424e-14,0.01808228248090294,False,direct_vp,global_exact_spherical_vp,main_single_proposed,True,3d85d6f56bb6335d,adaptive_jones,cpu,False,,legacy_least_squares,cpu,explicit,,legacy_least_squares_numerical,False,,,0,0,,,,,,,,fixed_pol_anchor,True,fixed_anchor_then_adaptive_jones_score_selection,fixed_pol_anchor,0.04990123086246605,0.24572602892535847,0.14394076428105398,0.0,True,3,4,3095406.2186844223,nan,"[0.13619503305533745,0.24572602892535847,0.04990123086246605]","[7.342411669253412,4.069572948267167,20.039585852222235]",,direct_vp,[],3095256.7606089935,3096560,True,271834191.956601,65.44910949845936,94.79743838257549,0.00801258320735903,"[4.981626146640373,4.999796856110348,4.997136117431217]",25.34234007494524,53.916694313054904,80.54630671720952,nan,nan,nan,nan,nan,nan,nan,,,nan,nan,nan,nan,nan,nan,nan,nan,nan,,,,nan,nan,nan,nan,nan,,False,,nan,,,nan,nan,nan,,,,,,,,2.4545197031898727e-05,2.1567431561894133e-07,0.01808228248090294,nan,nan,nan,False,not_run,not_requested,"[0.13619503305533745,0.24572602892535847,0.04990123086246605]","[7.342411669253412,4.069572948267167,20.039585852222235]",,,,,271834191.956601,65.44910949845936,nan,nan,direct_vp,direct_vp,False,[],True,1.0,6.108970493867874e-07,6.108970493867874e-07,2,data_only_efim_tau_crb,0.00022562820623516676,8.205492755955255e-07,8.205492755955255e-07,True,1.4314463249823129e-06,green,clock_green,False,ngc_green_skip_rescue,nan,nan,2,,nan,nan,nan,False,nan,,candidate_unavailable,ngc_green_skip_rescue,False,9.21034037197618,13.815510557964274,ngc_certified_ris_only,nan,nan,,decoupled_robust,legacy_multistart,0.0
fig5,force_rescue,20,3607282624,15.0,snr_db,15.0,3,3,3,3,full_6d,3607282624,,,nan,,False,,122.45537808095105,2.4545197031898727e-05,2.4545197031898727e-05,2.1567431561894133e-07,2.1614905152719118e-05,4.440324931964424e-14,0.01808228248090294,False,direct_vp_rollback,global_exact_spherical_vp,main_single_proposed,True,2192e536a7c47ba5,adaptive_jones,cpu,False,,legacy_least_squares,cpu,explicit,,legacy_least_squares_numerical,False,,,0,0,,,,,,,,fixed_pol_anchor,True,fixed_anchor_then_adaptive_jones_score_selection,fixed_pol_anchor,0.04990123086246605,0.24572602892535847,0.14394076428105398,0.0,True,3,4,3095406.2186844223,nan,"[0.13619503305533745,0.24572602892535847,0.04990123086246605]","[7.342411669253412,4.069572948267167,20.039585852222235]",,jnpp_then_vp,[],3095256.7606089935,3096560,True,271834191.956601,65.44910949845936,94.79743838257549,0.00801258320735903,"[4.981626146640373,4.999796856110348,4.997136117431217]",25.34234007494524,50.60789951309562,77.23751191725023,nan,nan,nan,nan,nan,nan,nan,,,nan,nan,nan,nan,nan,nan,nan,nan,nan,,,,nan,nan,nan,nan,nan,,False,,nan,,,nan,nan,nan,,,,,,,,2.4545197031898727e-05,2.1567431561894133e-07,0.01808228248090294,2.4545373107630288e-05,2.1567353694970683e-07,0.018082282480903118,True,rollback,existing_selector_rollback,"[0.13619503305533745,0.24572602892535847,0.04990123086246605]","[7.342411669253412,4.069572948267167,20.039585852222235]",,"[0.13619503305491604,0.24572602892326834,0.049901230861708556]","[7.342411669276131,4.069572948301783,20.039585852526432]",,271834191.956601,65.44910949845936,271834192.32734615,65.4491094036805,direct_vp,direct_vp,False,[],False,1.0,nan,nan,,,nan,nan,nan,False,nan,,,False,,nan,nan,,,nan,nan,nan,False,nan,,,,False,nan,nan,force_ris_only,3.358172916258324e-05,0.006218781238108172,3,decoupled_robust,legacy_multistart,0.0
fig5,oracle_init_vp,20,3607282624,15.0,snr_db,15.0,3,3,3,3,full_6d,3607282624,,,nan,,False,,31.74927681288682,2.4545108663824842e-05,2.4545108663824842e-05,2.156741331685881e-07,2.161481461738916e-05,4.440409609445349e-14,0.018082282480903097,False,oracle_init_vp,global_exact_spherical_vp,,False,,adaptive_jones,cupy,True,0,cupy,cupy.linalg.solve,explicit,matrix_free,analytic_reduced_vp_explicit_gradient,False,matrix_free_cpu_only_gpu_backend,,0,0,0,0,,,,,,fixed_pol_anchor,False,,fixed_pol_anchor,nan,nan,nan,nan,False,3,4,3096725.458075429,3096806.30887837,"[0.13613700966268646,0.2456213418534438,0.04987997135844156]","[7.34554110214125,4.071307454204976,20.048126988964533]","[1.7548429012103037e-07,1.741941640376673e-07,2.60499886833295e-08]",oracle_init_vp,"[""oracle_truth_initialization""]",nan,,,nan,nan,nan,nan,,0.0,31.747667012969032,31.747667012969032,nan,nan,nan,nan,nan,nan,nan,,,nan,nan,nan,nan,nan,nan,nan,nan,nan,,,,nan,nan,nan,nan,nan,,False,,nan,,,nan,nan,nan,,,,,,,,nan,nan,nan,nan,nan,nan,False,,,,,,,,,nan,nan,nan,nan,,,,[],False,nan,nan,nan,,,nan,nan,nan,False,nan,,,False,,nan,nan,,,nan,nan,nan,False,nan,,,,False,nan,nan,,nan,nan,,,legacy_multistart,
fig5,direct_vp,21,4000820147,15.0,snr_db,15.0,3,3,3,3,full_6d,4000820147,,,nan,,False,,57.60197640489787,3.947865113028852e-05,3.947865113028852e-05,9.697390904922357e-08,2.219084290872729e-05,2.20395165933426e-13,0.010999797323131269,False,direct_vp,global_exact_spherical_vp,proposed_post_stage1,False,83e0006d33babf64,adaptive_jones,cpu,False,,legacy_least_squares,cpu,explicit,,legacy_least_squares_numerical,False,,,0,0,,,,,,,,fixed_pol_anchor,True,fixed_anchor_then_adaptive_jones_score_selection,fixed_pol_anchor,0.03635661843758103,1.4108581899101096,0.5807038256489813,0.0,True,3,4,3096158.071726306,nan,"[0.03635661843758103,1.4108581899101096,0.29489666859925323]","[27.505308331048905,0.7087884573730989,3.3910183005785144]",,direct_vp,[],3096008.613650877,3096560,True,161917314.78871804,135.45412774427044,63.880239452934475,0.014324536719144196,"[4.998121071498255,5.03286342715658,5.019745733483297]",29.46163739892654,52.08682839991525,82.94157770765014,nan,nan,nan,nan,nan,nan,nan,,,nan,nan,nan,nan,nan,nan,nan,nan,nan,,,,nan,nan,nan,nan,nan,,False,,nan,,,nan,nan,nan,,,,,,,,3.947865113028852e-05,9.697390904922357e-08,0.010999797323131269,nan,nan,nan,False,not_run,not_requested,"[0.03635661843758103,1.4108581899101096,0.29489666859925323]","[27.505308331048905,0.7087884573730989,3.3910183005785144]",,,,,161917314.78871804,135.45412774427044,nan,nan,direct_vp,direct_vp,False,[],False,1.0,nan,nan,,,nan,nan,nan,False,nan,,,False,,nan,nan,,,nan,nan,nan,False,nan,,,,False,nan,nan,reliability_gated,nan,nan,,decoupled_robust,legacy_multistart,0.0
fig5,old_gated,21,4000820147,15.0,snr_db,15.0,3,3,3,3,full_6d,4000820147,,,nan,,False,,57.414043763885275,3.947865113028852e-05,3.947865113028852e-05,9.697390904922357e-08,2.219084290872729e-05,2.20395165933426e-13,0.010999797323131269,False,direct_vp,global_exact_spherical_vp,main_single_proposed,True,ed0c11ef89b811a3,adaptive_jones,cpu,False,,legacy_least_squares,cpu,explicit,,legacy_least_squares_numerical,False,,,0,0,,,,,,,,fixed_pol_anchor,True,fixed_anchor_then_adaptive_jones_score_selection,fixed_pol_anchor,0.03635661843758103,1.4108581899101096,0.5807038256489813,0.0,True,3,4,3096158.071726306,nan,"[0.03635661843758103,1.4108581899101096,0.29489666859925323]","[27.505308331048905,0.7087884573730989,3.3910183005785144]",,direct_vp,[],3096008.613650877,3096560,True,161917314.78871804,135.45412774427044,63.880239452934475,0.014324536719144196,"[4.998121071498255,5.03286342715658,5.019745733483297]",29.46163739892654,52.41559051908553,83.27033982682042,nan,nan,nan,nan,nan,nan,nan,,,nan,nan,nan,nan,nan,nan,nan,nan,nan,,,,nan,nan,nan,nan,nan,,False,,nan,,,nan,nan,nan,,,,,,,,3.947865113028852e-05,9.697390904922357e-08,0.010999797323131269,nan,nan,nan,False,not_run,not_requested,"[0.03635661843758103,1.4108581899101096,0.29489666859925323]","[27.505308331048905,0.7087884573730989,3.3910183005785144]",,,,,161917314.78871804,135.45412774427044,nan,nan,direct_vp,direct_vp,False,[],False,1.0,nan,nan,,,nan,nan,nan,False,nan,,,False,,nan,nan,,,nan,nan,nan,False,nan,,,,False,nan,nan,reliability_gated_ris_only,nan,nan,,decoupled_robust,legacy_multistart,0.0
fig5,adaptive_jones_vp_proposed,21,4000820147,15.0,snr_db,15.0,3,3,3,3,full_6d,4000820147,,,nan,,False,,55.98287222790532,3.947865113028852e-05,3.947865113028852e-05,9.697390904922357e-08,2.219084290872729e-05,2.20395165933426e-13,0.010999797323131269,False,direct_vp,global_exact_spherical_vp,main_single_proposed,True,5eef0eb0aacf71b7,adaptive_jones,cpu,False,,legacy_least_squares,cpu,explicit,,legacy_least_squares_numerical,False,,,0,0,,,,,,,,fixed_pol_anchor,True,fixed_anchor_then_adaptive_jones_score_selection,fixed_pol_anchor,0.03635661843758103,1.4108581899101096,0.5807038256489813,0.0,True,3,4,3096158.071726306,nan,"[0.03635661843758103,1.4108581899101096,0.29489666859925323]","[27.505308331048905,0.7087884573730989,3.3910183005785144]",,direct_vp,[],3096008.613650877,3096560,True,161917314.78871804,135.45412774427044,63.880239452934475,0.014324536719144196,"[4.998121071498255,5.03286342715658,5.019745733483297]",29.46163739892654,51.25776329310611,82.112512600841,nan,nan,nan,nan,nan,nan,nan,,,nan,nan,nan,nan,nan,nan,nan,nan,nan,,,,nan,nan,nan,nan,nan,,False,,nan,,,nan,nan,nan,,,,,,,,3.947865113028852e-05,9.697390904922357e-08,0.010999797323131269,nan,nan,nan,False,not_run,not_requested,"[0.03635661843758103,1.4108581899101096,0.29489666859925323]","[27.505308331048905,0.7087884573730989,3.3910183005785144]",,,,,161917314.78871804,135.45412774427044,nan,nan,direct_vp,direct_vp,False,[],True,1.0,5.911857139858135e-05,5.911857139858135e-05,2,data_only_efim_tau_crb,0.0022195827573101316,3.7353292994879356e-06,3.7353292994879356e-06,True,6.285390069806929e-05,green,clock_green,False,ngc_green_skip_rescue,nan,nan,2,,nan,nan,nan,False,nan,,candidate_unavailable,ngc_green_skip_rescue,False,9.21034037197618,13.815510557964274,ngc_certified_ris_only,nan,nan,,decoupled_robust,legacy_multistart,0.0
fig5,force_rescue,21,4000820147,15.0,snr_db,15.0,3,3,3,3,full_6d,4000820147,,,nan,,False,,112.31521919183433,3.947865113028852e-05,3.947865113028852e-05,9.697390904922357e-08,2.219084290872729e-05,2.20395165933426e-13,0.010999797323131269,False,direct_vp_rollback,global_exact_spherical_vp,main_single_proposed,True,dbbff4c8d71ac95a,adaptive_jones,cpu,False,,legacy_least_squares,cpu,explicit,,legacy_least_squares_numerical,False,,,0,0,,,,,,,,fixed_pol_anchor,True,fixed_anchor_then_adaptive_jones_score_selection,fixed_pol_anchor,0.03635661843758103,1.4108581899101096,0.5807038256489813,0.0,True,3,4,3096158.071726306,nan,"[0.03635661843758103,1.4108581899101096,0.29489666859925323]","[27.505308331048905,0.7087884573730989,3.3910183005785144]",,jnpp_then_vp,[],3096008.613650877,3096560,True,161917314.78871804,135.45412774427044,63.880239452934475,0.014324536719144196,"[4.998121071498255,5.03286342715658,5.019745733483297]",29.46163739892654,45.71309740282595,76.56784671056084,nan,nan,nan,nan,nan,nan,nan,,,nan,nan,nan,nan,nan,nan,nan,nan,nan,,,,nan,nan,nan,nan,nan,,False,,nan,,,nan,nan,nan,,,,,,,,3.947865113028852e-05,9.697390904922357e-08,0.010999797323131269,3.947770012641744e-05,9.697386480572356e-08,0.010999797323131295,True,rollback,existing_selector_rollback,"[0.03635661843758103,1.4108581899101096,0.29489666859925323]","[27.505308331048905,0.7087884573730989,3.3910183005785144]",,"[0.036356618437715364,1.4108581899978518,0.2948966685976304]","[27.505308330947276,0.7087884573290189,3.391018300597175]",,161917314.78871804,135.45412774427044,161917316.11409536,135.454126652925,direct_vp,direct_vp,False,[],False,1.0,nan,nan,,,nan,nan,nan,False,nan,,,False,,nan,nan,,,nan,nan,nan,False,nan,,,,False,nan,nan,force_ris_only,0.00020772919516927975,0.026318569727108162,3,decoupled_robust,legacy_multistart,0.0
fig5,oracle_init_vp,21,4000820147,15.0,snr_db,15.0,3,3,3,3,full_6d,4000820147,,,nan,,False,,25.177648983197287,3.947920359558053e-05,3.947920359558053e-05,9.697384282010189e-08,2.219085274842034e-05,2.2039497851821155e-13,0.010999797323131229,False,oracle_init_vp,global_exact_spherical_vp,,False,,adaptive_jones,cupy,True,0,cupy,cupy.linalg.solve,explicit,matrix_free,analytic_reduced_vp_explicit_gradient,False,matrix_free_cpu_only_gpu_backend,,0,0,0,0,,,,,,fixed_pol_anchor,False,,fixed_pol_anchor,nan,nan,nan,nan,False,3,4,3096725.458075429,3096793.086799974,"[0.0363499568057519,1.4105996779837284,0.29484263461390076]","[27.51034905883924,0.7089183526739219,3.3916397515210606]","[4.107603404623758e-09,8.967539715434792e-08,1.2202128059256425e-08]",oracle_init_vp,"[""oracle_truth_initialization""]",nan,,,nan,nan,nan,nan,,0.0,25.175925076939166,25.175925076939166,nan,nan,nan,nan,nan,nan,nan,,,nan,nan,nan,nan,nan,nan,nan,nan,nan,,,,nan,nan,nan,nan,nan,,False,,nan,,,nan,nan,nan,,,,,,,,nan,nan,nan,nan,nan,nan,False,,,,,,,,,nan,nan,nan,nan,,,,[],False,nan,nan,nan,,,nan,nan,nan,False,nan,,,False,,nan,nan,,,nan,nan,nan,False,nan,,,,False,nan,nan,,nan,nan,,,legacy_multistart,
fig5,direct_vp,18,3644258948,10.0,snr_db,10.0,3,3,3,3,full_6d,3644258948,,,nan,,False,,173.17283462896012,5.156402939127357e-05,5.156402939127357e-05,3.678946355752819e-07,4.2523462384004436e-05,4.849188181608925e-13,0.043947808197684644,False,direct_vp,global_exact_spherical_vp,proposed_post_stage1,False,38b3e4b02ed1ef12,adaptive_jones,cpu,False,,legacy_least_squares,cpu,explicit,,legacy_least_squares_numerical,False,,,0,0,,,,,,,,fixed_pol_anchor,True,fixed_anchor_then_adaptive_jones_score_selection,fixed_pol_anchor,0.16578937225046095,1.0905349601636305,0.6361545154036988,0.0,True,3,10,7767643.69302673,7770804.232730994,"[0.652139213797005,1.0905349601636305,0.16578937225046095]","[1.5334149194570952,0.9169811482695276,6.031749722105928]","[1.656711208601252e-07,7.106555757049776e-06,4.2313461253570074e-08]",direct_vp,[],3093957.5286831926,3096560,True,80595275.64367896,80.86108039021315,77.05700641365435,0.031055266144111703,"[5.032817016591351,5.069151774981839,4.99310718094089]",42.81324877589941,166.12017105310224,209.9586942649912,nan,nan,nan,nan,nan,nan,nan,,,nan,nan,nan,nan,nan,nan,nan,nan,nan,,,,nan,nan,nan,nan,nan,,False,,nan,,,nan,nan,nan,,,,,,,,5.156402939127357e-05,3.678946355752819e-07,0.043947808197684644,nan,nan,nan,False,not_run,not_requested,"[0.652139213797005,1.0905349601636305,0.16578937225046095]","[1.5334149194570952,0.9169811482695276,6.031749722105928]","[1.656711208601252e-07,7.106555757049776e-06,4.2313461253570074e-08]",,,,80595275.64367896,80.86108039021315,nan,nan,direct_vp,direct_vp,False,[],False,1.0,nan,nan,,,nan,nan,nan,False,nan,,,False,,nan,nan,,,nan,nan,nan,False,nan,,,,False,nan,nan,reliability_gated,nan,nan,,decoupled_robust,legacy_multistart,0.0
fig5,old_gated,18,3644258948,10.0,snr_db,10.0,3,3,3,3,full_6d,3644258948,,,nan,,False,,140.24065699218772,5.156402939127357e-05,5.156402939127357e-05,3.678946355752819e-07,4.2523462384004436e-05,4.849188181608925e-13,0.043947808197684644,False,direct_vp,global_exact_spherical_vp,main_single_proposed,True,116005211235811d,adaptive_jones,cpu,False,,legacy_least_squares,cpu,explicit,,legacy_least_squares_numerical,False,,,0,0,,,,,,,,fixed_pol_anchor,True,fixed_anchor_then_adaptive_jones_score_selection,fixed_pol_anchor,0.16578937225046095,1.0905349601636305,0.6361545154036988,0.0,True,3,10,7767643.69302673,7770804.232730994,"[0.652139213797005,1.0905349601636305,0.16578937225046095]","[1.5334149194570952,0.9169811482695276,6.031749722105928]","[1.656711208601252e-07,7.106555757049776e-06,4.2313461253570074e-08]",direct_vp,[],3093957.5286831926,3096560,True,80595275.64367896,80.86108039021315,77.05700641365435,0.031055266144111703,"[5.032817016591351,5.069151774981839,4.99310718094089]",42.81324877589941,134.88071195897646,178.71923517086543,nan,nan,nan,nan,nan,nan,nan,,,nan,nan,nan,nan,nan,nan,nan,nan,nan,,,,nan,nan,nan,nan,nan,,False,,nan,,,nan,nan,nan,,,,,,,,5.156402939127357e-05,3.678946355752819e-07,0.043947808197684644,nan,nan,nan,False,not_run,not_requested,"[0.652139213797005,1.0905349601636305,0.16578937225046095]","[1.5334149194570952,0.9169811482695276,6.031749722105928]","[1.656711208601252e-07,7.106555757049776e-06,4.2313461253570074e-08]",,,,80595275.64367896,80.86108039021315,nan,nan,direct_vp,direct_vp,False,[],False,1.0,nan,nan,,,nan,nan,nan,False,nan,,,False,,nan,nan,,,nan,nan,nan,False,nan,,,,False,nan,nan,reliability_gated_ris_only,nan,nan,,decoupled_robust,legacy_multistart,0.0
fig5,adaptive_jones_vp_proposed,18,3644258948,10.0,snr_db,10.0,3,3,3,3,full_6d,3644258948,,,nan,,False,,139.58086521108635,5.156402939127357e-05,5.156402939127357e-05,3.678946355752819e-07,4.2523462384004436e-05,4.849188181608925e-13,0.043947808197684644,False,direct_vp,global_exact_spherical_vp,main_single_proposed,True,f166d9fc54bbdb1a,adaptive_jones,cpu,False,,legacy_least_squares,cpu,explicit,,legacy_least_squares_numerical,False,,,0,0,,,,,,,,fixed_pol_anchor,True,fixed_anchor_then_adaptive_jones_score_selection,fixed_pol_anchor,0.16578937225046095,1.0905349601636305,0.6361545154036988,0.0,True,3,10,7767643.69302673,7770804.232730994,"[0.652139213797005,1.0905349601636305,0.16578937225046095]","[1.5334149194570952,0.9169811482695276,6.031749722105928]","[1.656711208601252e-07,7.106555757049776e-06,4.2313461253570074e-08]",direct_vp,[],3093957.5286831926,3096560,True,80595275.64367896,80.86108039021315,77.05700641365435,0.031055266144111703,"[5.032817016591351,5.069151774981839,4.99310718094089]",42.81324877589941,132.9035324580036,176.74205566989258,nan,nan,nan,nan,nan,nan,nan,,,nan,nan,nan,nan,nan,nan,nan,nan,nan,,,,nan,nan,nan,nan,nan,,False,,nan,,,nan,nan,nan,,,,,,,,5.156402939127357e-05,3.678946355752819e-07,0.043947808197684644,nan,nan,nan,False,not_run,not_requested,"[0.652139213797005,1.0905349601636305,0.16578937225046095]","[1.5334149194570952,0.9169811482695276,6.031749722105928]","[1.656711208601252e-07,7.106555757049776e-06,4.2313461253570074e-08]",,,,80595275.64367896,80.86108039021315,nan,nan,direct_vp,direct_vp,False,[],True,1.0,0.0004883473213539767,0.0004883473213539767,2,data_only_efim_tau_crb,0.00637931110017621,7.601352613795217e-06,7.601352613795217e-06,True,0.000495948673967772,green,clock_green,False,ngc_green_skip_rescue,nan,nan,2,,nan,nan,nan,False,nan,,candidate_unavailable,ngc_green_skip_rescue,False,9.21034037197618,13.815510557964274,ngc_certified_ris_only,nan,nan,,decoupled_robust,legacy_multistart,0.0
fig5,force_rescue,18,3644258948,10.0,snr_db,10.0,3,3,3,3,full_6d,3644258948,,,nan,,False,,330.0125685050152,5.156402939127357e-05,5.156402939127357e-05,3.678946355752819e-07,4.2523462384004436e-05,4.849188181608925e-13,0.043947808197684644,False,direct_vp_rollback,global_exact_spherical_vp,main_single_proposed,True,1c13f8c609b3de64,adaptive_jones,cpu,False,,legacy_least_squares,cpu,explicit,,legacy_least_squares_numerical,False,,,0,0,,,,,,,,fixed_pol_anchor,True,fixed_anchor_then_adaptive_jones_score_selection,fixed_pol_anchor,0.16578937225046095,1.0905349601636305,0.6361545154036988,0.0,True,3,10,7767643.69302673,7770804.232730994,"[0.652139213797005,1.0905349601636305,0.16578937225046095]","[1.5334149194570952,0.9169811482695276,6.031749722105928]","[1.656711208601252e-07,7.106555757049776e-06,4.2313461253570074e-08]",jnpp_then_vp,[],3093957.5286831926,3096560,True,80595275.64367896,80.86108039021315,77.05700641365435,0.031055266144111703,"[5.032817016591351,5.069151774981839,4.99310718094089]",42.81324877589941,154.44236833183095,198.28089154371992,nan,nan,nan,nan,nan,nan,nan,,,nan,nan,nan,nan,nan,nan,nan,nan,nan,,,,nan,nan,nan,nan,nan,,False,,nan,,,nan,nan,nan,,,,,,,,5.156402939127357e-05,3.678946355752819e-07,0.043947808197684644,5.1564056331399794e-05,3.6789474793627963e-07,0.04394780819768449,True,rollback,existing_selector_rollback,"[0.652139213797005,1.0905349601636305,0.16578937225046095]","[1.5334149194570952,0.9169811482695276,6.031749722105928]","[1.656711208601252e-07,7.106555757049776e-06,4.2313461253570074e-08]","[0.6521392127762733,1.0905349589041935,0.16578937235303434]","[1.5334149218572042,0.9169811493285309,6.031749718374103]","[1.5361024806358087e-07,7.249216797511897e-06,5.169307767519484e-08]",80595275.64367896,80.86108039021315,80595275.65075399,80.8610803799627,direct_vp,direct_vp,False,[],False,1.0,nan,nan,,,nan,nan,nan,False,nan,,,False,,nan,nan,,,nan,nan,nan,False,nan,,,,False,nan,nan,force_ris_only,0.7000000262871289,0.02945943575907892,3,decoupled_robust,legacy_multistart,0.0
fig5,oracle_init_vp,18,3644258948,10.0,snr_db,10.0,3,3,3,3,full_6d,3644258948,,,nan,,False,,43.55107817589305,5.156423537734711e-05,5.156423537734711e-05,3.678915087708827e-07,4.2523481171564926e-05,4.849119074088562e-13,0.04394780819768458,False,oracle_init_vp,global_exact_spherical_vp,,False,,adaptive_jones,cupy,True,0,cupy,cupy.linalg.solve,explicit,matrix_free,analytic_reduced_vp_explicit_gradient,False,matrix_free_cpu_only_gpu_backend,,0,0,0,0,,,,,,fixed_pol_anchor,False,,fixed_pol_anchor,nan,nan,nan,nan,False,3,4,3096725.4580754293,3096785.514137203,"[0.6490079638047703,1.0822388916792736,0.1331629530460623]","[1.5408131421637892,0.9240104081338747,7.509596153623581]","[4.711888164917175e-08,2.818723854312865e-10,5.345009335476095e-08]",oracle_init_vp,"[""oracle_truth_initialization""]",nan,,,nan,nan,nan,nan,,0.0,43.548930597957224,43.548930597957224,nan,nan,nan,nan,nan,nan,nan,,,nan,nan,nan,nan,nan,nan,nan,nan,nan,,,,nan,nan,nan,nan,nan,,False,,nan,,,nan,nan,nan,,,,,,,,nan,nan,nan,nan,nan,nan,False,,,,,,,,,nan,nan,nan,nan,,,,[],False,nan,nan,nan,,,nan,nan,nan,False,nan,,,False,,nan,nan,,,nan,nan,nan,False,nan,,,,False,nan,nan,,nan,nan,,,legacy_multistart,
fig5,direct_vp,22,3206710796,15.0,snr_db,15.0,3,3,3,3,full_6d,3206710796,,,nan,,False,,54.614343757973984,3.587201522259487e-05,3.587201522259487e-05,1.6036702553605653e-07,1.1598728134184277e-05,1.9075059299920342e-13,0.003387933875231948,False,direct_vp,global_exact_spherical_vp,proposed_post_stage1,False,92a41da050890aef,adaptive_jones,cpu,False,,legacy_least_squares,cpu,explicit,,legacy_least_squares_numerical,False,,,0,0,,,,,,,,fixed_pol_anchor,True,fixed_anchor_then_adaptive_jones_score_selection,fixed_pol_anchor,0.06992688668428322,0.2219741476009934,0.12323005021586675,0.0,True,3,4,3093356.786508554,nan,"[0.07778911636232365,0.06992688668428322,0.2219741476009934]","[12.855268792900981,14.30065097156242,4.505029125271445]",,direct_vp,[],3093207.3284331253,3096560,True,179701579.10240972,85.50434832241541,82.02703062945525,0.01182033734876209,"[4.989192035293561,4.982825408629876,5.010469736584325]",25.73681418900378,50.13322136318311,77.11009003431536,nan,nan,nan,nan,nan,nan,nan,,,nan,nan,nan,nan,nan,nan,nan,nan,nan,,,,nan,nan,nan,nan,nan,,False,,nan,,,nan,nan,nan,,,,,,,,3.587201522259487e-05,1.6036702553605653e-07,0.003387933875231948,nan,nan,nan,False,not_run,not_requested,"[0.07778911636232365,0.06992688668428322,0.2219741476009934]","[12.855268792900981,14.30065097156242,4.505029125271445]",,,,,179701579.10240972,85.50434832241541,nan,nan,direct_vp,direct_vp,False,[],False,1.0,nan,nan,,,nan,nan,nan,False,nan,,,False,,nan,nan,,,nan,nan,nan,False,nan,,,,False,nan,nan,reliability_gated,nan,nan,,decoupled_robust,legacy_multistart,0.0
fig5,old_gated,22,3206710796,15.0,snr_db,15.0,3,3,3,3,full_6d,3206710796,,,nan,,False,,52.81358573609032,3.587201522259487e-05,3.587201522259487e-05,1.6036702553605653e-07,1.1598728134184277e-05,1.9075059299920342e-13,0.003387933875231948,False,direct_vp,global_exact_spherical_vp,main_single_proposed,True,de565f5d31973f73,adaptive_jones,cpu,False,,legacy_least_squares,cpu,explicit,,legacy_least_squares_numerical,False,,,0,0,,,,,,,,fixed_pol_anchor,True,fixed_anchor_then_adaptive_jones_score_selection,fixed_pol_anchor,0.06992688668428322,0.2219741476009934,0.12323005021586675,0.0,True,3,4,3093356.786508554,nan,"[0.07778911636232365,0.06992688668428322,0.2219741476009934]","[12.855268792900981,14.30065097156242,4.505029125271445]",,direct_vp,[],3093207.3284331253,3096560,True,179701579.10240972,85.50434832241541,82.02703062945525,0.01182033734876209,"[4.989192035293561,4.982825408629876,5.010469736584325]",25.73681418900378,47.922426995122805,74.89929566625506,nan,nan,nan,nan,nan,nan,nan,,,nan,nan,nan,nan,nan,nan,nan,nan,nan,,,,nan,nan,nan,nan,nan,,False,,nan,,,nan,nan,nan,,,,,,,,3.587201522259487e-05,1.6036702553605653e-07,0.003387933875231948,nan,nan,nan,False,not_run,not_requested,"[0.07778911636232365,0.06992688668428322,0.2219741476009934]","[12.855268792900981,14.30065097156242,4.505029125271445]",,,,,179701579.10240972,85.50434832241541,nan,nan,direct_vp,direct_vp,False,[],False,1.0,nan,nan,,,nan,nan,nan,False,nan,,,False,,nan,nan,,,nan,nan,nan,False,nan,,,,False,nan,nan,reliability_gated_ris_only,nan,nan,,decoupled_robust,legacy_multistart,0.0
fig5,adaptive_jones_vp_proposed,22,3206710796,15.0,snr_db,15.0,3,3,3,3,full_6d,3206710796,,,nan,,False,,56.057991344016045,3.587201522259487e-05,3.587201522259487e-05,1.6036702553605653e-07,1.1598728134184277e-05,1.9075059299920342e-13,0.003387933875231948,False,direct_vp,global_exact_spherical_vp,main_single_proposed,True,f7bb2f8e1d2c6cde,adaptive_jones,cpu,False,,legacy_least_squares,cpu,explicit,,legacy_least_squares_numerical,False,,,0,0,,,,,,,,fixed_pol_anchor,True,fixed_anchor_then_adaptive_jones_score_selection,fixed_pol_anchor,0.06992688668428322,0.2219741476009934,0.12323005021586675,0.0,True,3,4,3093356.786508554,nan,"[0.07778911636232365,0.06992688668428322,0.2219741476009934]","[12.855268792900981,14.30065097156242,4.505029125271445]",,direct_vp,[],3093207.3284331253,3096560,True,179701579.10240972,85.50434832241541,82.02703062945525,0.01182033734876209,"[4.989192035293561,4.982825408629876,5.010469736584325]",25.73681418900378,51.278821006882936,78.25568967801519,nan,nan,nan,nan,nan,nan,nan,,,nan,nan,nan,nan,nan,nan,nan,nan,nan,,,,nan,nan,nan,nan,nan,,False,,nan,,,nan,nan,nan,,,,,,,,3.587201522259487e-05,1.6036702553605653e-07,0.003387933875231948,nan,nan,nan,False,not_run,not_requested,"[0.07778911636232365,0.06992688668428322,0.2219741476009934]","[12.855268792900981,14.30065097156242,4.505029125271445]",,,,,179701579.10240972,85.50434832241541,nan,nan,direct_vp,direct_vp,False,[],True,1.0,5.319718095876315e-05,5.319718095876315e-05,2,data_only_efim_tau_crb,0.0021054924396041565,5.71477832131533e-07,5.71477832131533e-07,True,5.3768658790894684e-05,green,clock_green,False,ngc_green_skip_rescue,nan,nan,2,,nan,nan,nan,False,nan,,candidate_unavailable,ngc_green_skip_rescue,False,9.21034037197618,13.815510557964274,ngc_certified_ris_only,nan,nan,,decoupled_robust,legacy_multistart,0.0
fig5,force_rescue,22,3206710796,15.0,snr_db,15.0,3,3,3,3,full_6d,3206710796,,,nan,,False,,125.11436122795567,3.587201522259487e-05,3.587201522259487e-05,1.6036702553605653e-07,1.1598728134184277e-05,1.9075059299920342e-13,0.003387933875231948,False,direct_vp_rollback,global_exact_spherical_vp,main_single_proposed,True,193992ed59e424a5,adaptive_jones,cpu,False,,legacy_least_squares,cpu,explicit,,legacy_least_squares_numerical,False,,,0,0,,,,,,,,fixed_pol_anchor,True,fixed_anchor_then_adaptive_jones_score_selection,fixed_pol_anchor,0.06992688668428322,0.2219741476009934,0.12323005021586675,0.0,True,3,4,3093356.786508554,nan,"[0.07778911636232365,0.06992688668428322,0.2219741476009934]","[12.855268792900981,14.30065097156242,4.505029125271445]",,jnpp_then_vp,[],3093207.3284331253,3096560,True,179701579.10240972,85.50434832241541,82.02703062945525,0.01182033734876209,"[4.989192035293561,4.982825408629876,5.010469736584325]",25.73681418900378,50.43588014203124,77.41274881316349,nan,nan,nan,nan,nan,nan,nan,,,nan,nan,nan,nan,nan,nan,nan,nan,nan,,,,nan,nan,nan,nan,nan,,False,,nan,,,nan,nan,nan,,,,,,,,3.587201522259487e-05,1.6036702553605653e-07,0.003387933875231948,3.587326307605169e-05,1.6036748244831098e-07,0.0033879338752319664,True,rollback,existing_selector_rollback,"[0.07778911636232365,0.06992688668428322,0.2219741476009934]","[12.855268792900981,14.30065097156242,4.505029125271445]",,"[0.07778911636450259,0.0699268866851573,0.22197414759670797]","[12.855268792540892,14.300650971383662,4.505029125358419]",,179701579.10240972,85.50434832241541,179701580.30909386,85.50434774274139,direct_vp,direct_vp,False,[],False,1.0,nan,nan,,,nan,nan,nan,False,nan,,,False,,nan,nan,,,nan,nan,nan,False,nan,,,,False,nan,nan,force_ris_only,9.733111673720109e-05,0.010006646687766392,3,decoupled_robust,legacy_multistart,0.0
fig5,oracle_init_vp,22,3206710796,15.0,snr_db,15.0,3,3,3,3,full_6d,3206710796,,,nan,,False,,33.09081081696786,3.587229151999975e-05,3.587229151999975e-05,1.603670169942207e-07,1.1598770113444296e-05,1.9075056161649317e-13,0.0033879338752319473,False,oracle_init_vp,global_exact_spherical_vp,,False,,adaptive_jones,cupy,True,0,cupy,cupy.linalg.solve,explicit,matrix_free,analytic_reduced_vp_explicit_gradient,False,matrix_free_cpu_only_gpu_backend,,0,0,0,0,,,,,,fixed_pol_anchor,False,,fixed_pol_anchor,nan,nan,nan,nan,False,3,4,3096725.458075429,3096810.649674353,"[0.07770449193076089,0.06985081533489022,0.2217326686270853]","[12.869268882048402,14.31622516080258,4.509935347784045]","[2.815458229622306e-08,2.4184534349980016e-08,1.0141341592548239e-07]",oracle_init_vp,"[""oracle_truth_initialization""]",nan,,,nan,nan,nan,nan,,0.0,33.08919185004197,33.08919185004197,nan,nan,nan,nan,nan,nan,nan,,,nan,nan,nan,nan,nan,nan,nan,nan,nan,,,,nan,nan,nan,nan,nan,,False,,nan,,,nan,nan,nan,,,,,,,,nan,nan,nan,nan,nan,nan,False,,,,,,,,,nan,nan,nan,nan,,,,[],False,nan,nan,nan,,,nan,nan,nan,False,nan,,,False,,nan,nan,,,nan,nan,nan,False,nan,,,,False,nan,nan,,nan,nan,,,legacy_multistart,
fig5,direct_vp,3,3422926171,15.0,snr_db,15.0,3,3,3,3,full_6d,3422926171,,,nan,,False,,129.06364197400399,9.169614259928043e-05,9.169614259928043e-05,3.6125843664405514e-07,4.237100303250299e-05,2.2501411283226202e-13,0.008795708666058959,False,direct_vp,global_exact_spherical_vp,proposed_post_stage1,False,9ef27fc367b51517,adaptive_jones,cpu,False,,legacy_least_squares,cpu,explicit,,legacy_least_squares_numerical,False,,,0,0,,,,,,,,fixed_pol_anchor,True,fixed_anchor_then_adaptive_jones_score_selection,fixed_pol_anchor,0.07768766715970381,0.28002899627307454,0.14716588952953105,0.0,True,3,10,13307360.72840574,13312861.49486814,"[0.28002899627307454,0.07768766715970381,0.0837810051558148]","[3.5710587593027503,12.872055971821188,11.935879715696052]","[9.424787735210411e-06,4.6771910685231853e-07,1.9217514939145442e-07]",direct_vp,[],3097490.075271544,3096560,True,270485466.12533027,79.3160688443174,101.93275011176283,0.011584520424479723,"[4.987762362602035,4.9881231892117555,5.012515267919543]",24.587476222077385,123.9248702779878,149.30975530203432,nan,nan,nan,nan,nan,nan,nan,,,nan,nan,nan,nan,nan,nan,nan,nan,nan,,,,nan,nan,nan,nan,nan,,False,,nan,,,nan,nan,nan,,,,,,,,9.169614259928043e-05,3.6125843664405514e-07,0.008795708666058959,nan,nan,nan,False,not_run,not_requested,"[0.28002899627307454,0.07768766715970381,0.0837810051558148]","[3.5710587593027503,12.872055971821188,11.935879715696052]","[9.424787735210411e-06,4.6771910685231853e-07,1.9217514939145442e-07]",,,,270485466.12533027,79.3160688443174,nan,nan,direct_vp,direct_vp,False,[],False,1.0,nan,nan,,,nan,nan,nan,False,nan,,,False,,nan,nan,,,nan,nan,nan,False,nan,,,,False,nan,nan,reliability_gated,nan,nan,,decoupled_robust,legacy_multistart,0.0
fig5,old_gated,3,3422926171,15.0,snr_db,15.0,3,3,3,3,full_6d,3422926171,,,nan,,False,,126.69362668995745,9.169614259928043e-05,9.169614259928043e-05,3.6125843664405514e-07,4.237100303250299e-05,2.2501411283226202e-13,0.008795708666058959,False,direct_vp,global_exact_spherical_vp,main_single_proposed,True,422ebd4d5b8c5807,adaptive_jones,cpu,False,,legacy_least_squares,cpu,explicit,,legacy_least_squares_numerical,False,,,0,0,,,,,,,,fixed_pol_anchor,True,fixed_anchor_then_adaptive_jones_score_selection,fixed_pol_anchor,0.07768766715970381,0.28002899627307454,0.14716588952953105,0.0,True,3,10,13307360.72840574,13312861.49486814,"[0.28002899627307454,0.07768766715970381,0.0837810051558148]","[3.5710587593027503,12.872055971821188,11.935879715696052]","[9.424787735210411e-06,4.6771910685231853e-07,1.9217514939145442e-07]",direct_vp,[],3097490.075271544,3096560,True,270485466.12533027,79.3160688443174,101.93275011176283,0.011584520424479723,"[4.987762362602035,4.9881231892117555,5.012515267919543]",24.587476222077385,121.70615698583424,147.09104200988077,nan,nan,nan,nan,nan,nan,nan,,,nan,nan,nan,nan,nan,nan,nan,nan,nan,,,,nan,nan,nan,nan,nan,,False,,nan,,,nan,nan,nan,,,,,,,,9.169614259928043e-05,3.6125843664405514e-07,0.008795708666058959,nan,nan,nan,False,not_run,not_requested,"[0.28002899627307454,0.07768766715970381,0.0837810051558148]","[3.5710587593027503,12.872055971821188,11.935879715696052]","[9.424787735210411e-06,4.6771910685231853e-07,1.9217514939145442e-07]",,,,270485466.12533027,79.3160688443174,nan,nan,direct_vp,direct_vp,False,[],False,1.0,nan,nan,,,nan,nan,nan,False,nan,,,False,,nan,nan,,,nan,nan,nan,False,nan,,,,False,nan,nan,reliability_gated_ris_only,nan,nan,,decoupled_robust,legacy_multistart,0.0
fig5,adaptive_jones_vp_proposed,3,3422926171,15.0,snr_db,15.0,3,3,3,3,full_6d,3422926171,,,nan,,False,,122.61355259898119,9.169614259928043e-05,9.169614259928043e-05,3.6125843664405514e-07,4.237100303250299e-05,2.2501411283226202e-13,0.008795708666058959,False,direct_vp,global_exact_spherical_vp,main_single_proposed,True,c511a84b49100e0b,adaptive_jones,cpu,False,,legacy_least_squares,cpu,explicit,,legacy_least_squares_numerical,False,,,0,0,,,,,,,,fixed_pol_anchor,True,fixed_anchor_then_adaptive_jones_score_selection,fixed_pol_anchor,0.07768766715970381,0.28002899627307454,0.14716588952953105,0.0,True,3,10,13307360.72840574,13312861.49486814,"[0.28002899627307454,0.07768766715970381,0.0837810051558148]","[3.5710587593027503,12.872055971821188,11.935879715696052]","[9.424787735210411e-06,4.6771910685231853e-07,1.9217514939145442e-07]",direct_vp,[],3097490.075271544,3096560,True,270485466.12533027,79.3160688443174,101.93275011176283,0.011584520424479723,"[4.987762362602035,4.9881231892117555,5.012515267919543]",24.587476222077385,117.40981725021265,142.79470227425918,nan,nan,nan,nan,nan,nan,nan,,,nan,nan,nan,nan,nan,nan,nan,nan,nan,,,,nan,nan,nan,nan,nan,,False,,nan,,,nan,nan,nan,,,,,,,,9.169614259928043e-05,3.6125843664405514e-07,0.008795708666058959,nan,nan,nan,False,not_run,not_requested,"[0.28002899627307454,0.07768766715970381,0.0837810051558148]","[3.5710587593027503,12.872055971821188,11.935879715696052]","[9.424787735210411e-06,4.6771910685231853e-07,1.9217514939145442e-07]",,,,270485466.12533027,79.3160688443174,nan,nan,direct_vp,direct_vp,False,[],True,1.0,0.000562081633961582,0.000562081633961582,2,data_only_efim_tau_crb,0.006843985400588255,1.553827099935704e-06,1.553827099935704e-06,True,0.0005636354610615177,green,clock_green,False,ngc_green_skip_rescue,nan,nan,2,,nan,nan,nan,False,nan,,candidate_unavailable,ngc_green_skip_rescue,False,9.21034037197618,13.815510557964274,ngc_certified_ris_only,nan,nan,,decoupled_robust,legacy_multistart,0.0
fig5,force_rescue,3,3422926171,15.0,snr_db,15.0,3,3,3,3,full_6d,3422926171,,,nan,,False,,288.84907013503835,9.169614259928043e-05,9.169614259928043e-05,3.6125843664405514e-07,4.237100303250299e-05,2.2501411283226202e-13,0.008795708666058959,False,direct_vp_rollback,global_exact_spherical_vp,main_single_proposed,True,1270941761dfd993,adaptive_jones,cpu,False,,legacy_least_squares,cpu,explicit,,legacy_least_squares_numerical,False,,,0,0,,,,,,,,fixed_pol_anchor,True,fixed_anchor_then_adaptive_jones_score_selection,fixed_pol_anchor,0.07768766715970381,0.28002899627307454,0.14716588952953105,0.0,True,3,10,13307360.72840574,13312861.49486814,"[0.28002899627307454,0.07768766715970381,0.0837810051558148]","[3.5710587593027503,12.872055971821188,11.935879715696052]","[9.424787735210411e-06,4.6771910685231853e-07,1.9217514939145442e-07]",jnpp_then_vp,[],3097490.075271544,3096560,True,270485466.12533027,79.3160688443174,101.93275011176283,0.011584520424479723,"[4.987762362602035,4.9881231892117555,5.012515267919543]",24.587476222077385,123.05833020084538,148.4432152248919,nan,nan,nan,nan,nan,nan,nan,,,nan,nan,nan,nan,nan,nan,nan,nan,nan,,,,nan,nan,nan,nan,nan,,False,,nan,,,nan,nan,nan,,,,,,,,9.169614259928043e-05,3.6125843664405514e-07,0.008795708666058959,9.169546183785044e-05,3.61257816078437e-07,0.00879570866605887,True,rollback,existing_selector_rollback,"[0.28002899627307454,0.07768766715970381,0.0837810051558148]","[3.5710587593027503,12.872055971821188,11.935879715696052]","[9.424787735210411e-06,4.6771910685231853e-07,1.9217514939145442e-07]","[0.28002899642552637,0.07768766712109923,0.08378100521896648]","[3.571058757358614,12.872055978217576,11.935879706699135]","[9.506159404842757e-06,4.70771226746959e-07,1.7613669498631437e-07]",270485466.12533027,79.3160688443174,270485465.7881096,79.31606896001914,direct_vp,direct_vp,False,[],False,1.0,nan,nan,,,nan,nan,nan,False,nan,,,False,,nan,nan,,,nan,nan,nan,False,nan,,,,False,nan,nan,force_ris_only,0.7000002984115695,0.006406676545890091,3,decoupled_robust,legacy_multistart,0.0
fig5,oracle_init_vp,3,3422926171,15.0,snr_db,15.0,3,3,3,3,full_6d,3422926171,,,nan,,False,,43.344028882915154,9.169487892325367e-05,9.169487892325367e-05,3.6125834692116355e-07,4.237074059796045e-05,2.250147462528508e-13,0.008795708666058907,False,oracle_init_vp,global_exact_spherical_vp,,False,,adaptive_jones,cupy,True,0,cupy,cupy.linalg.solve,explicit,matrix_free,analytic_reduced_vp_explicit_gradient,False,matrix_free_cpu_only_gpu_backend,,0,0,0,0,,,,,,fixed_pol_anchor,False,,fixed_pol_anchor,nan,nan,nan,nan,False,3,4,3096725.458075429,3096809.561357561,"[0.2763673933854858,0.07681884121977738,0.06669698940502947]","[3.618371862721492,13.017639736831496,14.993180485662604]","[6.873613455804406e-07,1.5631833482092202e-07,3.354546153051417e-08]",oracle_init_vp,"[""oracle_truth_initialization""]",nan,,,nan,nan,nan,nan,,0.0,43.341926665976644,43.341926665976644,nan,nan,nan,nan,nan,nan,nan,,,nan,nan,nan,nan,nan,nan,nan,nan,nan,,,,nan,nan,nan,nan,nan,,False,,nan,,,nan,nan,nan,,,,,,,,nan,nan,nan,nan,nan,nan,False,,,,,,,,,nan,nan,nan,nan,,,,[],False,nan,nan,nan,,,nan,nan,nan,False,nan,,,False,,nan,nan,,,nan,nan,nan,False,nan,,,,False,nan,nan,,nan,nan,,,legacy_multistart,
fig5,direct_vp,0,3147786918,20.0,snr_db,20.0,3,3,3,3,full_6d,3147786918,,,nan,,False,,78.00916999392211,3.721416378719548e-05,3.721416378719548e-05,2.5933571733535186e-08,5.74027752601732e-06,3.138610755565805e-14,0.003963112901421458,False,direct_vp,global_exact_spherical_vp,proposed_post_stage1,False,1bbc90343c9d3ac8,adaptive_jones,cpu,False,,legacy_least_squares,cpu,explicit,,legacy_least_squares_numerical,False,,,0,0,,,,,,,,fixed_pol_anchor,True,fixed_anchor_then_adaptive_jones_score_selection,fixed_pol_anchor,0.018693492864599953,0.07305042844674119,0.040675698109510876,0.0,True,3,4,3095619.276435866,nan,"[0.07305042844674119,0.018693492864599953,0.030283173017191477]","[13.689173647064864,53.494550603418304,33.021638763952474]",,direct_vp,[],3095469.818360437,3096560,True,822248947.0218004,69.83803504590036,184.71927024146095,0.0024574272276072684,"[5.000217822937568,4.994205212708,4.997459826654492]",28.74839217402041,70.88511646096595,101.10892761009745,nan,nan,nan,nan,nan,nan,nan,,,nan,nan,nan,nan,nan,nan,nan,nan,nan,,,,nan,nan,nan,nan,nan,,False,,nan,,,nan,nan,nan,,,,,,,,3.721416378719548e-05,2.5933571733535186e-08,0.003963112901421458,nan,nan,nan,False,not_run,not_requested,"[0.07305042844674119,0.018693492864599953,0.030283173017191477]","[13.689173647064864,53.494550603418304,33.021638763952474]",,,,,822248947.0218004,69.83803504590036,nan,nan,direct_vp,direct_vp,False,[],False,1.0,nan,nan,,,nan,nan,nan,False,nan,,,False,,nan,nan,,,nan,nan,nan,False,nan,,,,False,nan,nan,reliability_gated,nan,nan,,decoupled_robust,legacy_multistart,0.0
fig5,old_gated,0,3147786918,20.0,snr_db,20.0,3,3,3,3,full_6d,3147786918,,,nan,,False,,58.33345796004869,3.721416378719548e-05,3.721416378719548e-05,2.5933571733535186e-08,5.74027752601732e-06,3.138610755565805e-14,0.003963112901421458,False,direct_vp,global_exact_spherical_vp,main_single_proposed,True,4d58c091b79dd680,adaptive_jones,cpu,False,,legacy_least_squares,cpu,explicit,,legacy_least_squares_numerical,False,,,0,0,,,,,,,,fixed_pol_anchor,True,fixed_anchor_then_adaptive_jones_score_selection,fixed_pol_anchor,0.018693492864599953,0.07305042844674119,0.040675698109510876,0.0,True,3,4,3095619.276435866,nan,"[0.07305042844674119,0.018693492864599953,0.030283173017191477]","[13.689173647064864,53.494550603418304,33.021638763952474]",,direct_vp,[],3095469.818360437,3096560,True,822248947.0218004,69.83803504590036,184.71927024146095,0.0024574272276072684,"[5.000217822937568,4.994205212708,4.997459826654492]",28.74839217402041,53.251815150957555,83.47562630008906,nan,nan,nan,nan,nan,nan,nan,,,nan,nan,nan,nan,nan,nan,nan,nan,nan,,,,nan,nan,nan,nan,nan,,False,,nan,,,nan,nan,nan,,,,,,,,3.721416378719548e-05,2.5933571733535186e-08,0.003963112901421458,nan,nan,nan,False,not_run,not_requested,"[0.07305042844674119,0.018693492864599953,0.030283173017191477]","[13.689173647064864,53.494550603418304,33.021638763952474]",,,,,822248947.0218004,69.83803504590036,nan,nan,direct_vp,direct_vp,False,[],False,1.0,nan,nan,,,nan,nan,nan,False,nan,,,False,,nan,nan,,,nan,nan,nan,False,nan,,,,False,nan,nan,reliability_gated_ris_only,nan,nan,,decoupled_robust,legacy_multistart,0.0
fig5,adaptive_jones_vp_proposed,0,3147786918,20.0,snr_db,20.0,3,3,3,3,full_6d,3147786918,,,nan,,False,,53.43046874785796,3.721416378719548e-05,3.721416378719548e-05,2.5933571733535186e-08,5.74027752601732e-06,3.138610755565805e-14,0.003963112901421458,False,direct_vp,global_exact_spherical_vp,main_single_proposed,True,bc3709493a405792,adaptive_jones,cpu,False,,legacy_least_squares,cpu,explicit,,legacy_least_squares_numerical,False,,,0,0,,,,,,,,fixed_pol_anchor,True,fixed_anchor_then_adaptive_jones_score_selection,fixed_pol_anchor,0.018693492864599953,0.07305042844674119,0.040675698109510876,0.0,True,3,4,3095619.276435866,nan,"[0.07305042844674119,0.018693492864599953,0.030283173017191477]","[13.689173647064864,53.494550603418304,33.021638763952474]",,direct_vp,[],3095469.818360437,3096560,True,822248947.0218004,69.83803504590036,184.71927024146095,0.0024574272276072684,"[5.000217822937568,4.994205212708,4.997459826654492]",28.74839217402041,49.15125966002233,79.37507080915384,nan,nan,nan,nan,nan,nan,nan,,,nan,nan,nan,nan,nan,nan,nan,nan,nan,,,,nan,nan,nan,nan,nan,,False,,nan,,,nan,nan,nan,,,,,,,,3.721416378719548e-05,2.5933571733535186e-08,0.003963112901421458,nan,nan,nan,False,not_run,not_requested,"[0.07305042844674119,0.018693492864599953,0.030283173017191477]","[13.689173647064864,53.494550603418304,33.021638763952474]",,,,,822248947.0218004,69.83803504590036,nan,nan,direct_vp,direct_vp,False,[],True,1.0,2.363043255584311e-05,2.363043255584311e-05,2,data_only_efim_tau_crb,0.0014032828342807183,2.506766500560996e-07,2.506766500560996e-07,True,2.388110920589921e-05,green,clock_green,False,ngc_green_skip_rescue,nan,nan,2,,nan,nan,nan,False,nan,,candidate_unavailable,ngc_green_skip_rescue,False,9.21034037197618,13.815510557964274,ngc_certified_ris_only,nan,nan,,decoupled_robust,legacy_multistart,0.0
fig5,force_rescue,0,3147786918,20.0,snr_db,20.0,3,3,3,3,full_6d,3147786918,,,nan,,False,,94.06323301699013,3.721416378719548e-05,3.721416378719548e-05,2.5933571733535186e-08,5.74027752601732e-06,3.138610755565805e-14,0.003963112901421458,False,direct_vp_rollback,global_exact_spherical_vp,main_single_proposed,True,d1b272b575cadfdd,adaptive_jones,cpu,False,,legacy_least_squares,cpu,explicit,,legacy_least_squares_numerical,False,,,0,0,,,,,,,,fixed_pol_anchor,True,fixed_anchor_then_adaptive_jones_score_selection,fixed_pol_anchor,0.018693492864599953,0.07305042844674119,0.040675698109510876,0.0,True,3,4,3095619.276435866,nan,"[0.07305042844674119,0.018693492864599953,0.030283173017191477]","[13.689173647064864,53.494550603418304,33.021638763952474]",,jnpp_then_vp,[],3095469.818360437,3096560,True,822248947.0218004,69.83803504590036,184.71927024146095,0.0024574272276072684,"[5.000217822937568,4.994205212708,4.997459826654492]",28.74839217402041,40.562697123968974,70.78650827310048,nan,nan,nan,nan,nan,nan,nan,,,nan,nan,nan,nan,nan,nan,nan,nan,nan,,,,nan,nan,nan,nan,nan,,False,,nan,,,nan,nan,nan,,,,,,,,3.721416378719548e-05,2.5933571733535186e-08,0.003963112901421458,3.721377288702599e-05,2.5933496685042476e-08,0.003963112901421427,True,rollback,existing_selector_rollback,"[0.07305042844674119,0.018693492864599953,0.030283173017191477]","[13.689173647064864,53.494550603418304,33.021638763952474]",,"[0.07305042844701758,0.018693492864690714,0.03028317301714116]","[13.68917364701307,53.49455060315859,33.02163876400734]",,822248947.0218004,69.83803504590036,822248945.911004,69.8380351342819,direct_vp,direct_vp,False,[],False,1.0,nan,nan,,,nan,nan,nan,False,nan,,,False,,nan,nan,,,nan,nan,nan,False,nan,,,,False,nan,nan,force_ris_only,4.1186707489763106e-05,0.0015048895940008467,3,decoupled_robust,legacy_multistart,0.0
fig5,oracle_init_vp,0,3147786918,20.0,snr_db,20.0,3,3,3,3,full_6d,3147786918,,,nan,,False,,26.310949987964705,3.7213280996484704e-05,3.7213280996484704e-05,2.593338714003937e-08,5.740195175042303e-06,3.138611569857852e-14,0.00396311290142145,False,oracle_init_vp,global_exact_spherical_vp,,False,,adaptive_jones,cupy,True,0,cupy,cupy.linalg.solve,explicit,matrix_free,analytic_reduced_vp_explicit_gradient,False,matrix_free_cpu_only_gpu_backend,,0,0,0,0,,,,,,fixed_pol_anchor,False,,fixed_pol_anchor,nan,nan,nan,nan,False,3,4,3096725.458075429,3096812.986083828,"[0.07302433283635669,0.018686815037892254,0.03027235503946069]","[13.69406554169922,53.5136671483197,33.03343921199548]","[6.079152305577578e-09,8.25423400808924e-09,1.1408230341110341e-09]",oracle_init_vp,"[""oracle_truth_initialization""]",nan,,,nan,nan,nan,nan,,0.0,26.309228458907455,26.309228458907455,nan,nan,nan,nan,nan,nan,nan,,,nan,nan,nan,nan,nan,nan,nan,nan,nan,,,,nan,nan,nan,nan,nan,,False,,nan,,,nan,nan,nan,,,,,,,,nan,nan,nan,nan,nan,nan,False,,,,,,,,,nan,nan,nan,nan,,,,[],False,nan,nan,nan,,,nan,nan,nan,False,nan,,,False,,nan,nan,,,nan,nan,nan,False,nan,,,,False,nan,nan,,nan,nan,,,legacy_multistart,
fig5,direct_vp,1,112311654,20.0,snr_db,20.0,3,3,3,3,full_6d,112311654,,,nan,,False,,45.41166840586811,1.2885523098008478e-05,1.2885523098008478e-05,8.861628613031056e-08,1.0061876061539516e-05,5.893215062869057e-14,0.0030381711202707527,False,direct_vp,global_exact_spherical_vp,proposed_post_stage1,False,3eb44a48ee218833,adaptive_jones,cpu,False,,legacy_least_squares,cpu,explicit,,legacy_least_squares_numerical,False,,,0,0,,,,,,,,fixed_pol_anchor,True,fixed_anchor_then_adaptive_jones_score_selection,fixed_pol_anchor,0.01204050717943113,0.4019018195433906,0.16080976710237993,0.0,True,3,4,3096579.5356448814,nan,"[0.06848697458431803,0.01204050717943113,0.4019018195433906]","[14.60131661632647,83.05297983695354,2.4881698747612533]",,direct_vp,[],3096430.0775694526,3096560,True,511573707.11218816,98.5514393717294,88.14270519661336,0.016197652173724687,"[5.000261080865679,4.9996129327283825,4.965581182840554]",25.575047129997984,40.96669887006283,68.00534077524208,nan,nan,nan,nan,nan,nan,nan,,,nan,nan,nan,nan,nan,nan,nan,nan,nan,,,,nan,nan,nan,nan,nan,,False,,nan,,,nan,nan,nan,,,,,,,,1.2885523098008478e-05,8.861628613031056e-08,0.0030381711202707527,nan,nan,nan,False,not_run,not_requested,"[0.06848697458431803,0.01204050717943113,0.4019018195433906]","[14.60131661632647,83.05297983695354,2.4881698747612533]",,,,,511573707.11218816,98.5514393717294,nan,nan,direct_vp,direct_vp,False,[],False,1.0,nan,nan,,,nan,nan,nan,False,nan,,,False,,nan,nan,,,nan,nan,nan,False,nan,,,,False,nan,nan,reliability_gated,nan,nan,,decoupled_robust,legacy_multistart,0.0
fig5,old_gated,1,112311654,20.0,snr_db,20.0,3,3,3,3,full_6d,112311654,,,nan,,False,,40.95344834099524,1.2885523098008478e-05,1.2885523098008478e-05,8.861628613031056e-08,1.0061876061539516e-05,5.893215062869057e-14,0.0030381711202707527,False,direct_vp,global_exact_spherical_vp,main_single_proposed,True,9ce8310f14af9968,adaptive_jones,cpu,False,,legacy_least_squares,cpu,explicit,,legacy_least_squares_numerical,False,,,0,0,,,,,,,,fixed_pol_anchor,True,fixed_anchor_then_adaptive_jones_score_selection,fixed_pol_anchor,0.01204050717943113,0.4019018195433906,0.16080976710237993,0.0,True,3,4,3096579.5356448814,nan,"[0.06848697458431803,0.01204050717943113,0.4019018195433906]","[14.60131661632647,83.05297983695354,2.4881698747612533]",,direct_vp,[],3096430.0775694526,3096560,True,511573707.11218816,98.5514393717294,88.14270519661336,0.016197652173724687,"[5.000261080865679,4.9996129327283825,4.965581182840554]",25.575047129997984,37.05603676685132,64.09467867203057,nan,nan,nan,nan,nan,nan,nan,,,nan,nan,nan,nan,nan,nan,nan,nan,nan,,,,nan,nan,nan,nan,nan,,False,,nan,,,nan,nan,nan,,,,,,,,1.2885523098008478e-05,8.861628613031056e-08,0.0030381711202707527,nan,nan,nan,False,not_run,not_requested,"[0.06848697458431803,0.01204050717943113,0.4019018195433906]","[14.60131661632647,83.05297983695354,2.4881698747612533]",,,,,511573707.11218816,98.5514393717294,nan,nan,direct_vp,direct_vp,False,[],False,1.0,nan,nan,,,nan,nan,nan,False,nan,,,False,,nan,nan,,,nan,nan,nan,False,nan,,,,False,nan,nan,reliability_gated_ris_only,nan,nan,,decoupled_robust,legacy_multistart,0.0
fig5,adaptive_jones_vp_proposed,1,112311654,20.0,snr_db,20.0,3,3,3,3,full_6d,112311654,,,nan,,False,,45.824370538815856,1.2885523098008478e-05,1.2885523098008478e-05,8.861628613031056e-08,1.0061876061539516e-05,5.893215062869057e-14,0.0030381711202707527,False,direct_vp,global_exact_spherical_vp,main_single_proposed,True,880504d54db14c36,adaptive_jones,cpu,False,,legacy_least_squares,cpu,explicit,,legacy_least_squares_numerical,False,,,0,0,,,,,,,,fixed_pol_anchor,True,fixed_anchor_then_adaptive_jones_score_selection,fixed_pol_anchor,0.01204050717943113,0.4019018195433906,0.16080976710237993,0.0,True,3,4,3096579.5356448814,nan,"[0.06848697458431803,0.01204050717943113,0.4019018195433906]","[14.60131661632647,83.05297983695354,2.4881698747612533]",,direct_vp,[],3096430.0775694526,3096560,True,511573707.11218816,98.5514393717294,88.14270519661336,0.016197652173724687,"[5.000261080865679,4.9996129327283825,4.965581182840554]",25.575047129997984,41.7832310909871,68.82187299616635,nan,nan,nan,nan,nan,nan,nan,,,nan,nan,nan,nan,nan,nan,nan,nan,nan,,,,nan,nan,nan,nan,nan,,False,,nan,,,nan,nan,nan,,,,,,,,1.2885523098008478e-05,8.861628613031056e-08,0.0030381711202707527,nan,nan,nan,False,not_run,not_requested,"[0.06848697458431803,0.01204050717943113,0.4019018195433906]","[14.60131661632647,83.05297983695354,2.4881698747612533]",,,,,511573707.11218816,98.5514393717294,nan,nan,direct_vp,direct_vp,False,[],True,1.0,3.405208394299398e-06,3.405208394299398e-06,2,data_only_efim_tau_crb,0.0005326981942822939,1.3427926201368483e-06,1.3427926201368483e-06,True,4.748001014436246e-06,green,clock_green,False,ngc_green_skip_rescue,nan,nan,2,,nan,nan,nan,False,nan,,candidate_unavailable,ngc_green_skip_rescue,False,9.21034037197618,13.815510557964274,ngc_certified_ris_only,nan,nan,,decoupled_robust,legacy_multistart,0.0
fig5,force_rescue,1,112311654,20.0,snr_db,20.0,3,3,3,3,full_6d,112311654,,,nan,,False,,94.5463578500785,1.2885523098008478e-05,1.2885523098008478e-05,8.861628613031056e-08,1.0061876061539516e-05,5.893215062869057e-14,0.0030381711202707527,False,direct_vp_rollback,global_exact_spherical_vp,main_single_proposed,True,4363d4671c93cd87,adaptive_jones,cpu,False,,legacy_least_squares,cpu,explicit,,legacy_least_squares_numerical,False,,,0,0,,,,,,,,fixed_pol_anchor,True,fixed_anchor_then_adaptive_jones_score_selection,fixed_pol_anchor,0.01204050717943113,0.4019018195433906,0.16080976710237993,0.0,True,3,4,3096579.5356448814,nan,"[0.06848697458431803,0.01204050717943113,0.4019018195433906]","[14.60131661632647,83.05297983695354,2.4881698747612533]",,jnpp_then_vp,[],3096430.0775694526,3096560,True,511573707.11218816,98.5514393717294,88.14270519661336,0.016197652173724687,"[5.000261080865679,4.9996129327283825,4.965581182840554]",25.575047129997984,39.945371445966884,66.98401335114613,nan,nan,nan,nan,nan,nan,nan,,,nan,nan,nan,nan,nan,nan,nan,nan,nan,,,,nan,nan,nan,nan,nan,,False,,nan,,,nan,nan,nan,,,,,,,,1.2885523098008478e-05,8.861628613031056e-08,0.0030381711202707527,1.2885577969262154e-05,8.861629708183554e-08,0.003038171120270746,True,rollback,existing_selector_rollback,"[0.06848697458431803,0.01204050717943113,0.4019018195433906]","[14.60131661632647,83.05297983695354,2.4881698747612533]",,"[0.06848697458428181,0.01204050717943404,0.40190181954373]","[14.601316616334193,83.05297983693347,2.4881698747591523]",,511573707.11218816,98.5514393717294,511573707.30030733,98.55143933431206,direct_vp,direct_vp,False,[],False,1.0,nan,nan,,,nan,nan,nan,False,nan,,,False,,nan,nan,,,nan,nan,nan,False,nan,,,,False,nan,nan,force_ris_only,5.4624266185032204e-05,0.0007200424833944595,3,decoupled_robust,legacy_multistart,0.0
fig5,oracle_init_vp,1,112311654,20.0,snr_db,20.0,3,3,3,3,full_6d,112311654,,,nan,,False,,24.015735137974843,1.2885434104250432e-05,1.2885434104250432e-05,8.861627218522466e-08,1.0061867122331042e-05,5.893215957709646e-14,0.0030381711202707375,False,oracle_init_vp,global_exact_spherical_vp,,False,,adaptive_jones,cupy,True,0,cupy,cupy.linalg.solve,explicit,matrix_free,analytic_reduced_vp_explicit_gradient,False,matrix_free_cpu_only_gpu_backend,,0,0,0,0,,,,,,fixed_pol_anchor,False,,fixed_pol_anchor,nan,nan,nan,nan,False,3,4,3096725.458075429,3096808.0206803037,"[0.06848374721786238,0.012039939784967655,0.4018828804047438]","[14.602004718268468,83.05689379348291,2.488287132292073]","[1.3455337737390506e-07,5.011465614566017e-09,7.304309032450486e-08]",oracle_init_vp,"[""oracle_truth_initialization""]",nan,,,nan,nan,nan,nan,,0.0,24.01401066291146,24.01401066291146,nan,nan,nan,nan,nan,nan,nan,,,nan,nan,nan,nan,nan,nan,nan,nan,nan,,,,nan,nan,nan,nan,nan,,False,,nan,,,nan,nan,nan,,,,,,,,nan,nan,nan,nan,nan,nan,False,,,,,,,,,nan,nan,nan,nan,,,,[],False,nan,nan,nan,,,nan,nan,nan,False,nan,,,False,,nan,nan,,,nan,nan,nan,False,nan,,,,False,nan,nan,,nan,nan,,,legacy_multistart,
fig5,direct_vp,19,3846521747,15.0,snr_db,15.0,3,3,3,3,full_6d,3846521747,,,nan,,False,,77.69209263497032,0.00012861725650052064,0.00012861725650052064,2.1612967722672212e-07,3.8513626977968237e-05,4.087419517692599e-14,0.00374819890894447,False,direct_vp,global_exact_spherical_vp,proposed_post_stage1,False,c8ee3ed176c5781e,adaptive_jones,cpu,False,,legacy_least_squares,cpu,explicit,,legacy_least_squares_numerical,False,,,0,0,,,,,,,,fixed_pol_anchor,True,fixed_anchor_then_adaptive_jones_score_selection,fixed_pol_anchor,0.05904853334763432,0.15099242741408145,0.11133790259636267,0.0,True,3,4,3095370.7629836933,nan,"[0.12397274702737227,0.05904853334763432,0.15099242741408145]","[8.066288954451283,16.935221644078386,6.622848689341554]",,direct_vp,[],3095221.3049082644,3096560,True,209605830.959318,80.98345703759293,95.38760900124112,0.022631315437986355,"[5.00592576189453,4.9893554860967795,5.043453978413677]",45.11596340290271,70.52032959111966,116.55466973315924,nan,nan,nan,nan,nan,nan,nan,,,nan,nan,nan,nan,nan,nan,nan,nan,nan,,,,nan,nan,nan,nan,nan,,False,,nan,,,nan,nan,nan,,,,,,,,0.00012861725650052064,2.1612967722672212e-07,0.00374819890894447,nan,nan,nan,False,not_run,not_requested,"[0.12397274702737227,0.05904853334763432,0.15099242741408145]","[8.066288954451283,16.935221644078386,6.622848689341554]",,,,,209605830.959318,80.98345703759293,nan,nan,direct_vp,direct_vp,False,[],False,1.0,nan,nan,,,nan,nan,nan,False,nan,,,False,,nan,nan,,,nan,nan,nan,False,nan,,,,False,nan,nan,reliability_gated,nan,nan,,decoupled_robust,legacy_multistart,0.0
fig5,old_gated,19,3846521747,15.0,snr_db,15.0,3,3,3,3,full_6d,3846521747,,,nan,,False,,77.75773900304921,0.00012861725650052064,0.00012861725650052064,2.1612967722672212e-07,3.8513626977968237e-05,4.087419517692599e-14,0.00374819890894447,False,direct_vp,global_exact_spherical_vp,main_single_proposed,True,0368f11aa2e970f4,adaptive_jones,cpu,False,,legacy_least_squares,cpu,explicit,,legacy_least_squares_numerical,False,,,0,0,,,,,,,,fixed_pol_anchor,True,fixed_anchor_then_adaptive_jones_score_selection,fixed_pol_anchor,0.05904853334763432,0.15099242741408145,0.11133790259636267,0.0,True,3,4,3095370.7629836933,nan,"[0.12397274702737227,0.05904853334763432,0.15099242741408145]","[8.066288954451283,16.935221644078386,6.622848689341554]",,direct_vp,[],3095221.3049082644,3096560,True,209605830.959318,80.98345703759293,95.38760900124112,0.022631315437986355,"[5.00592576189453,4.9893554860967795,5.043453978413677]",45.11596340290271,70.88628561492078,116.92062575696036,nan,nan,nan,nan,nan,nan,nan,,,nan,nan,nan,nan,nan,nan,nan,nan,nan,,,,nan,nan,nan,nan,nan,,False,,nan,,,nan,nan,nan,,,,,,,,0.00012861725650052064,2.1612967722672212e-07,0.00374819890894447,nan,nan,nan,False,not_run,not_requested,"[0.12397274702737227,0.05904853334763432,0.15099242741408145]","[8.066288954451283,16.935221644078386,6.622848689341554]",,,,,209605830.959318,80.98345703759293,nan,nan,direct_vp,direct_vp,False,[],False,1.0,nan,nan,,,nan,nan,nan,False,nan,,,False,,nan,nan,,,nan,nan,nan,False,nan,,,,False,nan,nan,reliability_gated_ris_only,nan,nan,,decoupled_robust,legacy_multistart,0.0
fig5,adaptive_jones_vp_proposed,19,3846521747,15.0,snr_db,15.0,3,3,3,3,full_6d,3846521747,,,nan,,False,,77.18393445690162,0.00012861725650052064,0.00012861725650052064,2.1612967722672212e-07,3.8513626977968237e-05,4.087419517692599e-14,0.00374819890894447,False,direct_vp,global_exact_spherical_vp,main_single_proposed,True,30cd09f46eeea1f8,adaptive_jones,cpu,False,,legacy_least_squares,cpu,explicit,,legacy_least_squares_numerical,False,,,0,0,,,,,,,,fixed_pol_anchor,True,fixed_anchor_then_adaptive_jones_score_selection,fixed_pol_anchor,0.05904853334763432,0.15099242741408145,0.11133790259636267,0.0,True,3,4,3095370.7629836933,nan,"[0.12397274702737227,0.05904853334763432,0.15099242741408145]","[8.066288954451283,16.935221644078386,6.622848689341554]",,direct_vp,[],3095221.3049082644,3096560,True,209605830.959318,80.98345703759293,95.38760900124112,0.022631315437986355,"[5.00592576189453,4.9893554860967795,5.043453978413677]",45.11596340290271,70.19589616707526,116.23023630911484,nan,nan,nan,nan,nan,nan,nan,,,nan,nan,nan,nan,nan,nan,nan,nan,nan,,,,nan,nan,nan,nan,nan,,False,,nan,,,nan,nan,nan,,,,,,,,0.00012861725650052064,2.1612967722672212e-07,0.00374819890894447,nan,nan,nan,False,not_run,not_requested,"[0.12397274702737227,0.05904853334763432,0.15099242741408145]","[8.066288954451283,16.935221644078386,6.622848689341554]",,,,,209605830.959318,80.98345703759293,nan,nan,direct_vp,direct_vp,False,[],True,1.0,3.114397586761712e-05,3.114397586761712e-05,2,data_only_efim_tau_crb,0.0016110032036906155,3.893472662394151e-06,3.893472662394151e-06,True,3.503744853001127e-05,green,clock_green,False,ngc_green_skip_rescue,nan,nan,2,,nan,nan,nan,False,nan,,candidate_unavailable,ngc_green_skip_rescue,False,9.21034037197618,13.815510557964274,ngc_certified_ris_only,nan,nan,,decoupled_robust,legacy_multistart,0.0
fig5,force_rescue,19,3846521747,15.0,snr_db,15.0,3,3,3,3,full_6d,3846521747,,,nan,,False,,171.31306401803158,0.00012861725650052064,0.00012861725650052064,2.1612967722672212e-07,3.8513626977968237e-05,4.087419517692599e-14,0.00374819890894447,False,direct_vp_rollback,global_exact_spherical_vp,main_single_proposed,True,e507f22e316768f3,adaptive_jones,cpu,False,,legacy_least_squares,cpu,explicit,,legacy_least_squares_numerical,False,,,0,0,,,,,,,,fixed_pol_anchor,True,fixed_anchor_then_adaptive_jones_score_selection,fixed_pol_anchor,0.05904853334763432,0.15099242741408145,0.11133790259636267,0.0,True,3,4,3095370.7629836933,nan,"[0.12397274702737227,0.05904853334763432,0.15099242741408145]","[8.066288954451283,16.935221644078386,6.622848689341554]",,jnpp_then_vp,[],3095221.3049082644,3096560,True,209605830.959318,80.98345703759293,95.38760900124112,0.022631315437986355,"[5.00592576189453,4.9893554860967795,5.043453978413677]",45.11596340290271,70.66451225895435,116.69885240099393,nan,nan,nan,nan,nan,nan,nan,,,nan,nan,nan,nan,nan,nan,nan,nan,nan,,,,nan,nan,nan,nan,nan,,False,,nan,,,nan,nan,nan,,,,,,,,0.00012861725650052064,2.1612967722672212e-07,0.00374819890894447,0.0001286192242923984,2.1613039346777653e-07,0.0037481989089444816,True,rollback,existing_selector_rollback,"[0.12397274702737227,0.05904853334763432,0.15099242741408145]","[8.066288954451283,16.935221644078386,6.622848689341554]",,"[0.12397274702997604,0.059048533348266236,0.15099242741590693]","[8.066288954281868,16.93522164389715,6.622848689261485]",,209605830.959318,80.98345703759293,209605832.86394525,80.98345625929147,direct_vp,direct_vp,False,[],False,1.0,nan,nan,,,nan,nan,nan,False,nan,,,False,,nan,nan,,,nan,nan,nan,False,nan,,,,False,nan,nan,force_ris_only,0.0001564805837059088,0.0018611156285827527,3,decoupled_robust,legacy_multistart,0.0
fig5,oracle_init_vp,19,3846521747,15.0,snr_db,15.0,3,3,3,3,full_6d,3846521747,,,nan,,False,,44.041128173004836,0.00012861677723768558,0.00012861677723768558,2.1612909528066372e-07,3.851362989958785e-05,4.0874192149308066e-14,0.0037481989089444808,False,oracle_init_vp,global_exact_spherical_vp,,False,,adaptive_jones,cupy,True,0,cupy,cupy.linalg.solve,explicit,matrix_free,analytic_reduced_vp_explicit_gradient,False,matrix_free_cpu_only_gpu_backend,,0,0,0,0,,,,,,fixed_pol_anchor,False,,fixed_pol_anchor,nan,nan,nan,nan,False,3,4,3096725.458075429,3096822.4336435283,"[0.12391851122853181,0.059022700699377414,0.15092637100169953]","[8.069819352135902,16.94263373499765,6.625747332045693]","[5.590984253416702e-09,5.880030725711893e-10,1.461529544662059e-07]",oracle_init_vp,"[""oracle_truth_initialization""]",nan,,,nan,nan,nan,nan,,0.0,44.03943050187081,44.03943050187081,nan,nan,nan,nan,nan,nan,nan,,,nan,nan,nan,nan,nan,nan,nan,nan,nan,,,,nan,nan,nan,nan,nan,,False,,nan,,,nan,nan,nan,,,,,,,,nan,nan,nan,nan,nan,nan,False,,,,,,,,,nan,nan,nan,nan,,,,[],False,nan,nan,nan,,,nan,nan,nan,False,nan,,,False,,nan,nan,,,nan,nan,nan,False,nan,,,,False,nan,nan,,nan,nan,,,legacy_multistart,
fig5,direct_vp,23,2043173887,15.0,snr_db,15.0,3,3,3,3,full_6d,2043173887,,,nan,,False,,78.1857463978231,9.377836720189195e-05,9.377836720189195e-05,1.6277696864885023e-07,7.034517210830564e-06,2.6280533318258506e-14,0.010357436629736544,False,direct_vp,global_exact_spherical_vp,proposed_post_stage1,False,ea9126cb3bfcf46e,adaptive_jones,cpu,False,,legacy_least_squares,cpu,explicit,,legacy_least_squares_numerical,False,,,0,0,,,,,,,,fixed_pol_anchor,True,fixed_anchor_then_adaptive_jones_score_selection,fixed_pol_anchor,0.06590794715885272,0.39174772988103207,0.17661002336224838,0.0,True,3,4,3096395.999770646,nan,"[0.39174772988103207,0.06590794715885272,0.07217439304686027]","[2.552663164897709,15.172677091424395,13.855329539808716]",,direct_vp,[],3096246.541695217,3096560,True,265509720.71298492,63.96693017685108,84.16922428880292,0.010750542562333988,"[5.013883700761402,4.988041060692963,4.996580348099473]",43.68383307312615,71.07207686896436,115.67657487210818,nan,nan,nan,nan,nan,nan,nan,,,nan,nan,nan,nan,nan,nan,nan,nan,nan,,,,nan,nan,nan,nan,nan,,False,,nan,,,nan,nan,nan,,,,,,,,9.377836720189195e-05,1.6277696864885023e-07,0.010357436629736544,nan,nan,nan,False,not_run,not_requested,"[0.39174772988103207,0.06590794715885272,0.07217439304686027]","[2.552663164897709,15.172677091424395,13.855329539808716]",,,,,265509720.71298492,63.96693017685108,nan,nan,direct_vp,direct_vp,False,[],False,1.0,nan,nan,,,nan,nan,nan,False,nan,,,False,,nan,nan,,,nan,nan,nan,False,nan,,,,False,nan,nan,reliability_gated,nan,nan,,decoupled_robust,legacy_multistart,0.0
fig5,old_gated,23,2043173887,15.0,snr_db,15.0,3,3,3,3,full_6d,2043173887,,,nan,,False,,63.23603818099946,9.377836720189195e-05,9.377836720189195e-05,1.6277696864885023e-07,7.034517210830564e-06,2.6280533318258506e-14,0.010357436629736544,False,direct_vp,global_exact_spherical_vp,main_single_proposed,True,43c79be15241f9a4,adaptive_jones,cpu,False,,legacy_least_squares,cpu,explicit,,legacy_least_squares_numerical,False,,,0,0,,,,,,,,fixed_pol_anchor,True,fixed_anchor_then_adaptive_jones_score_selection,fixed_pol_anchor,0.06590794715885272,0.39174772988103207,0.17661002336224838,0.0,True,3,4,3096395.999770646,nan,"[0.39174772988103207,0.06590794715885272,0.07217439304686027]","[2.552663164897709,15.172677091424395,13.855329539808716]",,direct_vp,[],3096246.541695217,3096560,True,265509720.71298492,63.96693017685108,84.16922428880292,0.010750542562333988,"[5.013883700761402,4.988041060692963,4.996580348099473]",43.68383307312615,58.00757735501975,102.61207535816357,nan,nan,nan,nan,nan,nan,nan,,,nan,nan,nan,nan,nan,nan,nan,nan,nan,,,,nan,nan,nan,nan,nan,,False,,nan,,,nan,nan,nan,,,,,,,,9.377836720189195e-05,1.6277696864885023e-07,0.010357436629736544,nan,nan,nan,False,not_run,not_requested,"[0.39174772988103207,0.06590794715885272,0.07217439304686027]","[2.552663164897709,15.172677091424395,13.855329539808716]",,,,,265509720.71298492,63.96693017685108,nan,nan,direct_vp,direct_vp,False,[],False,1.0,nan,nan,,,nan,nan,nan,False,nan,,,False,,nan,nan,,,nan,nan,nan,False,nan,,,,False,nan,nan,reliability_gated_ris_only,nan,nan,,decoupled_robust,legacy_multistart,0.0
fig5,adaptive_jones_vp_proposed,23,2043173887,15.0,snr_db,15.0,3,3,3,3,full_6d,2043173887,,,nan,,False,,57.24469338101335,9.377836720189195e-05,9.377836720189195e-05,1.6277696864885023e-07,7.034517210830564e-06,2.6280533318258506e-14,0.010357436629736544,False,direct_vp,global_exact_spherical_vp,main_single_proposed,True,3429d14d0d1c64ec,adaptive_jones,cpu,False,,legacy_least_squares,cpu,explicit,,legacy_least_squares_numerical,False,,,0,0,,,,,,,,fixed_pol_anchor,True,fixed_anchor_then_adaptive_jones_score_selection,fixed_pol_anchor,0.06590794715885272,0.39174772988103207,0.17661002336224838,0.0,True,3,4,3096395.999770646,nan,"[0.39174772988103207,0.06590794715885272,0.07217439304686027]","[2.552663164897709,15.172677091424395,13.855329539808716]",,direct_vp,[],3096246.541695217,3096560,True,265509720.71298492,63.96693017685108,84.16922428880292,0.010750542562333988,"[5.013883700761402,4.988041060692963,4.996580348099473]",43.68383307312615,52.166067145066336,96.77056514821015,nan,nan,nan,nan,nan,nan,nan,,,nan,nan,nan,nan,nan,nan,nan,nan,nan,,,,nan,nan,nan,nan,nan,,False,,nan,,,nan,nan,nan,,,,,,,,9.377836720189195e-05,1.6277696864885023e-07,0.010357436629736544,nan,nan,nan,False,not_run,not_requested,"[0.39174772988103207,0.06590794715885272,0.07217439304686027]","[2.552663164897709,15.172677091424395,13.855329539808716]",,,,,265509720.71298492,63.96693017685108,nan,nan,direct_vp,direct_vp,False,[],True,1.0,0.00015074265415750956,0.00015074265415750956,2,data_only_efim_tau_crb,0.003544275362674172,9.463465581122252e-07,9.463465581122252e-07,True,0.00015168900071562178,green,clock_green,False,ngc_green_skip_rescue,nan,nan,2,,nan,nan,nan,False,nan,,candidate_unavailable,ngc_green_skip_rescue,False,9.21034037197618,13.815510557964274,ngc_certified_ris_only,nan,nan,,decoupled_robust,legacy_multistart,0.0
fig5,force_rescue,23,2043173887,15.0,snr_db,15.0,3,3,3,3,full_6d,2043173887,,,nan,,False,,121.2498953700997,9.377836720189195e-05,9.377836720189195e-05,1.6277696864885023e-07,7.034517210830564e-06,2.6280533318258506e-14,0.010357436629736544,False,direct_vp_rollback,global_exact_spherical_vp,main_single_proposed,True,d2e1f31a72843783,adaptive_jones,cpu,False,,legacy_least_squares,cpu,explicit,,legacy_least_squares_numerical,False,,,0,0,,,,,,,,fixed_pol_anchor,True,fixed_anchor_then_adaptive_jones_score_selection,fixed_pol_anchor,0.06590794715885272,0.39174772988103207,0.17661002336224838,0.0,True,3,4,3096395.999770646,nan,"[0.39174772988103207,0.06590794715885272,0.07217439304686027]","[2.552663164897709,15.172677091424395,13.855329539808716]",,jnpp_then_vp,[],3096246.541695217,3096560,True,265509720.71298492,63.96693017685108,84.16922428880292,0.010750542562333988,"[5.013883700761402,4.988041060692963,4.996580348099473]",43.68383307312615,52.859183175023645,97.46368117816746,nan,nan,nan,nan,nan,nan,nan,,,nan,nan,nan,nan,nan,nan,nan,nan,nan,,,,nan,nan,nan,nan,nan,,False,,nan,,,nan,nan,nan,,,,,,,,9.377836720189195e-05,1.6277696864885023e-07,0.010357436629736544,9.377830116243765e-05,1.6277687018681826e-07,0.01035743662973657,True,rollback,existing_selector_rollback,"[0.39174772988103207,0.06590794715885272,0.07217439304686027]","[2.552663164897709,15.172677091424395,13.855329539808716]",,"[0.391747729890216,0.06590794715849628,0.07217439304651985]","[2.552663164837866,15.172677091506449,13.855329539874065]",,265509720.71298492,63.96693017685108,265509720.76789132,63.96693017259189,direct_vp,direct_vp,False,[],False,1.0,nan,nan,,,nan,nan,nan,False,nan,,,False,,nan,nan,,,nan,nan,nan,False,nan,,,,False,nan,nan,force_ris_only,1.943261772269897e-05,0.0028144762504688807,3,decoupled_robust,legacy_multistart,0.0
fig5,oracle_init_vp,23,2043173887,15.0,snr_db,15.0,3,3,3,3,full_6d,2043173887,,,nan,,False,,31.49122848501429,9.377776155813008e-05,9.377776155813008e-05,1.627765560569136e-07,7.034592830221014e-06,2.628045429466313e-14,0.010357436629736634,False,oracle_init_vp,global_exact_spherical_vp,,False,,adaptive_jones,cupy,True,0,cupy,cupy.linalg.solve,explicit,matrix_free,analytic_reduced_vp_explicit_gradient,False,matrix_free_cpu_only_gpu_backend,,0,0,0,0,,,,,,fixed_pol_anchor,False,,fixed_pol_anchor,nan,nan,nan,nan,False,3,4,3096725.458075429,3096806.293639159,"[0.39170605012549664,0.06590093492302483,0.07216671409626413]","[2.552934782802623,15.1742915509162,13.8568038260134]","[3.3333378448148936e-07,4.983525214725053e-08,3.946807654118665e-09]",oracle_init_vp,"[""oracle_truth_initialization""]",nan,,,nan,nan,nan,nan,,0.0,31.489641475956887,31.489641475956887,nan,nan,nan,nan,nan,nan,nan,,,nan,nan,nan,nan,nan,nan,nan,nan,nan,,,,nan,nan,nan,nan,nan,,False,,nan,,,nan,nan,nan,,,,,,,,nan,nan,nan,nan,nan,nan,False,,,,,,,,,nan,nan,nan,nan,,,,[],False,nan,nan,nan,,,nan,nan,nan,False,nan,,,False,,nan,nan,,,nan,nan,nan,False,nan,,,,False,nan,nan,,nan,nan,,,legacy_multistart,
fig5,direct_vp,11,3685333214,15.0,snr_db,15.0,3,3,3,3,full_6d,3685333214,,,nan,,False,,113.10111822304316,5.4905386888232634e-06,5.4905386888232634e-06,8.17816767649441e-08,2.333429784456978e-06,1.0109792279351117e-13,0.009054006283877593,False,direct_vp,global_exact_spherical_vp,proposed_post_stage1,False,70c2c3255a49f012,adaptive_jones,cpu,False,,legacy_least_squares,cpu,explicit,,legacy_least_squares_numerical,False,,,0,0,,,,,,,,fixed_pol_anchor,True,fixed_anchor_then_adaptive_jones_score_selection,fixed_pol_anchor,0.03872362642704685,1.043587196729776,0.4500445398127096,0.0,True,3,10,6468486.850178575,6468696.77343657,"[1.043587196729776,0.03872362642704685,0.2678227962813061]","[0.9582332967792188,25.82402766135309,3.7338121096659296]","[4.729682156327877e-06,2.207914016106333e-07,1.582106858872749e-07]",direct_vp,[],3091929.0240738075,3096560,True,189739339.5509364,91.97678247371664,43.33787743580202,0.04224209887611613,"[5.086269393011194,4.99433580063625,4.9991815794074865]",23.671660718973726,107.83243782282807,132.87780375382863,nan,nan,nan,nan,nan,nan,nan,,,nan,nan,nan,nan,nan,nan,nan,nan,nan,,,,nan,nan,nan,nan,nan,,False,,nan,,,nan,nan,nan,,,,,,,,5.4905386888232634e-06,8.17816767649441e-08,0.009054006283877593,nan,nan,nan,False,not_run,not_requested,"[1.043587196729776,0.03872362642704685,0.2678227962813061]","[0.9582332967792188,25.82402766135309,3.7338121096659296]","[4.729682156327877e-06,2.207914016106333e-07,1.582106858872749e-07]",,,,189739339.5509364,91.97678247371664,nan,nan,direct_vp,direct_vp,False,[],False,1.0,nan,nan,,,nan,nan,nan,False,nan,,,False,,nan,nan,,,nan,nan,nan,False,nan,,,,False,nan,nan,reliability_gated,nan,nan,,decoupled_robust,legacy_multistart,0.0
fig5,old_gated,11,3685333214,15.0,snr_db,15.0,3,3,3,3,full_6d,3685333214,,,nan,,False,,129.7448122908827,5.4905386888232634e-06,5.4905386888232634e-06,8.17816767649441e-08,2.333429784456978e-06,1.0109792279351117e-13,0.009054006283877593,False,direct_vp,global_exact_spherical_vp,main_single_proposed,True,ee89f6391d25f219,adaptive_jones,cpu,False,,legacy_least_squares,cpu,explicit,,legacy_least_squares_numerical,False,,,0,0,,,,,,,,fixed_pol_anchor,True,fixed_anchor_then_adaptive_jones_score_selection,fixed_pol_anchor,0.03872362642704685,1.043587196729776,0.4500445398127096,0.0,True,3,10,6468486.850178575,6468696.77343657,"[1.043587196729776,0.03872362642704685,0.2678227962813061]","[0.9582332967792188,25.82402766135309,3.7338121096659296]","[4.729682156327877e-06,2.207914016106333e-07,1.582106858872749e-07]",direct_vp,[],3091929.0240738075,3096560,True,189739339.5509364,91.97678247371664,43.33787743580202,0.04224209887611613,"[5.086269393011194,4.99433580063625,4.9991815794074865]",23.671660718973726,124.52533686789684,149.5707027988974,nan,nan,nan,nan,nan,nan,nan,,,nan,nan,nan,nan,nan,nan,nan,nan,nan,,,,nan,nan,nan,nan,nan,,False,,nan,,,nan,nan,nan,,,,,,,,5.4905386888232634e-06,8.17816767649441e-08,0.009054006283877593,nan,nan,nan,False,not_run,not_requested,"[1.043587196729776,0.03872362642704685,0.2678227962813061]","[0.9582332967792188,25.82402766135309,3.7338121096659296]","[4.729682156327877e-06,2.207914016106333e-07,1.582106858872749e-07]",,,,189739339.5509364,91.97678247371664,nan,nan,direct_vp,direct_vp,False,[],False,1.0,nan,nan,,,nan,nan,nan,False,nan,,,False,,nan,nan,,,nan,nan,nan,False,nan,,,,False,nan,nan,reliability_gated_ris_only,nan,nan,,decoupled_robust,legacy_multistart,0.0
fig5,adaptive_jones_vp_proposed,11,3685333214,15.0,snr_db,15.0,3,3,3,3,full_6d,3685333214,,,nan,,False,,130.22617467097007,5.4905386888232634e-06,5.4905386888232634e-06,8.17816767649441e-08,2.333429784456978e-06,1.0109792279351117e-13,0.009054006283877593,False,direct_vp,global_exact_spherical_vp,main_single_proposed,True,40402af344cb38af,adaptive_jones,cpu,False,,legacy_least_squares,cpu,explicit,,legacy_least_squares_numerical,False,,,0,0,,,,,,,,fixed_pol_anchor,True,fixed_anchor_then_adaptive_jones_score_selection,fixed_pol_anchor,0.03872362642704685,1.043587196729776,0.4500445398127096,0.0,True,3,10,6468486.850178575,6468696.77343657,"[1.043587196729776,0.03872362642704685,0.2678227962813061]","[0.9582332967792188,25.82402766135309,3.7338121096659296]","[4.729682156327877e-06,2.207914016106333e-07,1.582106858872749e-07]",direct_vp,[],3091929.0240738075,3096560,True,189739339.5509364,91.97678247371664,43.33787743580202,0.04224209887611613,"[5.086269393011194,4.99433580063625,4.9991815794074865]",23.671660718973726,125.17325361585245,150.218619546853,nan,nan,nan,nan,nan,nan,nan,,,nan,nan,nan,nan,nan,nan,nan,nan,nan,,,,nan,nan,nan,nan,nan,,False,,nan,,,nan,nan,nan,,,,,,,,5.4905386888232634e-06,8.17816767649441e-08,0.009054006283877593,nan,nan,nan,False,not_run,not_requested,"[1.043587196729776,0.03872362642704685,0.2678227962813061]","[0.9582332967792188,25.82402766135309,3.7338121096659296]","[4.729682156327877e-06,2.207914016106333e-07,1.582106858872749e-07]",,,,189739339.5509364,91.97678247371664,nan,nan,direct_vp,direct_vp,False,[],True,1.0,0.0016174669155201902,0.0016174669155201902,2,data_only_efim_tau_crb,0.011609862601541955,7.554864052064787e-06,7.554864052064787e-06,True,0.001625021779572255,green,clock_green,False,ngc_green_skip_rescue,nan,nan,2,,nan,nan,nan,False,nan,,candidate_unavailable,ngc_green_skip_rescue,False,9.21034037197618,13.815510557964274,ngc_certified_ris_only,nan,nan,,decoupled_robust,legacy_multistart,0.0
fig5,force_rescue,11,3685333214,15.0,snr_db,15.0,3,3,3,3,full_6d,3685333214,,,nan,,False,,253.14508493593894,5.4905386888232634e-06,5.4905386888232634e-06,8.17816767649441e-08,2.333429784456978e-06,1.0109792279351117e-13,0.009054006283877593,False,direct_vp_rollback,global_exact_spherical_vp,main_single_proposed,True,44a2c864357ca0e7,adaptive_jones,cpu,False,,legacy_least_squares,cpu,explicit,,legacy_least_squares_numerical,False,,,0,0,,,,,,,,fixed_pol_anchor,True,fixed_anchor_then_adaptive_jones_score_selection,fixed_pol_anchor,0.03872362642704685,1.043587196729776,0.4500445398127096,0.0,True,3,10,6468486.850178575,6468696.77343657,"[1.043587196729776,0.03872362642704685,0.2678227962813061]","[0.9582332967792188,25.82402766135309,3.7338121096659296]","[4.729682156327877e-06,2.207914016106333e-07,1.582106858872749e-07]",jnpp_then_vp,[],3091929.0240738075,3096560,True,189739339.5509364,91.97678247371664,43.33787743580202,0.04224209887611613,"[5.086269393011194,4.99433580063625,4.9991815794074865]",23.671660718973726,124.01890854700468,149.06427447800525,nan,nan,nan,nan,nan,nan,nan,,,nan,nan,nan,nan,nan,nan,nan,nan,nan,,,,nan,nan,nan,nan,nan,,False,,nan,,,nan,nan,nan,,,,,,,,5.4905386888232634e-06,8.17816767649441e-08,0.009054006283877593,5.489514862665158e-06,8.178164788976265e-08,0.009054006283877598,True,rollback,existing_selector_rollback,"[1.043587196729776,0.03872362642704685,0.2678227962813061]","[0.9582332967792188,25.82402766135309,3.7338121096659296]","[4.729682156327877e-06,2.207914016106333e-07,1.582106858872749e-07]","[1.0435871923357192,0.03872362644891869,0.2678227962152666]","[0.9582333008138904,25.824027646767185,3.73381211058661]","[4.6888598242662835e-06,2.195945823783993e-07,1.6131062769110324e-07]",189739339.5509364,91.97678247371664,189739340.97709784,91.9767817849108,direct_vp,direct_vp,False,[],False,1.0,nan,nan,,,nan,nan,nan,False,nan,,,False,,nan,nan,,,nan,nan,nan,False,nan,,,,False,nan,nan,force_ris_only,0.7000000237280951,0.0030910197045548988,3,decoupled_robust,legacy_multistart,0.0
fig5,oracle_init_vp,11,3685333214,15.0,snr_db,15.0,3,3,3,3,full_6d,3685333214,,,nan,,False,,32.22023990401067,5.489011442402834e-06,5.489011442402834e-06,8.178246591952613e-08,2.333337302548464e-06,1.0109650459691768e-13,0.009054006283877621,False,oracle_init_vp,global_exact_spherical_vp,,False,,adaptive_jones,cupy,True,0,cupy,cupy.linalg.solve,explicit,matrix_free,analytic_reduced_vp_explicit_gradient,False,matrix_free_cpu_only_gpu_backend,,0,0,0,0,,,,,,fixed_pol_anchor,False,,fixed_pol_anchor,nan,nan,nan,nan,False,3,4,3096725.458075429,3096793.9896403826,"[1.0268276307276596,0.038204979659786524,0.2231627317315012]","[0.9738732870777201,26.174598413738547,4.481034948088596]","[8.204968130508254e-08,7.776427222770021e-09,7.021279002868451e-08]",oracle_init_vp,"[""oracle_truth_initialization""]",nan,,,nan,nan,nan,nan,,0.0,32.218370584072545,32.218370584072545,nan,nan,nan,nan,nan,nan,nan,,,nan,nan,nan,nan,nan,nan,nan,nan,nan,,,,nan,nan,nan,nan,nan,,False,,nan,,,nan,nan,nan,,,,,,,,nan,nan,nan,nan,nan,nan,False,,,,,,,,,nan,nan,nan,nan,,,,[],False,nan,nan,nan,,,nan,nan,nan,False,nan,,,False,,nan,nan,,,nan,nan,nan,False,nan,,,,False,nan,nan,,nan,nan,,,legacy_multistart,
fig5,direct_vp,8,641399591,20.0,snr_db,20.0,3,3,3,3,full_6d,641399591,,,nan,,False,,57.00872250716202,2.2707869698054287e-05,2.2707869698054287e-05,3.740540654278681e-08,4.380061881043987e-06,1.859632819898365e-14,0.0022558786893466893,False,direct_vp,global_exact_spherical_vp,proposed_post_stage1,False,e93f5928761fd0d8,adaptive_jones,cpu,False,,legacy_least_squares,cpu,explicit,,legacy_least_squares_numerical,False,,,0,0,,,,,,,,fixed_pol_anchor,True,fixed_anchor_then_adaptive_jones_score_selection,fixed_pol_anchor,0.02181811856486962,0.10411896178915418,0.049461685710966076,0.0,True,3,4,3098034.1018553795,nan,"[0.10411896178915418,0.02244797677887443,0.02181811856486962]","[9.604398495875738,44.54744451362172,45.83346620959908]",,direct_vp,[],3097884.6437799507,3096560,True,854203325.2778558,78.37189347115161,144.5644879099281,0.008612194954071974,"[4.9854654395277525,5.002611755439867,5.00468131549439]",28.21404335903935,51.601981963030994,81.19845843291841,nan,nan,nan,nan,nan,nan,nan,,,nan,nan,nan,nan,nan,nan,nan,nan,nan,,,,nan,nan,nan,nan,nan,,False,,nan,,,nan,nan,nan,,,,,,,,2.2707869698054287e-05,3.740540654278681e-08,0.0022558786893466893,nan,nan,nan,False,not_run,not_requested,"[0.10411896178915418,0.02244797677887443,0.02181811856486962]","[9.604398495875738,44.54744451362172,45.83346620959908]",,,,,854203325.2778558,78.37189347115161,nan,nan,direct_vp,direct_vp,False,[],False,1.0,nan,nan,,,nan,nan,nan,False,nan,,,False,,nan,nan,,,nan,nan,nan,False,nan,,,,False,nan,nan,reliability_gated,nan,nan,,decoupled_robust,legacy_multistart,0.0
fig5,old_gated,8,641399591,20.0,snr_db,20.0,3,3,3,3,full_6d,641399591,,,nan,,False,,47.381104153813794,2.2707869698054287e-05,2.2707869698054287e-05,3.740540654278681e-08,4.380061881043987e-06,1.859632819898365e-14,0.0022558786893466893,False,direct_vp,global_exact_spherical_vp,main_single_proposed,True,bf1e381ab22d93b5,adaptive_jones,cpu,False,,legacy_least_squares,cpu,explicit,,legacy_least_squares_numerical,False,,,0,0,,,,,,,,fixed_pol_anchor,True,fixed_anchor_then_adaptive_jones_score_selection,fixed_pol_anchor,0.02181811856486962,0.10411896178915418,0.049461685710966076,0.0,True,3,4,3098034.1018553795,nan,"[0.10411896178915418,0.02244797677887443,0.02181811856486962]","[9.604398495875738,44.54744451362172,45.83346620959908]",,direct_vp,[],3097884.6437799507,3096560,True,854203325.2778558,78.37189347115161,144.5644879099281,0.008612194954071974,"[4.9854654395277525,5.002611755439867,5.00468131549439]",28.21404335903935,43.19362852699123,72.79010499687865,nan,nan,nan,nan,nan,nan,nan,,,nan,nan,nan,nan,nan,nan,nan,nan,nan,,,,nan,nan,nan,nan,nan,,False,,nan,,,nan,nan,nan,,,,,,,,2.2707869698054287e-05,3.740540654278681e-08,0.0022558786893466893,nan,nan,nan,False,not_run,not_requested,"[0.10411896178915418,0.02244797677887443,0.02181811856486962]","[9.604398495875738,44.54744451362172,45.83346620959908]",,,,,854203325.2778558,78.37189347115161,nan,nan,direct_vp,direct_vp,False,[],False,1.0,nan,nan,,,nan,nan,nan,False,nan,,,False,,nan,nan,,,nan,nan,nan,False,nan,,,,False,nan,nan,reliability_gated_ris_only,nan,nan,,decoupled_robust,legacy_multistart,0.0
fig5,adaptive_jones_vp_proposed,8,641399591,20.0,snr_db,20.0,3,3,3,3,full_6d,641399591,,,nan,,False,,42.952527701156214,2.2707869698054287e-05,2.2707869698054287e-05,3.740540654278681e-08,4.380061881043987e-06,1.859632819898365e-14,0.0022558786893466893,False,direct_vp,global_exact_spherical_vp,main_single_proposed,True,548ca446e4da95bb,adaptive_jones,cpu,False,,legacy_least_squares,cpu,explicit,,legacy_least_squares_numerical,False,,,0,0,,,,,,,,fixed_pol_anchor,True,fixed_anchor_then_adaptive_jones_score_selection,fixed_pol_anchor,0.02181811856486962,0.10411896178915418,0.049461685710966076,0.0,True,3,4,3098034.1018553795,nan,"[0.10411896178915418,0.02244797677887443,0.02181811856486962]","[9.604398495875738,44.54744451362172,45.83346620959908]",,direct_vp,[],3097884.6437799507,3096560,True,854203325.2778558,78.37189347115161,144.5644879099281,0.008612194954071974,"[4.9854654395277525,5.002611755439867,5.00468131549439]",28.21404335903935,39.67450034385547,69.27097681374289,nan,nan,nan,nan,nan,nan,nan,,,nan,nan,nan,nan,nan,nan,nan,nan,nan,,,,nan,nan,nan,nan,nan,,False,,nan,,,nan,nan,nan,,,,,,,,2.2707869698054287e-05,3.740540654278681e-08,0.0022558786893466893,nan,nan,nan,False,not_run,not_requested,"[0.10411896178915418,0.02244797677887443,0.02181811856486962]","[9.604398495875738,44.54744451362172,45.83346620959908]",,,,,854203325.2778558,78.37189347115161,nan,nan,direct_vp,direct_vp,False,[],True,1.0,2.3802113904667142e-05,2.3802113904667142e-05,2,data_only_efim_tau_crb,0.0014083712195495884,2.882283156643084e-07,2.882283156643084e-07,True,2.409034222033145e-05,green,clock_green,False,ngc_green_skip_rescue,nan,nan,2,,nan,nan,nan,False,nan,,candidate_unavailable,ngc_green_skip_rescue,False,9.21034037197618,13.815510557964274,ngc_certified_ris_only,nan,nan,,decoupled_robust,legacy_multistart,0.0
fig5,force_rescue,8,641399591,20.0,snr_db,20.0,3,3,3,3,full_6d,641399591,,,nan,,False,,97.43871302297339,2.2707869698054287e-05,2.2707869698054287e-05,3.740540654278681e-08,4.380061881043987e-06,1.859632819898365e-14,0.0022558786893466893,False,direct_vp_rollback,global_exact_spherical_vp,main_single_proposed,True,6b3ec73ddd5ccb37,adaptive_jones,cpu,False,,legacy_least_squares,cpu,explicit,,legacy_least_squares_numerical,False,,,0,0,,,,,,,,fixed_pol_anchor,True,fixed_anchor_then_adaptive_jones_score_selection,fixed_pol_anchor,0.02181811856486962,0.10411896178915418,0.049461685710966076,0.0,True,3,4,3098034.1018553795,nan,"[0.10411896178915418,0.02244797677887443,0.02181811856486962]","[9.604398495875738,44.54744451362172,45.83346620959908]",,jnpp_then_vp,[],3097884.6437799507,3096560,True,854203325.2778558,78.37189347115161,144.5644879099281,0.008612194954071974,"[4.9854654395277525,5.002611755439867,5.00468131549439]",28.21404335903935,42.82237825798802,72.41885472787544,nan,nan,nan,nan,nan,nan,nan,,,nan,nan,nan,nan,nan,nan,nan,nan,nan,,,,nan,nan,nan,nan,nan,,False,,nan,,,nan,nan,nan,,,,,,,,2.2707869698054287e-05,3.740540654278681e-08,0.0022558786893466893,2.2708079274665157e-05,3.740542633152494e-08,0.002255878689346682,True,rollback,existing_selector_rollback,"[0.10411896178915418,0.02244797677887443,0.02181811856486962]","[9.604398495875738,44.54744451362172,45.83346620959908]",,"[0.10411896178879247,0.02244797677890079,0.021818118564855864]","[9.604398495909104,44.54744451356941,45.83346620962798]",,854203325.2778558,78.37189347115161,854203325.7171605,78.37189343166003,direct_vp,direct_vp,False,[],False,1.0,nan,nan,,,nan,nan,nan,False,nan,,,False,,nan,nan,,,nan,nan,nan,False,nan,,,,False,nan,nan,force_ris_only,4.380230722628015e-05,0.0001013929653451143,3,decoupled_robust,legacy_multistart,0.0
fig5,oracle_init_vp,8,641399591,20.0,snr_db,20.0,3,3,3,3,full_6d,641399591,,,nan,,False,,25.19294845801778,2.2707966974930254e-05,2.2707966974930254e-05,3.740541146476005e-08,4.3800693042802834e-06,1.859624866683293e-14,0.0022558786893466824,False,oracle_init_vp,global_exact_spherical_vp,,False,,adaptive_jones,cupy,True,0,cupy,cupy.linalg.solve,explicit,matrix_free,analytic_reduced_vp_explicit_gradient,False,matrix_free_cpu_only_gpu_backend,,0,0,0,0,,,,,,fixed_pol_anchor,False,,fixed_pol_anchor,nan,nan,nan,nan,False,3,4,3096725.458075429,3096811.688944836,"[0.10416296349655028,0.022457463516884383,0.02182733911852161]","[9.600341296290157,44.52862627376147,45.8141047138186]","[9.739650252114691e-08,1.667636191998305e-08,2.292513914605942e-09]",oracle_init_vp,"[""oracle_truth_initialization""]",nan,,,nan,nan,nan,nan,,0.0,25.191308253910393,25.191308253910393,nan,nan,nan,nan,nan,nan,nan,,,nan,nan,nan,nan,nan,nan,nan,nan,nan,,,,nan,nan,nan,nan,nan,,False,,nan,,,nan,nan,nan,,,,,,,,nan,nan,nan,nan,nan,nan,False,,,,,,,,,nan,nan,nan,nan,,,,[],False,nan,nan,nan,,,nan,nan,nan,False,nan,,,False,,nan,nan,,,nan,nan,nan,False,nan,,,,False,nan,nan,,nan,nan,,,legacy_multistart,
fig5,direct_vp,7,1914929603,20.0,snr_db,20.0,3,3,3,3,full_6d,1914929603,,,nan,,False,,47.21330206701532,4.1710326055335664e-05,4.1710326055335664e-05,5.360370223383988e-08,2.3243689264784036e-05,2.033768437185772e-14,0.007354901908705783,False,direct_vp,global_exact_spherical_vp,proposed_post_stage1,False,c412fdd35dd5b238,adaptive_jones,cpu,False,,legacy_least_squares,cpu,explicit,,legacy_least_squares_numerical,False,,,0,0,,,,,,,,fixed_pol_anchor,True,fixed_anchor_then_adaptive_jones_score_selection,fixed_pol_anchor,0.01369021753471985,0.14822610734568145,0.07042446375372707,0.0,True,3,4,3094102.4699972896,nan,"[0.14822610734568145,0.04935706638077992,0.01369021753471985]","[6.746449852236416,20.260523433162543,73.04485830585817]",,direct_vp,[],3093953.0119218607,3096560,True,808753511.4874032,85.33742578978772,137.19913394390403,0.01953963215527809,"[4.9595290171865285,4.999699692527102,5.002149330859638]",24.686312582110986,42.11042638984509,68.16904734983109,nan,nan,nan,nan,nan,nan,nan,,,nan,nan,nan,nan,nan,nan,nan,nan,nan,,,,nan,nan,nan,nan,nan,,False,,nan,,,nan,nan,nan,,,,,,,,4.1710326055335664e-05,5.360370223383988e-08,0.007354901908705783,nan,nan,nan,False,not_run,not_requested,"[0.14822610734568145,0.04935706638077992,0.01369021753471985]","[6.746449852236416,20.260523433162543,73.04485830585817]",,,,,808753511.4874032,85.33742578978772,nan,nan,direct_vp,direct_vp,False,[],False,1.0,nan,nan,,,nan,nan,nan,False,nan,,,False,,nan,nan,,,nan,nan,nan,False,nan,,,,False,nan,nan,reliability_gated,nan,nan,,decoupled_robust,legacy_multistart,0.0
fig5,old_gated,7,1914929603,20.0,snr_db,20.0,3,3,3,3,full_6d,1914929603,,,nan,,False,,57.816307534929365,4.1710326055335664e-05,4.1710326055335664e-05,5.360370223383988e-08,2.3243689264784036e-05,2.033768437185772e-14,0.007354901908705783,False,direct_vp,global_exact_spherical_vp,main_single_proposed,True,7b7bcc85520d1688,adaptive_jones,cpu,False,,legacy_least_squares,cpu,explicit,,legacy_least_squares_numerical,False,,,0,0,,,,,,,,fixed_pol_anchor,True,fixed_anchor_then_adaptive_jones_score_selection,fixed_pol_anchor,0.01369021753471985,0.14822610734568145,0.07042446375372707,0.0,True,3,4,3094102.4699972896,nan,"[0.14822610734568145,0.04935706638077992,0.01369021753471985]","[6.746449852236416,20.260523433162543,73.04485830585817]",,direct_vp,[],3093953.0119218607,3096560,True,808753511.4874032,85.33742578978772,137.19913394390403,0.01953963215527809,"[4.9595290171865285,4.999699692527102,5.002149330859638]",24.686312582110986,52.81711441697553,78.87573537696153,nan,nan,nan,nan,nan,nan,nan,,,nan,nan,nan,nan,nan,nan,nan,nan,nan,,,,nan,nan,nan,nan,nan,,False,,nan,,,nan,nan,nan,,,,,,,,4.1710326055335664e-05,5.360370223383988e-08,0.007354901908705783,nan,nan,nan,False,not_run,not_requested,"[0.14822610734568145,0.04935706638077992,0.01369021753471985]","[6.746449852236416,20.260523433162543,73.04485830585817]",,,,,808753511.4874032,85.33742578978772,nan,nan,direct_vp,direct_vp,False,[],False,1.0,nan,nan,,,nan,nan,nan,False,nan,,,False,,nan,nan,,,nan,nan,nan,False,nan,,,,False,nan,nan,reliability_gated_ris_only,nan,nan,,decoupled_robust,legacy_multistart,0.0
fig5,adaptive_jones_vp_proposed,7,1914929603,20.0,snr_db,20.0,3,3,3,3,full_6d,1914929603,,,nan,,False,,57.27299603703432,4.1710326055335664e-05,4.1710326055335664e-05,5.360370223383988e-08,2.3243689264784036e-05,2.033768437185772e-14,0.007354901908705783,False,direct_vp,global_exact_spherical_vp,main_single_proposed,True,d04e0adcd051bf21,adaptive_jones,cpu,False,,legacy_least_squares,cpu,explicit,,legacy_least_squares_numerical,False,,,0,0,,,,,,,,fixed_pol_anchor,True,fixed_anchor_then_adaptive_jones_score_selection,fixed_pol_anchor,0.01369021753471985,0.14822610734568145,0.07042446375372707,0.0,True,3,4,3094102.4699972896,nan,"[0.14822610734568145,0.04935706638077992,0.01369021753471985]","[6.746449852236416,20.260523433162543,73.04485830585817]",,direct_vp,[],3093953.0119218607,3096560,True,808753511.4874032,85.33742578978772,137.19913394390403,0.01953963215527809,"[4.9595290171865285,4.999699692527102,5.002149330859638]",24.686312582110986,51.96661810600199,78.02523906598799,nan,nan,nan,nan,nan,nan,nan,,,nan,nan,nan,nan,nan,nan,nan,nan,nan,,,,nan,nan,nan,nan,nan,,False,,nan,,,nan,nan,nan,,,,,,,,4.1710326055335664e-05,5.360370223383988e-08,0.007354901908705783,nan,nan,nan,False,not_run,not_requested,"[0.14822610734568145,0.04935706638077992,0.01369021753471985]","[6.746449852236416,20.260523433162543,73.04485830585817]",,,,,808753511.4874032,85.33742578978772,nan,nan,direct_vp,direct_vp,False,[],True,1.0,9.054199276217675e-05,9.054199276217675e-05,2,data_only_efim_tau_crb,0.0027468465671592816,1.0092961740024618e-06,1.0092961740024618e-06,True,9.155128893617921e-05,green,clock_green,False,ngc_green_skip_rescue,nan,nan,2,,nan,nan,nan,False,nan,,candidate_unavailable,ngc_green_skip_rescue,False,9.21034037197618,13.815510557964274,ngc_certified_ris_only,nan,nan,,decoupled_robust,legacy_multistart,0.0
fig5,force_rescue,7,1914929603,20.0,snr_db,20.0,3,3,3,3,full_6d,1914929603,,,nan,,False,,109.2675682019908,4.1710326055335664e-05,4.1710326055335664e-05,5.360370223383988e-08,2.3243689264784036e-05,2.033768437185772e-14,0.007354901908705783,False,direct_vp_rollback,global_exact_spherical_vp,main_single_proposed,True,18c5d1a80640f592,adaptive_jones,cpu,False,,legacy_least_squares,cpu,explicit,,legacy_least_squares_numerical,False,,,0,0,,,,,,,,fixed_pol_anchor,True,fixed_anchor_then_adaptive_jones_score_selection,fixed_pol_anchor,0.01369021753471985,0.14822610734568145,0.07042446375372707,0.0,True,3,4,3094102.4699972896,nan,"[0.14822610734568145,0.04935706638077992,0.01369021753471985]","[6.746449852236416,20.260523433162543,73.04485830585817]",,jnpp_then_vp,[],3093953.0119218607,3096560,True,808753511.4874032,85.33742578978772,137.19913394390403,0.01953963215527809,"[4.9595290171865285,4.999699692527102,5.002149330859638]",24.686312582110986,46.83692767005414,72.89554863004014,nan,nan,nan,nan,nan,nan,nan,,,nan,nan,nan,nan,nan,nan,nan,nan,nan,,,,nan,nan,nan,nan,nan,,False,,nan,,,nan,nan,nan,,,,,,,,4.1710326055335664e-05,5.360370223383988e-08,0.007354901908705783,4.1711033369923545e-05,5.3603950550994355e-08,0.007354901908705788,True,rollback,existing_selector_rollback,"[0.14822610734568145,0.04935706638077992,0.01369021753471985]","[6.746449852236416,20.260523433162543,73.04485830585817]",,"[0.14822610734766478,0.04935706638176683,0.013690217534729326]","[6.746449852146145,20.260523432757427,73.04485830580761]",,808753511.4874032,85.33742578978772,808753511.7878592,85.33742575978894,direct_vp,direct_vp,False,[],False,1.0,nan,nan,,,nan,nan,nan,False,nan,,,False,,nan,nan,,,nan,nan,nan,False,nan,,,,False,nan,nan,force_ris_only,6.294608928469534e-05,0.0011463269428497779,3,decoupled_robust,legacy_multistart,0.0
fig5,oracle_init_vp,7,1914929603,20.0,snr_db,20.0,3,3,3,3,full_6d,1914929603,,,nan,,False,,32.36119256191887,4.171059826333281e-05,4.171059826333281e-05,5.360380580276516e-08,2.324377981921379e-05,2.0337771413896557e-14,0.007354901908705794,False,oracle_init_vp,global_exact_spherical_vp,,False,,adaptive_jones,cupy,True,0,cupy,cupy.linalg.solve,explicit,matrix_free,analytic_reduced_vp_explicit_gradient,False,matrix_free_cpu_only_gpu_backend,,0,0,0,0,,,,,,fixed_pol_anchor,False,,fixed_pol_anchor,nan,nan,nan,nan,False,3,4,3096725.458075429,3096812.4076875253,"[0.1481005508249391,0.04931525794608924,0.013678621088404001]","[6.752169350010675,20.27769987724969,73.10678419535523]","[6.313717477585752e-08,5.183311797245599e-08,9.224058723438382e-09]",oracle_init_vp,"[""oracle_truth_initialization""]",nan,,,nan,nan,nan,nan,,0.0,32.35958774294704,32.35958774294704,nan,nan,nan,nan,nan,nan,nan,,,nan,nan,nan,nan,nan,nan,nan,nan,nan,,,,nan,nan,nan,nan,nan,,False,,nan,,,nan,nan,nan,,,,,,,,nan,nan,nan,nan,nan,nan,False,,,,,,,,,nan,nan,nan,nan,,,,[],False,nan,nan,nan,,,nan,nan,nan,False,nan,,,False,,nan,nan,,,nan,nan,nan,False,nan,,,,False,nan,nan,,nan,nan,,,legacy_multistart,
fig5,direct_vp,14,1092560480,15.0,snr_db,15.0,3,3,3,3,full_6d,1092560480,,,nan,,False,,111.61180002312176,6.225416391195437e-05,6.225416391195437e-05,1.9191554120702e-07,4.449525581138241e-05,1.226309810068949e-13,0.0068360631414103624,False,direct_vp,global_exact_spherical_vp,proposed_post_stage1,False,f28820ee77f45932,adaptive_jones,cpu,False,,legacy_least_squares,cpu,explicit,,legacy_least_squares_numerical,False,,,0,0,,,,,,,,fixed_pol_anchor,True,fixed_anchor_then_adaptive_jones_score_selection,fixed_pol_anchor,0.08657894085598698,0.11979866968549957,0.10655515007899963,0.0,True,3,10,11591347.975528678,11591893.923019728,"[0.11979866968549957,0.1132878396955123,0.08657894085598698]","[8.34733810170949,8.827072726319274,11.550152844480804]","[6.003526946704289e-07,1.4376090783866749e-06,2.1121717035268372e-08]",direct_vp,[],3094527.3671225584,3096560,True,250967375.08433762,68.81790476243914,96.41798309114587,0.008639256453850087,"[5.014798596618692,4.994868284664544,4.998672890065817]",23.314138063928112,106.72199217113666,131.27918120613322,nan,nan,nan,nan,nan,nan,nan,,,nan,nan,nan,nan,nan,nan,nan,nan,nan,,,,nan,nan,nan,nan,nan,,False,,nan,,,nan,nan,nan,,,,,,,,6.225416391195437e-05,1.9191554120702e-07,0.0068360631414103624,nan,nan,nan,False,not_run,not_requested,"[0.11979866968549957,0.1132878396955123,0.08657894085598698]","[8.34733810170949,8.827072726319274,11.550152844480804]","[6.003526946704289e-07,1.4376090783866749e-06,2.1121717035268372e-08]",,,,250967375.08433762,68.81790476243914,nan,nan,direct_vp,direct_vp,False,[],False,1.0,nan,nan,,,nan,nan,nan,False,nan,,,False,,nan,nan,,,nan,nan,nan,False,nan,,,,False,nan,nan,reliability_gated,nan,nan,,decoupled_robust,legacy_multistart,0.0
fig5,old_gated,14,1092560480,15.0,snr_db,15.0,3,3,3,3,full_6d,1092560480,,,nan,,False,,140.00481913005933,6.225416391195437e-05,6.225416391195437e-05,1.9191554120702e-07,4.449525581138241e-05,1.226309810068949e-13,0.0068360631414103624,False,direct_vp,global_exact_spherical_vp,main_single_proposed,True,338f4330bf6eed26,adaptive_jones,cpu,False,,legacy_least_squares,cpu,explicit,,legacy_least_squares_numerical,False,,,0,0,,,,,,,,fixed_pol_anchor,True,fixed_anchor_then_adaptive_jones_score_selection,fixed_pol_anchor,0.08657894085598698,0.11979866968549957,0.10655515007899963,0.0,True,3,10,11591347.975528678,11591893.923019728,"[0.11979866968549957,0.1132878396955123,0.08657894085598698]","[8.34733810170949,8.827072726319274,11.550152844480804]","[6.003526946704289e-07,1.4376090783866749e-06,2.1121717035268372e-08]",direct_vp,[],3094527.3671225584,3096560,True,250967375.08433762,68.81790476243914,96.41798309114587,0.008639256453850087,"[5.014798596618692,4.994868284664544,4.998672890065817]",23.314138063928112,135.16158392699435,159.7187729619909,nan,nan,nan,nan,nan,nan,nan,,,nan,nan,nan,nan,nan,nan,nan,nan,nan,,,,nan,nan,nan,nan,nan,,False,,nan,,,nan,nan,nan,,,,,,,,6.225416391195437e-05,1.9191554120702e-07,0.0068360631414103624,nan,nan,nan,False,not_run,not_requested,"[0.11979866968549957,0.1132878396955123,0.08657894085598698]","[8.34733810170949,8.827072726319274,11.550152844480804]","[6.003526946704289e-07,1.4376090783866749e-06,2.1121717035268372e-08]",,,,250967375.08433762,68.81790476243914,nan,nan,direct_vp,direct_vp,False,[],False,1.0,nan,nan,,,nan,nan,nan,False,nan,,,False,,nan,nan,,,nan,nan,nan,False,nan,,,,False,nan,nan,reliability_gated_ris_only,nan,nan,,decoupled_robust,legacy_multistart,0.0
fig5,adaptive_jones_vp_proposed,14,1092560480,15.0,snr_db,15.0,3,3,3,3,full_6d,1092560480,,,nan,,False,,137.92949343891814,6.225416391195437e-05,6.225416391195437e-05,1.9191554120702e-07,4.449525581138241e-05,1.226309810068949e-13,0.0068360631414103624,False,direct_vp,global_exact_spherical_vp,main_single_proposed,True,1f929dee70e4a9e7,adaptive_jones,cpu,False,,legacy_least_squares,cpu,explicit,,legacy_least_squares_numerical,False,,,0,0,,,,,,,,fixed_pol_anchor,True,fixed_anchor_then_adaptive_jones_score_selection,fixed_pol_anchor,0.08657894085598698,0.11979866968549957,0.10655515007899963,0.0,True,3,10,11591347.975528678,11591893.923019728,"[0.11979866968549957,0.1132878396955123,0.08657894085598698]","[8.34733810170949,8.827072726319274,11.550152844480804]","[6.003526946704289e-07,1.4376090783866749e-06,2.1121717035268372e-08]",direct_vp,[],3094527.3671225584,3096560,True,250967375.08433762,68.81790476243914,96.41798309114587,0.008639256453850087,"[5.014798596618692,4.994868284664544,4.998672890065817]",23.314138063928112,132.79542336496525,157.3526123999618,nan,nan,nan,nan,nan,nan,nan,,,nan,nan,nan,nan,nan,nan,nan,nan,nan,,,,nan,nan,nan,nan,nan,,False,,nan,,,nan,nan,nan,,,,,,,,6.225416391195437e-05,1.9191554120702e-07,0.0068360631414103624,nan,nan,nan,False,not_run,not_requested,"[0.11979866968549957,0.1132878396955123,0.08657894085598698]","[8.34733810170949,8.827072726319274,11.550152844480804]","[6.003526946704289e-07,1.4376090783866749e-06,2.1121717035268372e-08]",,,,250967375.08433762,68.81790476243914,nan,nan,direct_vp,direct_vp,False,[],True,1.0,0.00010645652159441286,0.00010645652159441286,2,data_only_efim_tau_crb,0.0029784856554186064,7.641706613372477e-07,7.641706613372477e-07,True,0.0001072206922557501,green,clock_green,False,ngc_green_skip_rescue,nan,nan,2,,nan,nan,nan,False,nan,,candidate_unavailable,ngc_green_skip_rescue,False,9.21034037197618,13.815510557964274,ngc_certified_ris_only,nan,nan,,decoupled_robust,legacy_multistart,0.0
fig5,force_rescue,14,1092560480,15.0,snr_db,15.0,3,3,3,3,full_6d,1092560480,,,nan,,False,,262.83039924898185,6.225416391195437e-05,6.225416391195437e-05,1.9191554120702e-07,4.449525581138241e-05,1.226309810068949e-13,0.0068360631414103624,False,direct_vp_rollback,global_exact_spherical_vp,main_single_proposed,True,1148b1d69687c1cd,adaptive_jones,cpu,False,,legacy_least_squares,cpu,explicit,,legacy_least_squares_numerical,False,,,0,0,,,,,,,,fixed_pol_anchor,True,fixed_anchor_then_adaptive_jones_score_selection,fixed_pol_anchor,0.08657894085598698,0.11979866968549957,0.10655515007899963,0.0,True,3,10,11591347.975528678,11591893.923019728,"[0.11979866968549957,0.1132878396955123,0.08657894085598698]","[8.34733810170949,8.827072726319274,11.550152844480804]","[6.003526946704289e-07,1.4376090783866749e-06,2.1121717035268372e-08]",jnpp_then_vp,[],3094527.3671225584,3096560,True,250967375.08433762,68.81790476243914,96.41798309114587,0.008639256453850087,"[5.014798596618692,4.994868284664544,4.998672890065817]",23.314138063928112,133.93567588808946,158.49286492308602,nan,nan,nan,nan,nan,nan,nan,,,nan,nan,nan,nan,nan,nan,nan,nan,nan,,,,nan,nan,nan,nan,nan,,False,,nan,,,nan,nan,nan,,,,,,,,6.225416391195437e-05,1.9191554120702e-07,0.0068360631414103624,6.225277107540361e-05,1.919150696585712e-07,0.006836063141410455,True,rollback,existing_selector_rollback,"[0.11979866968549957,0.1132878396955123,0.08657894085598698]","[8.34733810170949,8.827072726319274,11.550152844480804]","[6.003526946704289e-07,1.4376090783866749e-06,2.1121717035268372e-08]","[0.11979866963466057,0.11328783953550949,0.08657894094686883]","[8.347338105251852,8.827072738786248,11.550152832356618]","[6.013571783389091e-07,1.4818897565758573e-06,2.1358630816656328e-08]",250967375.08433762,68.81790476243914,250967373.3869113,68.81790522894708,direct_vp,direct_vp,False,[],False,1.0,nan,nan,,,nan,nan,nan,False,nan,,,False,,nan,nan,,,nan,nan,nan,False,nan,,,,False,nan,nan,force_ris_only,0.7000005416278883,0.004161968350254031,3,decoupled_robust,legacy_multistart,0.0
fig5,oracle_init_vp,14,1092560480,15.0,snr_db,15.0,3,3,3,3,full_6d,1092560480,,,nan,,False,,29.8261218178086,6.22530348691894e-05,6.22530348691894e-05,1.919153148060447e-07,4.449478492482099e-05,1.2263022807507362e-13,0.0068360631414104605,False,oracle_init_vp,global_exact_spherical_vp,,False,,adaptive_jones,cupy,True,0,cupy,cupy.linalg.solve,explicit,matrix_free,analytic_reduced_vp_explicit_gradient,False,matrix_free_cpu_only_gpu_backend,,0,0,0,0,,,,,,fixed_pol_anchor,False,,fixed_pol_anchor,nan,nan,nan,nan,False,3,4,3096725.458075429,3096811.0420028474,"[0.11799187476601611,0.11113641406828043,0.0711797343802835]","[8.475159853023209,8.99795092709672,14.048942563586257]","[3.396766529086247e-08,6.071636785923645e-08,3.8679102271284534e-08]",oracle_init_vp,"[""oracle_truth_initialization""]",nan,,,nan,nan,nan,nan,,0.0,29.824526417069137,29.824526417069137,nan,nan,nan,nan,nan,nan,nan,,,nan,nan,nan,nan,nan,nan,nan,nan,nan,,,,nan,nan,nan,nan,nan,,False,,nan,,,nan,nan,nan,,,,,,,,nan,nan,nan,nan,nan,nan,False,,,,,,,,,nan,nan,nan,nan,,,,[],False,nan,nan,nan,,,nan,nan,nan,False,nan,,,False,,nan,nan,,,nan,nan,nan,False,nan,,,,False,nan,nan,,nan,nan,,,legacy_multistart,
fig5,direct_vp,18,3644258948,15.0,snr_db,15.0,3,3,3,3,full_6d,3644258948,,,nan,,False,,117.63365516602062,2.9009151470859448e-05,2.9009151470859448e-05,1.1635244080977464e-07,2.3920592669635602e-05,2.7272475361892355e-13,0.013897517204625509,False,direct_vp,global_exact_spherical_vp,proposed_post_stage1,False,fa3bf4c3b54144fc,adaptive_jones,cpu,False,,legacy_least_squares,cpu,explicit,,legacy_least_squares_numerical,False,,,0,0,,,,,,,,fixed_pol_anchor,True,fixed_anchor_then_adaptive_jones_score_selection,fixed_pol_anchor,0.052423810841988994,0.34488236104896763,0.20121978081396744,0.0,True,3,10,17872611.631695155,17874532.71090233,"[0.20635317055094568,0.34488236104896763,0.052423810841988994]","[4.846060747842533,2.8995394167394704,19.075301545972216]","[3.787326907362927e-07,1.9408781975726394e-05,1.9663796991674753e-08]",direct_vp,[],3093957.5280008903,3096560,True,254828328.5663626,80.87113425940329,137.1645833049308,0.01749549234842551,"[5.0180352137479405,5.038941813819145,4.99609097234273]",22.704395163804293,112.27213205490261,135.7179025427904,nan,nan,nan,nan,nan,nan,nan,,,nan,nan,nan,nan,nan,nan,nan,nan,nan,,,,nan,nan,nan,nan,nan,,False,,nan,,,nan,nan,nan,,,,,,,,2.9009151470859448e-05,1.1635244080977464e-07,0.013897517204625509,nan,nan,nan,False,not_run,not_requested,"[0.20635317055094568,0.34488236104896763,0.052423810841988994]","[4.846060747842533,2.8995394167394704,19.075301545972216]","[3.787326907362927e-07,1.9408781975726394e-05,1.9663796991674753e-08]",,,,254828328.5663626,80.87113425940329,nan,nan,direct_vp,direct_vp,False,[],False,1.0,nan,nan,,,nan,nan,nan,False,nan,,,False,,nan,nan,,,nan,nan,nan,False,nan,,,,False,nan,nan,reliability_gated,nan,nan,,decoupled_robust,legacy_multistart,0.0
fig5,old_gated,18,3644258948,15.0,snr_db,15.0,3,3,3,3,full_6d,3644258948,,,nan,,False,,127.94968859688379,2.9009151470859448e-05,2.9009151470859448e-05,1.1635244080977464e-07,2.3920592669635602e-05,2.7272475361892355e-13,0.013897517204625509,False,direct_vp,global_exact_spherical_vp,main_single_proposed,True,19e8c227c15239d0,adaptive_jones,cpu,False,,legacy_least_squares,cpu,explicit,,legacy_least_squares_numerical,False,,,0,0,,,,,,,,fixed_pol_anchor,True,fixed_anchor_then_adaptive_jones_score_selection,fixed_pol_anchor,0.052423810841988994,0.34488236104896763,0.20121978081396744,0.0,True,3,10,17872611.631695155,17874532.71090233,"[0.20635317055094568,0.34488236104896763,0.052423810841988994]","[4.846060747842533,2.8995394167394704,19.075301545972216]","[3.787326907362927e-07,1.9408781975726394e-05,1.9663796991674753e-08]",direct_vp,[],3093957.5280008903,3096560,True,254828328.5663626,80.87113425940329,137.1645833049308,0.01749549234842551,"[5.0180352137479405,5.038941813819145,4.99609097234273]",22.704395163804293,122.90287931403145,146.34864980191924,nan,nan,nan,nan,nan,nan,nan,,,nan,nan,nan,nan,nan,nan,nan,nan,nan,,,,nan,nan,nan,nan,nan,,False,,nan,,,nan,nan,nan,,,,,,,,2.9009151470859448e-05,1.1635244080977464e-07,0.013897517204625509,nan,nan,nan,False,not_run,not_requested,"[0.20635317055094568,0.34488236104896763,0.052423810841988994]","[4.846060747842533,2.8995394167394704,19.075301545972216]","[3.787326907362927e-07,1.9408781975726394e-05,1.9663796991674753e-08]",,,,254828328.5663626,80.87113425940329,nan,nan,direct_vp,direct_vp,False,[],False,1.0,nan,nan,,,nan,nan,nan,False,nan,,,False,,nan,nan,,,nan,nan,nan,False,nan,,,,False,nan,nan,reliability_gated_ris_only,nan,nan,,decoupled_robust,legacy_multistart,0.0
fig5,adaptive_jones_vp_proposed,18,3644258948,15.0,snr_db,15.0,3,3,3,3,full_6d,3644258948,,,nan,,False,,128.36614530580118,2.9009151470859448e-05,2.9009151470859448e-05,1.1635244080977464e-07,2.3920592669635602e-05,2.7272475361892355e-13,0.013897517204625509,False,direct_vp,global_exact_spherical_vp,main_single_proposed,True,a0a8bcc18c4c1c4a,adaptive_jones,cpu,False,,legacy_least_squares,cpu,explicit,,legacy_least_squares_numerical,False,,,0,0,,,,,,,,fixed_pol_anchor,True,fixed_anchor_then_adaptive_jones_score_selection,fixed_pol_anchor,0.052423810841988994,0.34488236104896763,0.20121978081396744,0.0,True,3,10,17872611.631695155,17874532.71090233,"[0.20635317055094568,0.34488236104896763,0.052423810841988994]","[4.846060747842533,2.8995394167394704,19.075301545972216]","[3.787326907362927e-07,1.9408781975726394e-05,1.9663796991674753e-08]",direct_vp,[],3093957.5280008903,3096560,True,254828328.5663626,80.87113425940329,137.1645833049308,0.01749549234842551,"[5.0180352137479405,5.038941813819145,4.99609097234273]",22.704395163804293,123.28350797388703,146.7292784617748,nan,nan,nan,nan,nan,nan,nan,,,nan,nan,nan,nan,nan,nan,nan,nan,nan,,,,nan,nan,nan,nan,nan,,False,,nan,,,nan,nan,nan,,,,,,,,2.9009151470859448e-05,1.1635244080977464e-07,0.013897517204625509,nan,nan,nan,False,not_run,not_requested,"[0.20635317055094568,0.34488236104896763,0.052423810841988994]","[4.846060747842533,2.8995394167394704,19.075301545972216]","[3.787326907362927e-07,1.9408781975726394e-05,1.9663796991674753e-08]",,,,254828328.5663626,80.87113425940329,nan,nan,direct_vp,direct_vp,False,[],True,1.0,0.00013834523572844913,0.00013834523572844913,2,data_only_efim_tau_crb,0.0033954041945013598,2.4991521550341895e-06,2.4991521550341895e-06,True,0.00014084438788348333,green,clock_green,False,ngc_green_skip_rescue,nan,nan,2,,nan,nan,nan,False,nan,,candidate_unavailable,ngc_green_skip_rescue,False,9.21034037197618,13.815510557964274,ngc_certified_ris_only,nan,nan,,decoupled_robust,legacy_multistart,0.0
fig5,force_rescue,18,3644258948,15.0,snr_db,15.0,3,3,3,3,full_6d,3644258948,,,nan,,False,,238.47873165505007,2.9009151470859448e-05,2.9009151470859448e-05,1.1635244080977464e-07,2.3920592669635602e-05,2.7272475361892355e-13,0.013897517204625509,False,direct_vp_rollback,global_exact_spherical_vp,main_single_proposed,True,fa7a3a80d196fbd2,adaptive_jones,cpu,False,,legacy_least_squares,cpu,explicit,,legacy_least_squares_numerical,False,,,0,0,,,,,,,,fixed_pol_anchor,True,fixed_anchor_then_adaptive_jones_score_selection,fixed_pol_anchor,0.052423810841988994,0.34488236104896763,0.20121978081396744,0.0,True,3,10,17872611.631695155,17874532.71090233,"[0.20635317055094568,0.34488236104896763,0.052423810841988994]","[4.846060747842533,2.8995394167394704,19.075301545972216]","[3.787326907362927e-07,1.9408781975726394e-05,1.9663796991674753e-08]",jnpp_then_vp,[],3093957.5280008903,3096560,True,254828328.5663626,80.87113425940329,137.1645833049308,0.01749549234842551,"[5.0180352137479405,5.038941813819145,4.99609097234273]",22.704395163804293,122.55170418694615,145.99747467483394,nan,nan,nan,nan,nan,nan,nan,,,nan,nan,nan,nan,nan,nan,nan,nan,nan,,,,nan,nan,nan,nan,nan,,False,,nan,,,nan,nan,nan,,,,,,,,2.9009151470859448e-05,1.1635244080977464e-07,0.013897517204625509,2.900930686555033e-05,1.1635247373194522e-07,0.013897517204625552,True,rollback,existing_selector_rollback,"[0.20635317055094568,0.34488236104896763,0.052423810841988994]","[4.846060747842533,2.8995394167394704,19.075301545972216]","[3.787326907362927e-07,1.9408781975726394e-05,1.9663796991674753e-08]","[0.20635317092366118,0.3448823615088828,0.05242381079813588]","[4.846060739089569,2.8995394128728127,19.075301561928924]","[3.7701725863747946e-07,1.960472611787984e-05,2.22633179725049e-08]",254828328.5663626,80.87113425940329,254828328.5097308,80.87113427640028,direct_vp,direct_vp,False,[],False,1.0,nan,nan,,,nan,nan,nan,False,nan,,,False,,nan,nan,,,nan,nan,nan,False,nan,,,,False,nan,nan,force_ris_only,0.7000000194682653,0.016402535244878846,3,decoupled_robust,legacy_multistart,0.0
fig5,oracle_init_vp,18,3644258948,15.0,snr_db,15.0,3,3,3,3,full_6d,3644258948,,,nan,,False,,24.86718527204357,2.9009290977442082e-05,2.9009290977442082e-05,1.163514340998762e-07,2.392051501174845e-05,2.7272091100435587e-13,0.013897517204625504,False,oracle_init_vp,global_exact_spherical_vp,,False,,adaptive_jones,cupy,True,0,cupy,cupy.linalg.solve,explicit,matrix_free,analytic_reduced_vp_explicit_gradient,False,matrix_free_cpu_only_gpu_backend,,0,0,0,0,,,,,,fixed_pol_anchor,False,,fixed_pol_anchor,nan,nan,nan,nan,False,3,4,3096725.458075429,3096802.3084382215,"[0.20536537443600716,0.34223639554671936,0.042108079461924845]","[4.869370032538759,2.9219569075994016,23.748411534755043]","[2.7926984652855777e-08,2.1562227311344463e-10,1.999982661337577e-08]",oracle_init_vp,"[""oracle_truth_initialization""]",nan,,,nan,nan,nan,nan,,0.0,24.865346885984764,24.865346885984764,nan,nan,nan,nan,nan,nan,nan,,,nan,nan,nan,nan,nan,nan,nan,nan,nan,,,,nan,nan,nan,nan,nan,,False,,nan,,,nan,nan,nan,,,,,,,,nan,nan,nan,nan,nan,nan,False,,,,,,,,,nan,nan,nan,nan,,,,[],False,nan,nan,nan,,,nan,nan,nan,False,nan,,,False,,nan,nan,,,nan,nan,nan,False,nan,,,,False,nan,nan,,nan,nan,,,legacy_multistart,
fig5,direct_vp,6,1919806993,20.0,snr_db,20.0,3,3,3,3,full_6d,1919806993,,,nan,,False,,57.053288738941774,1.1049132764038728e-05,1.1049132764038728e-05,2.297960920214815e-08,3.0767914715493585e-06,3.171136085206698e-14,0.004198014955175933,False,direct_vp,global_exact_spherical_vp,proposed_post_stage1,False,b989e4e5d20b312a,adaptive_jones,cpu,False,,legacy_least_squares,cpu,explicit,,legacy_least_squares_numerical,False,,,0,0,,,,,,,,fixed_pol_anchor,True,fixed_anchor_then_adaptive_jones_score_selection,fixed_pol_anchor,0.018033877914784047,0.23453290739424068,0.09245461732478406,0.0,True,3,4,3095503.926594091,nan,"[0.024797066665327473,0.23453290739424068,0.018033877914784047]","[40.3273505490158,4.263793985714782,55.45119051627764]",,direct_vp,[],3095354.4685186623,3096560,True,824282047.8097879,72.19923007902393,280.5984635597671,0.00776750683765461,"[5.009480563143081,5.010897612240167,4.993757480648462]",28.258760455995798,52.18427622690797,81.57756888587028,nan,nan,nan,nan,nan,nan,nan,,,nan,nan,nan,nan,nan,nan,nan,nan,nan,,,,nan,nan,nan,nan,nan,,False,,nan,,,nan,nan,nan,,,,,,,,1.1049132764038728e-05,2.297960920214815e-08,0.004198014955175933,nan,nan,nan,False,not_run,not_requested,"[0.024797066665327473,0.23453290739424068,0.018033877914784047]","[40.3273505490158,4.263793985714782,55.45119051627764]",,,,,824282047.8097879,72.19923007902393,nan,nan,direct_vp,direct_vp,False,[],False,1.0,nan,nan,,,nan,nan,nan,False,nan,,,False,,nan,nan,,,nan,nan,nan,False,nan,,,,False,nan,nan,reliability_gated,nan,nan,,decoupled_robust,legacy_multistart,0.0
fig5,old_gated,6,1919806993,20.0,snr_db,20.0,3,3,3,3,full_6d,1919806993,,,nan,,False,,56.746316500008106,1.1049132764038728e-05,1.1049132764038728e-05,2.297960920214815e-08,3.0767914715493585e-06,3.171136085206698e-14,0.004198014955175933,False,direct_vp,global_exact_spherical_vp,main_single_proposed,True,f4b77790b6618b1c,adaptive_jones,cpu,False,,legacy_least_squares,cpu,explicit,,legacy_least_squares_numerical,False,,,0,0,,,,,,,,fixed_pol_anchor,True,fixed_anchor_then_adaptive_jones_score_selection,fixed_pol_anchor,0.018033877914784047,0.23453290739424068,0.09245461732478406,0.0,True,3,4,3095503.926594091,nan,"[0.024797066665327473,0.23453290739424068,0.018033877914784047]","[40.3273505490158,4.263793985714782,55.45119051627764]",,direct_vp,[],3095354.4685186623,3096560,True,824282047.8097879,72.19923007902393,280.5984635597671,0.00776750683765461,"[5.009480563143081,5.010897612240167,4.993757480648462]",28.258760455995798,51.7891036530491,81.1823963120114,nan,nan,nan,nan,nan,nan,nan,,,nan,nan,nan,nan,nan,nan,nan,nan,nan,,,,nan,nan,nan,nan,nan,,False,,nan,,,nan,nan,nan,,,,,,,,1.1049132764038728e-05,2.297960920214815e-08,0.004198014955175933,nan,nan,nan,False,not_run,not_requested,"[0.024797066665327473,0.23453290739424068,0.018033877914784047]","[40.3273505490158,4.263793985714782,55.45119051627764]",,,,,824282047.8097879,72.19923007902393,nan,nan,direct_vp,direct_vp,False,[],False,1.0,nan,nan,,,nan,nan,nan,False,nan,,,False,,nan,nan,,,nan,nan,nan,False,nan,,,,False,nan,nan,reliability_gated_ris_only,nan,nan,,decoupled_robust,legacy_multistart,0.0
fig5,adaptive_jones_vp_proposed,6,1919806993,20.0,snr_db,20.0,3,3,3,3,full_6d,1919806993,,,nan,,False,,58.392783605959266,1.1049132764038728e-05,1.1049132764038728e-05,2.297960920214815e-08,3.0767914715493585e-06,3.171136085206698e-14,0.004198014955175933,False,direct_vp,global_exact_spherical_vp,main_single_proposed,True,19221f39dd147050,adaptive_jones,cpu,False,,legacy_least_squares,cpu,explicit,,legacy_least_squares_numerical,False,,,0,0,,,,,,,,fixed_pol_anchor,True,fixed_anchor_then_adaptive_jones_score_selection,fixed_pol_anchor,0.018033877914784047,0.23453290739424068,0.09245461732478406,0.0,True,3,4,3095503.926594091,nan,"[0.024797066665327473,0.23453290739424068,0.018033877914784047]","[40.3273505490158,4.263793985714782,55.45119051627764]",,direct_vp,[],3095354.4685186623,3096560,True,824282047.8097879,72.19923007902393,280.5984635597671,0.00776750683765461,"[5.009480563143081,5.010897612240167,4.993757480648462]",28.258760455995798,53.402094763936475,82.79538742289878,nan,nan,nan,nan,nan,nan,nan,,,nan,nan,nan,nan,nan,nan,nan,nan,nan,,,,nan,nan,nan,nan,nan,,False,,nan,,,nan,nan,nan,,,,,,,,1.1049132764038728e-05,2.297960920214815e-08,0.004198014955175933,nan,nan,nan,False,not_run,not_requested,"[0.024797066665327473,0.23453290739424068,0.018033877914784047]","[40.3273505490158,4.263793985714782,55.45119051627764]",,,,,824282047.8097879,72.19923007902393,nan,nan,direct_vp,direct_vp,False,[],True,1.0,4.8971766995458617e-05,4.8971766995458617e-05,2,data_only_efim_tau_crb,0.002020143703540638,3.71394587878669e-07,3.71394587878669e-07,True,4.9343161583337285e-05,green,clock_green,False,ngc_green_skip_rescue,nan,nan,2,,nan,nan,nan,False,nan,,candidate_unavailable,ngc_green_skip_rescue,False,9.21034037197618,13.815510557964274,ngc_certified_ris_only,nan,nan,,decoupled_robust,legacy_multistart,0.0
fig5,force_rescue,6,1919806993,20.0,snr_db,20.0,3,3,3,3,full_6d,1919806993,,,nan,,False,,165.7859731419012,1.1049132764038728e-05,1.1049132764038728e-05,2.297960920214815e-08,3.0767914715493585e-06,3.171136085206698e-14,0.004198014955175933,False,direct_vp_rollback,global_exact_spherical_vp,main_single_proposed,True,b0ff61bc3554d074,adaptive_jones,cpu,False,,legacy_least_squares,cpu,explicit,,legacy_least_squares_numerical,False,,,0,0,,,,,,,,fixed_pol_anchor,True,fixed_anchor_then_adaptive_jones_score_selection,fixed_pol_anchor,0.018033877914784047,0.23453290739424068,0.09245461732478406,0.0,True,3,4,3095503.926594091,nan,"[0.024797066665327473,0.23453290739424068,0.018033877914784047]","[40.3273505490158,4.263793985714782,55.45119051627764]",,jnpp_then_vp,[],3095354.4685186623,3096560,True,824282047.8097879,72.19923007902393,280.5984635597671,0.00776750683765461,"[5.009480563143081,5.010897612240167,4.993757480648462]",28.258760455995798,67.66730096912943,97.06059362809174,nan,nan,nan,nan,nan,nan,nan,,,nan,nan,nan,nan,nan,nan,nan,nan,nan,,,,nan,nan,nan,nan,nan,,False,,nan,,,nan,nan,nan,,,,,,,,1.1049132764038728e-05,2.297960920214815e-08,0.004198014955175933,1.104788251772649e-05,2.2979521596228706e-08,0.00419801495517598,True,rollback,existing_selector_rollback,"[0.024797066665327473,0.23453290739424068,0.018033877914784047]","[40.3273505490158,4.263793985714782,55.45119051627764]",,"[0.02479706666575754,0.23453290737694898,0.018033877914766218]","[40.32735054831638,4.263793986029144,55.45119051633246]",,824282047.8097879,72.19923007902393,824282050.4661885,72.19922985017172,direct_vp,direct_vp,False,[],False,1.0,nan,nan,,,nan,nan,nan,False,nan,,,False,,nan,nan,,,nan,nan,nan,False,nan,,,,False,nan,nan,force_ris_only,5.624012870603732e-06,0.0004109929411371036,3,decoupled_robust,legacy_multistart,0.0
fig5,oracle_init_vp,6,1919806993,20.0,snr_db,20.0,3,3,3,3,full_6d,1919806993,,,nan,,False,,44.10743950097822,1.1048345663529707e-05,1.1048345663529707e-05,2.2979541528844988e-08,3.0768949317152732e-06,3.171134496241982e-14,0.004198014955175946,False,oracle_init_vp,global_exact_spherical_vp,,False,,adaptive_jones,cupy,True,0,cupy,cupy.linalg.solve,explicit,matrix_free,analytic_reduced_vp_explicit_gradient,False,matrix_free_cpu_only_gpu_backend,,0,0,0,0,,,,,,fixed_pol_anchor,False,,fixed_pol_anchor,nan,nan,nan,nan,False,3,4,3096725.458075429,3096808.858588352,"[0.02478728476534587,0.23444038928269512,0.018026763944505537]","[40.34326508396095,4.265476623116916,55.473073430063785]","[2.592351301096551e-09,1.8993525033271456e-07,4.001891670961588e-09]",oracle_init_vp,"[""oracle_truth_initialization""]",nan,,,nan,nan,nan,nan,,0.0,44.105786360101774,44.105786360101774,nan,nan,nan,nan,nan,nan,nan,,,nan,nan,nan,nan,nan,nan,nan,nan,nan,,,,nan,nan,nan,nan,nan,,False,,nan,,,nan,nan,nan,,,,,,,,nan,nan,nan,nan,nan,nan,False,,,,,,,,,nan,nan,nan,nan,,,,[],False,nan,nan,nan,,,nan,nan,nan,False,nan,,,False,,nan,nan,,,nan,nan,nan,False,nan,,,,False,nan,nan,,nan,nan,,,legacy_multistart,
fig5,direct_vp,2,3251202663,20.0,snr_db,20.0,3,3,3,3,full_6d,3251202663,,,nan,,False,,77.73803256009705,1.4869830473733933e-05,1.4869830473733933e-05,8.106252248955756e-08,1.1467977416520503e-05,2.0159085183331767e-14,0.0022850568498560216,False,direct_vp,global_exact_spherical_vp,proposed_post_stage1,False,7ed8c876073ba895,adaptive_jones,cpu,False,,legacy_least_squares,cpu,explicit,,legacy_least_squares_numerical,False,,,0,0,,,,,,,,fixed_pol_anchor,True,fixed_anchor_then_adaptive_jones_score_selection,fixed_pol_anchor,0.02172123127191411,0.06149123228640117,0.03661040445962064,0.0,True,3,4,3094017.081419136,nan,"[0.06149123228640117,0.02172123127191411,0.02661874982054665]","[16.26248105327187,46.037905838836764,37.56750436221039]",,direct_vp,[],3093867.623343707,3096560,True,842826141.9691434,73.86117553316771,231.9349510625315,0.005999112928372541,"[4.989343774702249,5.0011018249992265,5.0028558393228915]",27.237629475072026,70.63027481501922,98.61877836799249,nan,nan,nan,nan,nan,nan,nan,,,nan,nan,nan,nan,nan,nan,nan,nan,nan,,,,nan,nan,nan,nan,nan,,False,,nan,,,nan,nan,nan,,,,,,,,1.4869830473733933e-05,8.106252248955756e-08,0.0022850568498560216,nan,nan,nan,False,not_run,not_requested,"[0.06149123228640117,0.02172123127191411,0.02661874982054665]","[16.26248105327187,46.037905838836764,37.56750436221039]",,,,,842826141.9691434,73.86117553316771,nan,nan,direct_vp,direct_vp,False,[],False,1.0,nan,nan,,,nan,nan,nan,False,nan,,,False,,nan,nan,,,nan,nan,nan,False,nan,,,,False,nan,nan,reliability_gated,nan,nan,,decoupled_robust,legacy_multistart,0.0
fig5,old_gated,2,3251202663,20.0,snr_db,20.0,3,3,3,3,full_6d,3251202663,,,nan,,False,,77.11386773502454,1.4869830473733933e-05,1.4869830473733933e-05,8.106252248955756e-08,1.1467977416520503e-05,2.0159085183331767e-14,0.0022850568498560216,False,direct_vp,global_exact_spherical_vp,main_single_proposed,True,f0ef7e3eba943015,adaptive_jones,cpu,False,,legacy_least_squares,cpu,explicit,,legacy_least_squares_numerical,False,,,0,0,,,,,,,,fixed_pol_anchor,True,fixed_anchor_then_adaptive_jones_score_selection,fixed_pol_anchor,0.02172123127191411,0.06149123228640117,0.03661040445962064,0.0,True,3,4,3094017.081419136,nan,"[0.06149123228640117,0.02172123127191411,0.02661874982054665]","[16.26248105327187,46.037905838836764,37.56750436221039]",,direct_vp,[],3093867.623343707,3096560,True,842826141.9691434,73.86117553316771,231.9349510625315,0.005999112928372541,"[4.989343774702249,5.0011018249992265,5.0028558393228915]",27.237629475072026,70.5990618900396,98.58756544301286,nan,nan,nan,nan,nan,nan,nan,,,nan,nan,nan,nan,nan,nan,nan,nan,nan,,,,nan,nan,nan,nan,nan,,False,,nan,,,nan,nan,nan,,,,,,,,1.4869830473733933e-05,8.106252248955756e-08,0.0022850568498560216,nan,nan,nan,False,not_run,not_requested,"[0.06149123228640117,0.02172123127191411,0.02661874982054665]","[16.26248105327187,46.037905838836764,37.56750436221039]",,,,,842826141.9691434,73.86117553316771,nan,nan,direct_vp,direct_vp,False,[],False,1.0,nan,nan,,,nan,nan,nan,False,nan,,,False,,nan,nan,,,nan,nan,nan,False,nan,,,,False,nan,nan,reliability_gated_ris_only,nan,nan,,decoupled_robust,legacy_multistart,0.0
fig5,adaptive_jones_vp_proposed,2,3251202663,20.0,snr_db,20.0,3,3,3,3,full_6d,3251202663,,,nan,,False,,77.5990675590001,1.4869830473733933e-05,1.4869830473733933e-05,8.106252248955756e-08,1.1467977416520503e-05,2.0159085183331767e-14,0.0022850568498560216,False,direct_vp,global_exact_spherical_vp,main_single_proposed,True,a2844319e5dcff38,adaptive_jones,cpu,False,,legacy_least_squares,cpu,explicit,,legacy_least_squares_numerical,False,,,0,0,,,,,,,,fixed_pol_anchor,True,fixed_anchor_then_adaptive_jones_score_selection,fixed_pol_anchor,0.02172123127191411,0.06149123228640117,0.03661040445962064,0.0,True,3,4,3094017.081419136,nan,"[0.06149123228640117,0.02172123127191411,0.02661874982054665]","[16.26248105327187,46.037905838836764,37.56750436221039]",,direct_vp,[],3093867.623343707,3096560,True,842826141.9691434,73.86117553316771,231.9349510625315,0.005999112928372541,"[4.989343774702249,5.0011018249992265,5.0028558393228915]",27.237629475072026,70.74198316899128,98.73048672196455,nan,nan,nan,nan,nan,nan,nan,,,nan,nan,nan,nan,nan,nan,nan,nan,nan,,,,nan,nan,nan,nan,nan,,False,,nan,,,nan,nan,nan,,,,,,,,1.4869830473733933e-05,8.106252248955756e-08,0.0022850568498560216,nan,nan,nan,False,not_run,not_requested,"[0.06149123228640117,0.02172123127191411,0.02661874982054665]","[16.26248105327187,46.037905838836764,37.56750436221039]",,,,,842826141.9691434,73.86117553316771,nan,nan,direct_vp,direct_vp,False,[],True,1.0,4.7833840987042456e-06,4.7833840987042456e-06,2,data_only_efim_tau_crb,0.0006313599144376266,6.664510192323641e-07,6.664510192323641e-07,True,5.449835117936609e-06,green,clock_green,False,ngc_green_skip_rescue,nan,nan,2,,nan,nan,nan,False,nan,,candidate_unavailable,ngc_green_skip_rescue,False,9.21034037197618,13.815510557964274,ngc_certified_ris_only,nan,nan,,decoupled_robust,legacy_multistart,0.0
fig5,force_rescue,2,3251202663,20.0,snr_db,20.0,3,3,3,3,full_6d,3251202663,,,nan,,False,,181.4070672050584,1.4869830473733933e-05,1.4869830473733933e-05,8.106252248955756e-08,1.1467977416520503e-05,2.0159085183331767e-14,0.0022850568498560216,False,direct_vp_rollback,global_exact_spherical_vp,main_single_proposed,True,8178fa0ce9389ba2,adaptive_jones,cpu,False,,legacy_least_squares,cpu,explicit,,legacy_least_squares_numerical,False,,,0,0,,,,,,,,fixed_pol_anchor,True,fixed_anchor_then_adaptive_jones_score_selection,fixed_pol_anchor,0.02172123127191411,0.06149123228640117,0.03661040445962064,0.0,True,3,4,3094017.081419136,nan,"[0.06149123228640117,0.02172123127191411,0.02661874982054665]","[16.26248105327187,46.037905838836764,37.56750436221039]",,jnpp_then_vp,[],3093867.623343707,3096560,True,842826141.9691434,73.86117553316771,231.9349510625315,0.005999112928372541,"[4.989343774702249,5.0011018249992265,5.0028558393228915]",27.237629475072026,70.83924571005628,98.82774926302955,nan,nan,nan,nan,nan,nan,nan,,,nan,nan,nan,nan,nan,nan,nan,nan,nan,,,,nan,nan,nan,nan,nan,,False,,nan,,,nan,nan,nan,,,,,,,,1.4869830473733933e-05,8.106252248955756e-08,0.0022850568498560216,1.4870108314677621e-05,8.106257322793269e-08,0.0022850568498560073,True,rollback,existing_selector_rollback,"[0.06149123228640117,0.02172123127191411,0.02661874982054665]","[16.26248105327187,46.037905838836764,37.56750436221039]",,"[0.0614912322861105,0.021721231271710675,0.026618749820271004]","[16.262481053348743,46.037905839267935,37.567504362599415]",,842826141.9691434,73.86117553316771,842826141.0633107,73.86117561770892,direct_vp,direct_vp,False,[],False,1.0,nan,nan,,,nan,nan,nan,False,nan,,,False,,nan,nan,,,nan,nan,nan,False,nan,,,,False,nan,nan,force_ris_only,1.1337168367363852e-05,0.00036449682413389634,3,decoupled_robust,legacy_multistart,0.0
fig5,oracle_init_vp,2,3251202663,20.0,snr_db,20.0,3,3,3,3,full_6d,3251202663,,,nan,,False,,41.710606494918466,1.4869847338517197e-05,1.4869847338517197e-05,8.106255195467113e-08,1.146800692900189e-05,2.0159342877078126e-14,0.0022850568498560143,False,oracle_init_vp,global_exact_spherical_vp,,False,,adaptive_jones,cupy,True,0,cupy,cupy.linalg.solve,explicit,matrix_free,analytic_reduced_vp_explicit_gradient,False,matrix_free_cpu_only_gpu_backend,,0,0,0,0,,,,,,fixed_pol_anchor,False,,fixed_pol_anchor,nan,nan,nan,nan,False,3,4,3096725.458075429,3096813.510586096,"[0.06143744984431913,0.021702233102367945,0.026595468105305217]","[16.276717255255747,46.078207495194015,37.60039101550896]","[2.2278885122426443e-07,1.0148051209002202e-08,2.0923889407160397e-09]",oracle_init_vp,"[""oracle_truth_initialization""]",nan,,,nan,nan,nan,nan,,0.0,41.70900812279433,41.70900812279433,nan,nan,nan,nan,nan,nan,nan,,,nan,nan,nan,nan,nan,nan,nan,nan,nan,,,,nan,nan,nan,nan,nan,,False,,nan,,,nan,nan,nan,,,,,,,,nan,nan,nan,nan,nan,nan,False,,,,,,,,,nan,nan,nan,nan,,,,[],False,nan,nan,nan,,,nan,nan,nan,False,nan,,,False,,nan,nan,,,nan,nan,nan,False,nan,,,,False,nan,nan,,nan,nan,,,legacy_multistart,
fig5,direct_vp,3,3422926171,20.0,snr_db,20.0,3,3,3,3,full_6d,3422926171,,,nan,,False,,77.7724310089834,5.1571188400829854e-05,5.1571188400829854e-05,1.1424183663933401e-07,2.3824968147452172e-05,1.2653311053651155e-13,0.002781447301754311,False,direct_vp,global_exact_spherical_vp,proposed_post_stage1,False,1b5135fd4694837e,adaptive_jones,cpu,False,,legacy_least_squares,cpu,explicit,,legacy_least_squares_numerical,False,,,0,0,,,,,,,,fixed_pol_anchor,True,fixed_anchor_then_adaptive_jones_score_selection,fixed_pol_anchor,0.02108744255786405,0.08734284876106364,0.04423830435941537,0.0,True,3,4,3097639.533070287,nan,"[0.08734284876106364,0.024284621759318434,0.02108744255786405]","[11.449134235769286,41.178323051964284,47.42158738576163]",,direct_vp,[],3097490.0749948584,3096560,True,855269643.8544334,79.32122983547039,182.11398215729253,0.006508136002353851,"[4.993076927775766,4.99333107276152,5.007008087046034]",43.07904933090322,70.57200964703225,114.6856368361041,nan,nan,nan,nan,nan,nan,nan,,,nan,nan,nan,nan,nan,nan,nan,nan,nan,,,,nan,nan,nan,nan,nan,,False,,nan,,,nan,nan,nan,,,,,,,,5.1571188400829854e-05,1.1424183663933401e-07,0.002781447301754311,nan,nan,nan,False,not_run,not_requested,"[0.08734284876106364,0.024284621759318434,0.02108744255786405]","[11.449134235769286,41.178323051964284,47.42158738576163]",,,,,855269643.8544334,79.32122983547039,nan,nan,direct_vp,direct_vp,False,[],False,1.0,nan,nan,,,nan,nan,nan,False,nan,,,False,,nan,nan,,,nan,nan,nan,False,nan,,,,False,nan,nan,reliability_gated,nan,nan,,decoupled_robust,legacy_multistart,0.0
fig5,old_gated,3,3422926171,20.0,snr_db,20.0,3,3,3,3,full_6d,3422926171,,,nan,,False,,76.71914978092536,5.1571188400829854e-05,5.1571188400829854e-05,1.1424183663933401e-07,2.3824968147452172e-05,1.2653311053651155e-13,0.002781447301754311,False,direct_vp,global_exact_spherical_vp,main_single_proposed,True,190638848349dc03,adaptive_jones,cpu,False,,legacy_least_squares,cpu,explicit,,legacy_least_squares_numerical,False,,,0,0,,,,,,,,fixed_pol_anchor,True,fixed_anchor_then_adaptive_jones_score_selection,fixed_pol_anchor,0.02108744255786405,0.08734284876106364,0.04423830435941537,0.0,True,3,4,3097639.533070287,nan,"[0.08734284876106364,0.024284621759318434,0.02108744255786405]","[11.449134235769286,41.178323051964284,47.42158738576163]",,direct_vp,[],3097490.0749948584,3096560,True,855269643.8544334,79.32122983547039,182.11398215729253,0.006508136002353851,"[4.993076927775766,4.99333107276152,5.007008087046034]",43.07904933090322,70.07234299299307,114.18597018206492,nan,nan,nan,nan,nan,nan,nan,,,nan,nan,nan,nan,nan,nan,nan,nan,nan,,,,nan,nan,nan,nan,nan,,False,,nan,,,nan,nan,nan,,,,,,,,5.1571188400829854e-05,1.1424183663933401e-07,0.002781447301754311,nan,nan,nan,False,not_run,not_requested,"[0.08734284876106364,0.024284621759318434,0.02108744255786405]","[11.449134235769286,41.178323051964284,47.42158738576163]",,,,,855269643.8544334,79.32122983547039,nan,nan,direct_vp,direct_vp,False,[],False,1.0,nan,nan,,,nan,nan,nan,False,nan,,,False,,nan,nan,,,nan,nan,nan,False,nan,,,,False,nan,nan,reliability_gated_ris_only,nan,nan,,decoupled_robust,legacy_multistart,0.0
fig5,adaptive_jones_vp_proposed,3,3422926171,20.0,snr_db,20.0,3,3,3,3,full_6d,3422926171,,,nan,,False,,77.746661570156,5.1571188400829854e-05,5.1571188400829854e-05,1.1424183663933401e-07,2.3824968147452172e-05,1.2653311053651155e-13,0.002781447301754311,False,direct_vp,global_exact_spherical_vp,main_single_proposed,True,08eeadf37f4f9dbd,adaptive_jones,cpu,False,,legacy_least_squares,cpu,explicit,,legacy_least_squares_numerical,False,,,0,0,,,,,,,,fixed_pol_anchor,True,fixed_anchor_then_adaptive_jones_score_selection,fixed_pol_anchor,0.02108744255786405,0.08734284876106364,0.04423830435941537,0.0,True,3,4,3097639.533070287,nan,"[0.08734284876106364,0.024284621759318434,0.02108744255786405]","[11.449134235769286,41.178323051964284,47.42158738576163]",,direct_vp,[],3097490.0749948584,3096560,True,855269643.8544334,79.32122983547039,182.11398215729253,0.006508136002353851,"[4.993076927775766,4.99333107276152,5.007008087046034]",43.07904933090322,71.01534258201718,115.12896977108903,nan,nan,nan,nan,nan,nan,nan,,,nan,nan,nan,nan,nan,nan,nan,nan,nan,,,,nan,nan,nan,nan,nan,,False,,nan,,,nan,nan,nan,,,,,,,,5.1571188400829854e-05,1.1424183663933401e-07,0.002781447301754311,nan,nan,nan,False,not_run,not_requested,"[0.08734284876106364,0.024284621759318434,0.02108744255786405]","[11.449134235769286,41.178323051964284,47.42158738576163]",,,,,855269643.8544334,79.32122983547039,nan,nan,direct_vp,direct_vp,False,[],True,1.0,0.00017708414457015385,0.00017708414457015385,2,data_only_efim_tau_crb,0.003841485656294036,4.974021350842616e-07,4.974021350842616e-07,True,0.0001775815467052381,green,clock_green,False,ngc_green_skip_rescue,nan,nan,2,,nan,nan,nan,False,nan,,candidate_unavailable,ngc_green_skip_rescue,False,9.21034037197618,13.815510557964274,ngc_certified_ris_only,nan,nan,,decoupled_robust,legacy_multistart,0.0
fig5,force_rescue,3,3422926171,20.0,snr_db,20.0,3,3,3,3,full_6d,3422926171,,,nan,,False,,175.4459405359812,5.1571188400829854e-05,5.1571188400829854e-05,1.1424183663933401e-07,2.3824968147452172e-05,1.2653311053651155e-13,0.002781447301754311,False,direct_vp_rollback,global_exact_spherical_vp,main_single_proposed,True,00c482a1a9f501fe,adaptive_jones,cpu,False,,legacy_least_squares,cpu,explicit,,legacy_least_squares_numerical,False,,,0,0,,,,,,,,fixed_pol_anchor,True,fixed_anchor_then_adaptive_jones_score_selection,fixed_pol_anchor,0.02108744255786405,0.08734284876106364,0.04423830435941537,0.0,True,3,4,3097639.533070287,nan,"[0.08734284876106364,0.024284621759318434,0.02108744255786405]","[11.449134235769286,41.178323051964284,47.42158738576163]",,jnpp_then_vp,[],3097490.0749948584,3096560,True,855269643.8544334,79.32122983547039,182.11398215729253,0.006508136002353851,"[4.993076927775766,4.99333107276152,5.007008087046034]",43.07904933090322,71.28243221295998,115.39605940203182,nan,nan,nan,nan,nan,nan,nan,,,nan,nan,nan,nan,nan,nan,nan,nan,nan,,,,nan,nan,nan,nan,nan,,False,,nan,,,nan,nan,nan,,,,,,,,5.1571188400829854e-05,1.1424183663933401e-07,0.002781447301754311,5.1571279599377496e-05,1.1424183707714996e-07,0.0027814473017542876,True,rollback,existing_selector_rollback,"[0.08734284876106364,0.024284621759318434,0.02108744255786405]","[11.449134235769286,41.178323051964284,47.42158738576163]",,"[0.08734284876221057,0.024284621759260588,0.021087442557923435]","[11.449134235618942,41.17832305206237,47.42158738562809]",,855269643.8544334,79.32122983547039,855269643.932548,79.32122982081319,direct_vp,direct_vp,False,[],False,1.0,nan,nan,,,nan,nan,nan,False,nan,,,False,,nan,nan,,,nan,nan,nan,False,nan,,,,False,nan,nan,force_ris_only,9.4454297923874e-05,0.003590581326705145,3,decoupled_robust,legacy_multistart,0.0
fig5,oracle_init_vp,3,3422926171,20.0,snr_db,20.0,3,3,3,3,full_6d,3422926171,,,nan,,False,,39.165799810085446,5.157042778126089e-05,5.157042778126089e-05,1.1424154751884251e-07,2.3824864032095746e-05,1.265330715282281e-13,0.0027814473017543067,False,oracle_init_vp,global_exact_spherical_vp,,False,,adaptive_jones,cupy,True,0,cupy,cupy.linalg.solve,explicit,matrix_free,analytic_reduced_vp_explicit_gradient,False,matrix_free_cpu_only_gpu_backend,,0,0,0,0,,,,,,fixed_pol_anchor,False,,fixed_pol_anchor,nan,nan,nan,nan,False,3,4,3096725.458075429,3096818.8087900314,"[0.08736863140401928,0.024291790311010662,0.021093667337610002]","[11.44575557531177,41.16617125361521,47.4075931887377]","[2.993536192085777e-07,5.465020849474682e-08,1.1519204687827375e-08]",oracle_init_vp,"[""oracle_truth_initialization""]",nan,,,nan,nan,nan,nan,,0.0,39.16421144013293,39.16421144013293,nan,nan,nan,nan,nan,nan,nan,,,nan,nan,nan,nan,nan,nan,nan,nan,nan,,,,nan,nan,nan,nan,nan,,False,,nan,,,nan,nan,nan,,,,,,,,nan,nan,nan,nan,nan,nan,False,,,,,,,,,nan,nan,nan,nan,,,,[],False,nan,nan,nan,,,nan,nan,nan,False,nan,,,False,,nan,nan,,,nan,nan,nan,False,nan,,,,False,nan,nan,,nan,nan,,,legacy_multistart,
fig5,direct_vp,5,2290547997,15.0,snr_db,15.0,3,3,3,3,full_6d,2290547997,,,nan,,False,,162.09227235196158,9.672068464374265e-05,9.672068464374265e-05,1.4245217269171532e-07,1.0106890704236681e-05,1.4901900524277011e-13,0.00862573740276374,False,direct_vp,global_exact_spherical_vp,proposed_post_stage1,False,c0f0205249ca465f,adaptive_jones,cpu,False,,legacy_least_squares,cpu,explicit,,legacy_least_squares_numerical,False,,,0,0,,,,,,,,fixed_pol_anchor,True,fixed_anchor_then_adaptive_jones_score_selection,fixed_pol_anchor,0.054806716948190046,0.18645911875815183,0.13231173384011008,0.0,True,3,10,8328195.5555690685,8330542.212206245,"[0.18645911875815183,0.054806716948190046,0.15566936581398838]","[5.363105900424591,18.245938740415095,6.423871484096358]","[2.237178179136519e-06,9.591583334863985e-07,1.7826147719524596e-07]",direct_vp,[],3093962.152164989,3096560,True,225950662.5114307,75.03969625171037,108.81310398771973,0.006812881155808005,"[5.002633180698214,5.003930056897275,5.017690215450003]",45.00564980390482,157.3013611137867,203.21779538644478,nan,nan,nan,nan,nan,nan,nan,,,nan,nan,nan,nan,nan,nan,nan,nan,nan,,,,nan,nan,nan,nan,nan,,False,,nan,,,nan,nan,nan,,,,,,,,9.672068464374265e-05,1.4245217269171532e-07,0.00862573740276374,nan,nan,nan,False,not_run,not_requested,"[0.18645911875815183,0.054806716948190046,0.15566936581398838]","[5.363105900424591,18.245938740415095,6.423871484096358]","[2.237178179136519e-06,9.591583334863985e-07,1.7826147719524596e-07]",,,,225950662.5114307,75.03969625171037,nan,nan,direct_vp,direct_vp,False,[],False,1.0,nan,nan,,,nan,nan,nan,False,nan,,,False,,nan,nan,,,nan,nan,nan,False,nan,,,,False,nan,nan,reliability_gated,nan,nan,,decoupled_robust,legacy_multistart,0.0
fig5,old_gated,5,2290547997,15.0,snr_db,15.0,3,3,3,3,full_6d,2290547997,,,nan,,False,,167.09362138994038,9.672068464374265e-05,9.672068464374265e-05,1.4245217269171532e-07,1.0106890704236681e-05,1.4901900524277011e-13,0.00862573740276374,False,direct_vp,global_exact_spherical_vp,main_single_proposed,True,3cac83c92e97b922,adaptive_jones,cpu,False,,legacy_least_squares,cpu,explicit,,legacy_least_squares_numerical,False,,,0,0,,,,,,,,fixed_pol_anchor,True,fixed_anchor_then_adaptive_jones_score_selection,fixed_pol_anchor,0.054806716948190046,0.18645911875815183,0.13231173384011008,0.0,True,3,10,8328195.5555690685,8330542.212206245,"[0.18645911875815183,0.054806716948190046,0.15566936581398838]","[5.363105900424591,18.245938740415095,6.423871484096358]","[2.237178179136519e-06,9.591583334863985e-07,1.7826147719524596e-07]",direct_vp,[],3093962.152164989,3096560,True,225950662.5114307,75.03969625171037,108.81310398771973,0.006812881155808005,"[5.002633180698214,5.003930056897275,5.017690215450003]",45.00564980390482,160.58450223016553,206.5009365028236,nan,nan,nan,nan,nan,nan,nan,,,nan,nan,nan,nan,nan,nan,nan,nan,nan,,,,nan,nan,nan,nan,nan,,False,,nan,,,nan,nan,nan,,,,,,,,9.672068464374265e-05,1.4245217269171532e-07,0.00862573740276374,nan,nan,nan,False,not_run,not_requested,"[0.18645911875815183,0.054806716948190046,0.15566936581398838]","[5.363105900424591,18.245938740415095,6.423871484096358]","[2.237178179136519e-06,9.591583334863985e-07,1.7826147719524596e-07]",,,,225950662.5114307,75.03969625171037,nan,nan,direct_vp,direct_vp,False,[],False,1.0,nan,nan,,,nan,nan,nan,False,nan,,,False,,nan,nan,,,nan,nan,nan,False,nan,,,,False,nan,nan,reliability_gated_ris_only,nan,nan,,decoupled_robust,legacy_multistart,0.0
fig5,adaptive_jones_vp_proposed,5,2290547997,15.0,snr_db,15.0,3,3,3,3,full_6d,2290547997,,,nan,,False,,180.6157683141064,9.672068464374265e-05,9.672068464374265e-05,1.4245217269171532e-07,1.0106890704236681e-05,1.4901900524277011e-13,0.00862573740276374,False,direct_vp,global_exact_spherical_vp,main_single_proposed,True,c537e94a348c4259,adaptive_jones,cpu,False,,legacy_least_squares,cpu,explicit,,legacy_least_squares_numerical,False,,,0,0,,,,,,,,fixed_pol_anchor,True,fixed_anchor_then_adaptive_jones_score_selection,fixed_pol_anchor,0.054806716948190046,0.18645911875815183,0.13231173384011008,0.0,True,3,10,8328195.5555690685,8330542.212206245,"[0.18645911875815183,0.054806716948190046,0.15566936581398838]","[5.363105900424591,18.245938740415095,6.423871484096358]","[2.237178179136519e-06,9.591583334863985e-07,1.7826147719524596e-07]",direct_vp,[],3093962.152164989,3096560,True,225950662.5114307,75.03969625171037,108.81310398771973,0.006812881155808005,"[5.002633180698214,5.003930056897275,5.017690215450003]",45.00564980390482,173.63729261793196,219.55372689059004,nan,nan,nan,nan,nan,nan,nan,,,nan,nan,nan,nan,nan,nan,nan,nan,nan,,,,nan,nan,nan,nan,nan,,False,,nan,,,nan,nan,nan,,,,,,,,9.672068464374265e-05,1.4245217269171532e-07,0.00862573740276374,nan,nan,nan,False,not_run,not_requested,"[0.18645911875815183,0.054806716948190046,0.15566936581398838]","[5.363105900424591,18.245938740415095,6.423871484096358]","[2.237178179136519e-06,9.591583334863985e-07,1.7826147719524596e-07]",,,,225950662.5114307,75.03969625171037,nan,nan,direct_vp,direct_vp,False,[],True,1.0,1.5555466064595092e-05,1.5555466064595092e-05,2,data_only_efim_tau_crb,0.001138546810068105,1.1228080193225769e-06,1.1228080193225769e-06,True,1.667827408391767e-05,green,clock_green,False,ngc_green_skip_rescue,nan,nan,2,,nan,nan,nan,False,nan,,candidate_unavailable,ngc_green_skip_rescue,False,9.21034037197618,13.815510557964274,ngc_certified_ris_only,nan,nan,,decoupled_robust,legacy_multistart,0.0
fig5,force_rescue,5,2290547997,15.0,snr_db,15.0,3,3,3,3,full_6d,2290547997,,,nan,,False,,347.6688898790162,9.672068464374265e-05,9.672068464374265e-05,1.4245217269171532e-07,1.0106890704236681e-05,1.4901900524277011e-13,0.00862573740276374,False,direct_vp_rollback,global_exact_spherical_vp,main_single_proposed,True,863c9a9470082bce,adaptive_jones,cpu,False,,legacy_least_squares,cpu,explicit,,legacy_least_squares_numerical,False,,,0,0,,,,,,,,fixed_pol_anchor,True,fixed_anchor_then_adaptive_jones_score_selection,fixed_pol_anchor,0.054806716948190046,0.18645911875815183,0.13231173384011008,0.0,True,3,10,8328195.5555690685,8330542.212206245,"[0.18645911875815183,0.054806716948190046,0.15566936581398838]","[5.363105900424591,18.245938740415095,6.423871484096358]","[2.237178179136519e-06,9.591583334863985e-07,1.7826147719524596e-07]",jnpp_then_vp,[],3093962.152164989,3096560,True,225950662.5114307,75.03969625171037,108.81310398771973,0.006812881155808005,"[5.002633180698214,5.003930056897275,5.017690215450003]",45.00564980390482,170.8057075368706,216.7221418095287,nan,nan,nan,nan,nan,nan,nan,,,nan,nan,nan,nan,nan,nan,nan,nan,nan,,,,nan,nan,nan,nan,nan,,False,,nan,,,nan,nan,nan,,,,,,,,9.672068464374265e-05,1.4245217269171532e-07,0.00862573740276374,9.672255384903737e-05,1.4245299625187933e-07,0.008625737402763758,True,rollback,existing_selector_rollback,"[0.18645911875815183,0.054806716948190046,0.15566936581398838]","[5.363105900424591,18.245938740415095,6.423871484096358]","[2.237178179136519e-06,9.591583334863985e-07,1.7826147719524596e-07]","[0.18645911874409463,0.05480671694594512,0.1556693658518115]","[5.363105900828916,18.245938741162462,6.423871482535545]","[2.249782653807876e-06,9.682827621918517e-07,1.8625237557446675e-07]",225950662.5114307,75.03969625171037,225950664.32957911,75.03969565248154,direct_vp,direct_vp,False,[],False,1.0,nan,nan,,,nan,nan,nan,False,nan,,,False,,nan,nan,,,nan,nan,nan,False,nan,,,,False,nan,nan,force_ris_only,0.7000001391490746,0.006219481977882487,3,decoupled_robust,legacy_multistart,0.0
fig5,oracle_init_vp,5,2290547997,15.0,snr_db,15.0,3,3,3,3,full_6d,2290547997,,,nan,,False,,35.00660654110834,9.672127597078989e-05,9.672127597078989e-05,1.4245198806091252e-07,1.0106906816115551e-05,1.4902082483253957e-13,0.00862573740276379,False,oracle_init_vp,global_exact_spherical_vp,,False,,adaptive_jones,cupy,True,0,cupy,cupy.linalg.solve,explicit,matrix_free,analytic_reduced_vp_explicit_gradient,False,matrix_free_cpu_only_gpu_backend,,0,0,0,0,,,,,,fixed_pol_anchor,False,,fixed_pol_anchor,nan,nan,nan,nan,False,3,4,3096725.458075429,3096808.476758985,"[0.18218739503281617,0.05405566268241271,0.1290336957080521]","[5.488853934267487,18.499449463327018,7.749913652496183]","[1.3911344970551176e-07,3.607238654752208e-08,1.1290626032637241e-08]",oracle_init_vp,"[""oracle_truth_initialization""]",nan,,,nan,nan,nan,nan,,0.0,35.004604964051396,35.004604964051396,nan,nan,nan,nan,nan,nan,nan,,,nan,nan,nan,nan,nan,nan,nan,nan,nan,,,,nan,nan,nan,nan,nan,,False,,nan,,,nan,nan,nan,,,,,,,,nan,nan,nan,nan,nan,nan,False,,,,,,,,,nan,nan,nan,nan,,,,[],False,nan,nan,nan,,,nan,nan,nan,False,nan,,,False,,nan,nan,,,nan,nan,nan,False,nan,,,,False,nan,nan,,nan,nan,,,legacy_multistart,
fig5,direct_vp,13,634888206,20.0,snr_db,20.0,3,3,3,3,full_6d,634888206,,,nan,,False,,48.30218970007263,5.039276546730343e-05,5.039276546730343e-05,4.156548890980988e-08,1.3184639327200914e-05,6.94449439523923e-14,0.002044646804133445,False,direct_vp,global_exact_spherical_vp,proposed_post_stage1,False,8f08acc28c259f46,adaptive_jones,cpu,False,,legacy_least_squares,cpu,explicit,,legacy_least_squares_numerical,False,,,0,0,,,,,,,,fixed_pol_anchor,True,fixed_anchor_then_adaptive_jones_score_selection,fixed_pol_anchor,0.017011407509217542,0.25867679302764196,0.10088088856861667,0.0,True,3,4,3095329.054255198,nan,"[0.017011407509217542,0.25867679302764196,0.026954465168990516]","[58.78408353089762,3.8658280408358174,37.099604600962834]",,direct_vp,[],3095179.5961797694,3096560,True,754114101.1986264,80.72330276951406,199.29992999848898,0.008089632334373192,"[5.001049075539565,5.020422910314451,5.014338849496532]",23.309719137847424,43.09574736794457,67.0590373086743,nan,nan,nan,nan,nan,nan,nan,,,nan,nan,nan,nan,nan,nan,nan,nan,nan,,,,nan,nan,nan,nan,nan,,False,,nan,,,nan,nan,nan,,,,,,,,5.039276546730343e-05,4.156548890980988e-08,0.002044646804133445,nan,nan,nan,False,not_run,not_requested,"[0.017011407509217542,0.25867679302764196,0.026954465168990516]","[58.78408353089762,3.8658280408358174,37.099604600962834]",,,,,754114101.1986264,80.72330276951406,nan,nan,direct_vp,direct_vp,False,[],False,1.0,nan,nan,,,nan,nan,nan,False,nan,,,False,,nan,nan,,,nan,nan,nan,False,nan,,,,False,nan,nan,reliability_gated,nan,nan,,decoupled_robust,legacy_multistart,0.0
fig5,old_gated,13,634888206,20.0,snr_db,20.0,3,3,3,3,full_6d,634888206,,,nan,,False,,55.39074653410353,5.039276546730343e-05,5.039276546730343e-05,4.156548890980988e-08,1.3184639327200914e-05,6.94449439523923e-14,0.002044646804133445,False,direct_vp,global_exact_spherical_vp,main_single_proposed,True,ff96647edfefd286,adaptive_jones,cpu,False,,legacy_least_squares,cpu,explicit,,legacy_least_squares_numerical,False,,,0,0,,,,,,,,fixed_pol_anchor,True,fixed_anchor_then_adaptive_jones_score_selection,fixed_pol_anchor,0.017011407509217542,0.25867679302764196,0.10088088856861667,0.0,True,3,4,3095329.054255198,nan,"[0.017011407509217542,0.25867679302764196,0.026954465168990516]","[58.78408353089762,3.8658280408358174,37.099604600962834]",,direct_vp,[],3095179.5961797694,3096560,True,754114101.1986264,80.72330276951406,199.29992999848898,0.008089632334373192,"[5.001049075539565,5.020422910314451,5.014338849496532]",23.309719137847424,50.3706922151614,74.33398215589114,nan,nan,nan,nan,nan,nan,nan,,,nan,nan,nan,nan,nan,nan,nan,nan,nan,,,,nan,nan,nan,nan,nan,,False,,nan,,,nan,nan,nan,,,,,,,,5.039276546730343e-05,4.156548890980988e-08,0.002044646804133445,nan,nan,nan,False,not_run,not_requested,"[0.017011407509217542,0.25867679302764196,0.026954465168990516]","[58.78408353089762,3.8658280408358174,37.099604600962834]",,,,,754114101.1986264,80.72330276951406,nan,nan,direct_vp,direct_vp,False,[],False,1.0,nan,nan,,,nan,nan,nan,False,nan,,,False,,nan,nan,,,nan,nan,nan,False,nan,,,,False,nan,nan,reliability_gated_ris_only,nan,nan,,decoupled_robust,legacy_multistart,0.0
fig5,adaptive_jones_vp_proposed,13,634888206,20.0,snr_db,20.0,3,3,3,3,full_6d,634888206,,,nan,,False,,57.774787655100226,5.039276546730343e-05,5.039276546730343e-05,4.156548890980988e-08,1.3184639327200914e-05,6.94449439523923e-14,0.002044646804133445,False,direct_vp,global_exact_spherical_vp,main_single_proposed,True,5969708ea2513e16,adaptive_jones,cpu,False,,legacy_least_squares,cpu,explicit,,legacy_least_squares_numerical,False,,,0,0,,,,,,,,fixed_pol_anchor,True,fixed_anchor_then_adaptive_jones_score_selection,fixed_pol_anchor,0.017011407509217542,0.25867679302764196,0.10088088856861667,0.0,True,3,4,3095329.054255198,nan,"[0.017011407509217542,0.25867679302764196,0.026954465168990516]","[58.78408353089762,3.8658280408358174,37.099604600962834]",,direct_vp,[],3095179.5961797694,3096560,True,754114101.1986264,80.72330276951406,199.29992999848898,0.008089632334373192,"[5.001049075539565,5.020422910314451,5.014338849496532]",23.309719137847424,52.68355335807428,76.64684329880401,nan,nan,nan,nan,nan,nan,nan,,,nan,nan,nan,nan,nan,nan,nan,nan,nan,,,,nan,nan,nan,nan,nan,,False,,nan,,,nan,nan,nan,,,,,,,,5.039276546730343e-05,4.156548890980988e-08,0.002044646804133445,nan,nan,nan,False,not_run,not_requested,"[0.017011407509217542,0.25867679302764196,0.026954465168990516]","[58.78408353089762,3.8658280408358174,37.099604600962834]",,,,,754114101.1986264,80.72330276951406,nan,nan,direct_vp,direct_vp,False,[],True,1.0,1.8025969410016817e-05,1.8025969410016817e-05,2,data_only_efim_tau_crb,0.001225628050226251,5.222489653703597e-07,5.222489653703597e-07,True,1.8548218375387176e-05,green,clock_green,False,ngc_green_skip_rescue,nan,nan,2,,nan,nan,nan,False,nan,,candidate_unavailable,ngc_green_skip_rescue,False,9.21034037197618,13.815510557964274,ngc_certified_ris_only,nan,nan,,decoupled_robust,legacy_multistart,0.0
fig5,force_rescue,13,634888206,20.0,snr_db,20.0,3,3,3,3,full_6d,634888206,,,nan,,False,,131.45206119306386,5.039276546730343e-05,5.039276546730343e-05,4.156548890980988e-08,1.3184639327200914e-05,6.94449439523923e-14,0.002044646804133445,False,direct_vp_rollback,global_exact_spherical_vp,main_single_proposed,True,3bfb303882c1226c,adaptive_jones,cpu,False,,legacy_least_squares,cpu,explicit,,legacy_least_squares_numerical,False,,,0,0,,,,,,,,fixed_pol_anchor,True,fixed_anchor_then_adaptive_jones_score_selection,fixed_pol_anchor,0.017011407509217542,0.25867679302764196,0.10088088856861667,0.0,True,3,4,3095329.054255198,nan,"[0.017011407509217542,0.25867679302764196,0.026954465168990516]","[58.78408353089762,3.8658280408358174,37.099604600962834]",,jnpp_then_vp,[],3095179.5961797694,3096560,True,754114101.1986264,80.72330276951406,199.29992999848898,0.008089632334373192,"[5.001049075539565,5.020422910314451,5.014338849496532]",23.309719137847424,52.99248497397639,76.95577491470613,nan,nan,nan,nan,nan,nan,nan,,,nan,nan,nan,nan,nan,nan,nan,nan,nan,,,,nan,nan,nan,nan,nan,,False,,nan,,,nan,nan,nan,,,,,,,,5.039276546730343e-05,4.156548890980988e-08,0.002044646804133445,5.039300561414068e-05,4.156565688251628e-08,0.0020446468041334493,True,rollback,existing_selector_rollback,"[0.017011407509217542,0.25867679302764196,0.026954465168990516]","[58.78408353089762,3.8658280408358174,37.099604600962834]",,"[0.01701140750924599,0.2586767930258376,0.02695446516869073]","[58.784083530799315,3.865828040862782,37.099604601375454]",,754114101.1986264,80.72330276951406,754114101.6157409,80.72330270899764,direct_vp,direct_vp,False,[],False,1.0,nan,nan,,,nan,nan,nan,False,nan,,,False,,nan,nan,,,nan,nan,nan,False,nan,,,,False,nan,nan,force_ris_only,4.1505403003027254e-05,0.006948187486723237,3,decoupled_robust,legacy_multistart,0.0
fig5,oracle_init_vp,13,634888206,20.0,snr_db,20.0,3,3,3,3,full_6d,634888206,,,nan,,False,,30.109505786094815,5.039362705151316e-05,5.039362705151316e-05,4.1565700818475384e-08,1.3184764614154208e-05,6.944485162568056e-14,0.0020446468041334575,False,oracle_init_vp,global_exact_spherical_vp,,False,,adaptive_jones,cupy,True,0,cupy,cupy.linalg.solve,explicit,matrix_free,analytic_reduced_vp_explicit_gradient,False,matrix_free_cpu_only_gpu_backend,,0,0,0,0,,,,,,fixed_pol_anchor,False,,fixed_pol_anchor,nan,nan,nan,nan,False,3,4,3096725.458075429,3096810.7018607566,"[0.017003736199077652,0.258560142492025,0.02694231002768641]","[58.810604227924145,3.867572126011592,37.1163422502508]","[6.676458597857537e-09,1.7121558178878475e-07,2.1440977381026898e-08]",oracle_init_vp,"[""oracle_truth_initialization""]",nan,,,nan,nan,nan,nan,,0.0,30.107980486005545,30.107980486005545,nan,nan,nan,nan,nan,nan,nan,,,nan,nan,nan,nan,nan,nan,nan,nan,nan,,,,nan,nan,nan,nan,nan,,False,,nan,,,nan,nan,nan,,,,,,,,nan,nan,nan,nan,nan,nan,False,,,,,,,,,nan,nan,nan,nan,,,,[],False,nan,nan,nan,,,nan,nan,nan,False,nan,,,False,,nan,nan,,,nan,nan,nan,False,nan,,,,False,nan,nan,,nan,nan,,,legacy_multistart,
fig5,direct_vp,16,1080178429,15.0,snr_db,15.0,3,3,3,3,full_6d,1080178429,,,nan,,False,,166.94804033008404,1.5090284818463478e-05,1.5090284818463478e-05,5.915686898440578e-08,1.257471712096815e-05,1.7719588613357335e-13,0.015208307006386172,False,direct_vp,global_exact_spherical_vp,proposed_post_stage1,False,9d0f77bc029b0c0e,adaptive_jones,cpu,False,,legacy_least_squares,cpu,explicit,,legacy_least_squares_numerical,False,,,0,0,,,,,,,,fixed_pol_anchor,True,fixed_anchor_then_adaptive_jones_score_selection,fixed_pol_anchor,0.04988324041620538,6.274779366782579,2.137593555824338,0.0,True,3,4,3101124.587966693,nan,"[0.08811806027422955,6.274779366782579,0.04988324041620538]","[11.348411402700446,0.15936815329117773,20.046813151197853]",,jnpp_then_vp,[],3100975.1298912643,3096560,False,271822549.88663024,87.53517165975035,40.01934383845103,0.0351138822461525,"[5.006940989759971,5.064322889724587,4.9801439280990145]",24.311852366197854,85.40901319915429,110.3270584505517,nan,nan,nan,nan,nan,nan,nan,,,nan,nan,nan,nan,nan,nan,nan,nan,nan,,,,nan,nan,nan,nan,nan,,False,,nan,,,nan,nan,nan,,,,,,,,1.5090284818463478e-05,5.915686898440578e-08,0.015208307006386172,nan,nan,nan,False,not_run,not_requested,"[0.08811806027422955,6.274779366782579,0.04988324041620538]","[11.348411402700446,0.15936815329117773,20.046813151197853]",,,,,271822549.88663024,87.53517165975035,nan,nan,direct_vp,jnpp_then_vp,False,[],False,1.0,nan,nan,,,nan,nan,nan,False,nan,,,False,,nan,nan,,,nan,nan,nan,False,nan,,,,False,nan,nan,reliability_gated,nan,nan,,decoupled_robust,legacy_multistart,0.0
fig5,old_gated,16,1080178429,15.0,snr_db,15.0,3,3,3,3,full_6d,1080178429,,,nan,,False,,204.9372264679987,1.5090284818463478e-05,1.5090284818463478e-05,5.915686898440578e-08,1.257471712096815e-05,1.7719588613357335e-13,0.015208307006386172,False,direct_vp_rollback,global_exact_spherical_vp,main_single_proposed,True,e86c64ec74f45bca,adaptive_jones,cpu,False,,legacy_least_squares,cpu,explicit,,legacy_least_squares_numerical,False,,,0,0,,,,,,,,fixed_pol_anchor,True,fixed_anchor_then_adaptive_jones_score_selection,fixed_pol_anchor,0.04988324041620538,6.274779366782579,2.137593555824338,0.0,True,3,4,3101124.587966693,nan,"[0.08811806027422955,6.274779366782579,0.04988324041620538]","[11.348411402700446,0.15936815329117773,20.046813151197853]",,jnpp_then_vp,[],3100975.1298912643,3096560,False,271822549.88663024,87.53517165975035,40.01934383845103,0.0351138822461525,"[5.006940989759971,5.064322889724587,4.9801439280990145]",24.311852366197854,91.79970619594678,116.7177514473442,nan,nan,nan,nan,nan,nan,nan,,,nan,nan,nan,nan,nan,nan,nan,nan,nan,,,,nan,nan,nan,nan,nan,,False,,nan,,,nan,nan,nan,,,,,,,,1.5090284818463478e-05,5.915686898440578e-08,0.015208307006386172,1.5090569778816786e-05,5.9157399414577334e-08,0.015208307006386139,True,rollback,existing_selector_rollback,"[0.08811806027422955,6.274779366782579,0.04988324041620538]","[11.348411402700446,0.15936815329117773,20.046813151197853]",,"[0.08811806027273636,6.2747793637144555,0.04988324041621353]","[11.348411402892749,0.15936815336910257,20.046813151194577]",,271822549.88663024,87.53517165975035,271822549.6893903,87.5351717395905,direct_vp,jnpp_then_vp,False,[],False,1.0,nan,nan,,,nan,nan,nan,False,nan,,,False,,nan,nan,,,nan,nan,nan,False,nan,,,,False,nan,nan,reliability_gated_ris_only,0.0002481112384755622,0.01013886591833668,3,decoupled_robust,legacy_multistart,0.0
fig5,adaptive_jones_vp_proposed,16,1080178429,15.0,snr_db,15.0,3,3,3,3,full_6d,1080178429,,,nan,,False,,149.53169458615594,1.5090284818463478e-05,1.5090284818463478e-05,5.915686898440578e-08,1.257471712096815e-05,1.7719588613357335e-13,0.015208307006386172,False,direct_vp,global_exact_spherical_vp,main_single_proposed,True,ce101d01c22e91d3,adaptive_jones,cpu,False,,legacy_least_squares,cpu,explicit,,legacy_least_squares_numerical,False,,,0,0,,,,,,,,fixed_pol_anchor,True,fixed_anchor_then_adaptive_jones_score_selection,fixed_pol_anchor,0.04988324041620538,6.274779366782579,2.137593555824338,0.0,True,3,4,3101124.587966693,nan,"[0.08811806027422955,6.274779366782579,0.04988324041620538]","[11.348411402700446,0.15936815329117773,20.046813151197853]",,direct_vp,[],3100975.1298912643,3096560,False,271822549.88663024,87.53517165975035,40.01934383845103,0.0351138822461525,"[5.006940989759971,5.064322889724587,4.9801439280990145]",24.311852366197854,89.7056080030743,114.62365325447172,nan,nan,nan,nan,nan,nan,nan,,,nan,nan,nan,nan,nan,nan,nan,nan,nan,,,,nan,nan,nan,nan,nan,,False,,nan,,,nan,nan,nan,,,,,,,,1.5090284818463478e-05,5.915686898440578e-08,0.015208307006386172,nan,nan,nan,False,not_run,not_requested,"[0.08811806027422955,6.274779366782579,0.04988324041620538]","[11.348411402700446,0.15936815329117773,20.046813151197853]",,,,,271822549.88663024,87.53517165975035,nan,nan,direct_vp,jnpp_then_vp,False,[],True,1.0,0.0004105839351851048,0.0004105839351851048,2,data_only_efim_tau_crb,0.005849386970622825,1.5901326183395055e-05,1.5901326183395055e-05,True,0.00042648526136849986,green,clock_green,False,ngc_green_skip_rescue,nan,nan,2,,nan,nan,nan,False,nan,,candidate_unavailable,ngc_green_skip_rescue,False,9.21034037197618,13.815510557964274,ngc_certified_ris_only,nan,nan,,decoupled_robust,legacy_multistart,0.0
fig5,force_rescue,16,1080178429,15.0,snr_db,15.0,3,3,3,3,full_6d,1080178429,,,nan,,False,,206.41551988082938,1.5090284818463478e-05,1.5090284818463478e-05,5.915686898440578e-08,1.257471712096815e-05,1.7719588613357335e-13,0.015208307006386172,False,direct_vp_rollback,global_exact_spherical_vp,main_single_proposed,True,7f0e3343d6d77b01,adaptive_jones,cpu,False,,legacy_least_squares,cpu,explicit,,legacy_least_squares_numerical,False,,,0,0,,,,,,,,fixed_pol_anchor,True,fixed_anchor_then_adaptive_jones_score_selection,fixed_pol_anchor,0.04988324041620538,6.274779366782579,2.137593555824338,0.0,True,3,4,3101124.587966693,nan,"[0.08811806027422955,6.274779366782579,0.04988324041620538]","[11.348411402700446,0.15936815329117773,20.046813151197853]",,jnpp_then_vp,[],3100975.1298912643,3096560,False,271822549.88663024,87.53517165975035,40.01934383845103,0.0351138822461525,"[5.006940989759971,5.064322889724587,4.9801439280990145]",24.311852366197854,88.35727411787957,113.27531936927699,nan,nan,nan,nan,nan,nan,nan,,,nan,nan,nan,nan,nan,nan,nan,nan,nan,,,,nan,nan,nan,nan,nan,,False,,nan,,,nan,nan,nan,,,,,,,,1.5090284818463478e-05,5.915686898440578e-08,0.015208307006386172,1.5090569778816786e-05,5.9157399414577334e-08,0.015208307006386139,True,rollback,existing_selector_rollback,"[0.08811806027422955,6.274779366782579,0.04988324041620538]","[11.348411402700446,0.15936815329117773,20.046813151197853]",,"[0.08811806027273636,6.2747793637144555,0.04988324041621353]","[11.348411402892749,0.15936815336910257,20.046813151194577]",,271822549.88663024,87.53517165975035,271822549.6893903,87.5351717395905,direct_vp,jnpp_then_vp,False,[],False,1.0,nan,nan,,,nan,nan,nan,False,nan,,,False,,nan,nan,,,nan,nan,nan,False,nan,,,,False,nan,nan,force_ris_only,0.0002481112384755622,0.01013886591833668,3,decoupled_robust,legacy_multistart,0.0
fig5,oracle_init_vp,16,1080178429,15.0,snr_db,15.0,3,3,3,3,full_6d,1080178429,,,nan,,False,,33.04878141800873,1.509008878160159e-05,1.509008878160159e-05,5.915688892061238e-08,1.2574617626608032e-05,1.771956739354212e-13,0.015208307006386167,False,oracle_init_vp,global_exact_spherical_vp,,False,,adaptive_jones,cupy,True,0,cupy,cupy.linalg.solve,explicit,matrix_free,analytic_reduced_vp_explicit_gradient,False,matrix_free_cpu_only_gpu_backend,,0,0,0,0,,,,,,fixed_pol_anchor,False,,fixed_pol_anchor,nan,nan,nan,nan,False,3,4,3096725.458075429,3096786.3843543218,"[0.08824324460514543,6.283693589814741,0.0499541067064922]","[11.332312229389649,0.1591420691827844,20.01837418243707]","[2.365732023225866e-08,2.2522516839675236e-08,6.164955730416086e-09]",oracle_init_vp,"[""oracle_truth_initialization""]",nan,,,nan,nan,nan,nan,,0.0,33.04715737514198,33.04715737514198,nan,nan,nan,nan,nan,nan,nan,,,nan,nan,nan,nan,nan,nan,nan,nan,nan,,,,nan,nan,nan,nan,nan,,False,,nan,,,nan,nan,nan,,,,,,,,nan,nan,nan,nan,nan,nan,False,,,,,,,,,nan,nan,nan,nan,,,,[],False,nan,nan,nan,,,nan,nan,nan,False,nan,,,False,,nan,nan,,,nan,nan,nan,False,nan,,,,False,nan,nan,,nan,nan,,,legacy_multistart,
fig5,direct_vp,12,2210497206,15.0,snr_db,15.0,3,3,3,3,full_6d,2210497206,,,nan,,False,,131.99999173311517,7.072757544212264e-05,7.072757544212264e-05,9.565803798328778e-08,2.4615424846841854e-06,5.1010193334313753e-14,0.014417379651038209,False,direct_vp,global_exact_spherical_vp,proposed_post_stage1,False,79185f029c59a9f1,adaptive_jones,cpu,False,,legacy_least_squares,cpu,explicit,,legacy_least_squares_numerical,False,,,0,0,,,,,,,,fixed_pol_anchor,True,fixed_anchor_then_adaptive_jones_score_selection,fixed_pol_anchor,0.07764688765629366,0.16616416222330405,0.11939853846736985,0.0,True,3,10,15617063.357639275,15622483.76801273,"[0.16616416222330405,0.11438456552251187,0.07764688765629366]","[6.018144867218466,8.742438242710962,12.878816269191024]","[7.219396386062842e-06,6.546295484662984e-07,1.0590497221170346e-07]",direct_vp,[],3098867.910583226,3096560,True,287432013.87899137,71.50460792144118,134.115530545507,0.00289759001794672,"[5.010660103895289,5.015834246637733,5.009039645021216]",24.51833215681836,125.01965001877397,150.2642596354708,nan,nan,nan,nan,nan,nan,nan,,,nan,nan,nan,nan,nan,nan,nan,nan,nan,,,,nan,nan,nan,nan,nan,,False,,nan,,,nan,nan,nan,,,,,,,,7.072757544212264e-05,9.565803798328778e-08,0.014417379651038209,nan,nan,nan,False,not_run,not_requested,"[0.16616416222330405,0.11438456552251187,0.07764688765629366]","[6.018144867218466,8.742438242710962,12.878816269191024]","[7.219396386062842e-06,6.546295484662984e-07,1.0590497221170346e-07]",,,,287432013.87899137,71.50460792144118,nan,nan,direct_vp,direct_vp,False,[],False,1.0,nan,nan,,,nan,nan,nan,False,nan,,,False,,nan,nan,,,nan,nan,nan,False,nan,,,,False,nan,nan,reliability_gated,nan,nan,,decoupled_robust,legacy_multistart,0.0
fig5,old_gated,12,2210497206,15.0,snr_db,15.0,3,3,3,3,full_6d,2210497206,,,nan,,False,,172.36176034389064,7.072757544212264e-05,7.072757544212264e-05,9.565803798328778e-08,2.4615424846841854e-06,5.1010193334313753e-14,0.014417379651038209,False,direct_vp,global_exact_spherical_vp,main_single_proposed,True,f2abf38009f6fc6f,adaptive_jones,cpu,False,,legacy_least_squares,cpu,explicit,,legacy_least_squares_numerical,False,,,0,0,,,,,,,,fixed_pol_anchor,True,fixed_anchor_then_adaptive_jones_score_selection,fixed_pol_anchor,0.07764688765629366,0.16616416222330405,0.11939853846736985,0.0,True,3,10,15617063.357639275,15622483.76801273,"[0.16616416222330405,0.11438456552251187,0.07764688765629366]","[6.018144867218466,8.742438242710962,12.878816269191024]","[7.219396386062842e-06,6.546295484662984e-07,1.0590497221170346e-07]",direct_vp,[],3098867.910583226,3096560,True,287432013.87899137,71.50460792144118,134.115530545507,0.00289759001794672,"[5.010660103895289,5.015834246637733,5.009039645021216]",24.51833215681836,165.715314618079,190.95992423477583,nan,nan,nan,nan,nan,nan,nan,,,nan,nan,nan,nan,nan,nan,nan,nan,nan,,,,nan,nan,nan,nan,nan,,False,,nan,,,nan,nan,nan,,,,,,,,7.072757544212264e-05,9.565803798328778e-08,0.014417379651038209,nan,nan,nan,False,not_run,not_requested,"[0.16616416222330405,0.11438456552251187,0.07764688765629366]","[6.018144867218466,8.742438242710962,12.878816269191024]","[7.219396386062842e-06,6.546295484662984e-07,1.0590497221170346e-07]",,,,287432013.87899137,71.50460792144118,nan,nan,direct_vp,direct_vp,False,[],False,1.0,nan,nan,,,nan,nan,nan,False,nan,,,False,,nan,nan,,,nan,nan,nan,False,nan,,,,False,nan,nan,reliability_gated_ris_only,nan,nan,,decoupled_robust,legacy_multistart,0.0
fig5,adaptive_jones_vp_proposed,12,2210497206,15.0,snr_db,15.0,3,3,3,3,full_6d,2210497206,,,nan,,False,,171.55107078701258,7.072757544212264e-05,7.072757544212264e-05,9.565803798328778e-08,2.4615424846841854e-06,5.1010193334313753e-14,0.014417379651038209,False,direct_vp,global_exact_spherical_vp,main_single_proposed,True,1ff7059277dd8532,adaptive_jones,cpu,False,,legacy_least_squares,cpu,explicit,,legacy_least_squares_numerical,False,,,0,0,,,,,,,,fixed_pol_anchor,True,fixed_anchor_then_adaptive_jones_score_selection,fixed_pol_anchor,0.07764688765629366,0.16616416222330405,0.11939853846736985,0.0,True,3,10,15617063.357639275,15622483.76801273,"[0.16616416222330405,0.11438456552251187,0.07764688765629366]","[6.018144867218466,8.742438242710962,12.878816269191024]","[7.219396386062842e-06,6.546295484662984e-07,1.0590497221170346e-07]",direct_vp,[],3098867.910583226,3096560,True,287432013.87899137,71.50460792144118,134.115530545507,0.00289759001794672,"[5.010660103895289,5.015834246637733,5.009039645021216]",24.51833215681836,165.09558714181185,190.34019675850868,nan,nan,nan,nan,nan,nan,nan,,,nan,nan,nan,nan,nan,nan,nan,nan,nan,,,,nan,nan,nan,nan,nan,,False,,nan,,,nan,nan,nan,,,,,,,,7.072757544212264e-05,9.565803798328778e-08,0.014417379651038209,nan,nan,nan,False,not_run,not_requested,"[0.16616416222330405,0.11438456552251187,0.07764688765629366]","[6.018144867218466,8.742438242710962,12.878816269191024]","[7.219396386062842e-06,6.546295484662984e-07,1.0590497221170346e-07]",,,,287432013.87899137,71.50460792144118,nan,nan,direct_vp,direct_vp,False,[],True,1.0,3.510730244485273e-06,3.510730244485273e-06,2,data_only_efim_tau_crb,0.0005408889476658828,6.092872184230319e-07,6.092872184230319e-07,True,4.120017462908305e-06,green,clock_green,False,ngc_green_skip_rescue,nan,nan,2,,nan,nan,nan,False,nan,,candidate_unavailable,ngc_green_skip_rescue,False,9.21034037197618,13.815510557964274,ngc_certified_ris_only,nan,nan,,decoupled_robust,legacy_multistart,0.0
fig5,force_rescue,12,2210497206,15.0,snr_db,15.0,3,3,3,3,full_6d,2210497206,,,nan,,False,,333.2798787220381,7.072757544212264e-05,7.072757544212264e-05,9.565803798328778e-08,2.4615424846841854e-06,5.1010193334313753e-14,0.014417379651038209,False,direct_vp_rollback,global_exact_spherical_vp,main_single_proposed,True,af872e783c424c17,adaptive_jones,cpu,False,,legacy_least_squares,cpu,explicit,,legacy_least_squares_numerical,False,,,0,0,,,,,,,,fixed_pol_anchor,True,fixed_anchor_then_adaptive_jones_score_selection,fixed_pol_anchor,0.07764688765629366,0.16616416222330405,0.11939853846736985,0.0,True,3,10,15617063.357639275,15622483.76801273,"[0.16616416222330405,0.11438456552251187,0.07764688765629366]","[6.018144867218466,8.742438242710962,12.878816269191024]","[7.219396386062842e-06,6.546295484662984e-07,1.0590497221170346e-07]",jnpp_then_vp,[],3098867.910583226,3096560,True,287432013.87899137,71.50460792144118,134.115530545507,0.00289759001794672,"[5.010660103895289,5.015834246637733,5.009039645021216]",24.51833215681836,165.8371443201322,191.08175393682905,nan,nan,nan,nan,nan,nan,nan,,,nan,nan,nan,nan,nan,nan,nan,nan,nan,,,,nan,nan,nan,nan,nan,,False,,nan,,,nan,nan,nan,,,,,,,,7.072757544212264e-05,9.565803798328778e-08,0.014417379651038209,7.072807955910746e-05,9.565825510276897e-08,0.014417379651038204,True,rollback,existing_selector_rollback,"[0.16616416222330405,0.11438456552251187,0.07764688765629366]","[6.018144867218466,8.742438242710962,12.878816269191024]","[7.219396386062842e-06,6.546295484662984e-07,1.0590497221170346e-07]","[0.16616416232968234,0.11438456544553716,0.07764688765836755]","[6.01814486336565,8.742438248594157,12.87881626884704]","[7.168238081022408e-06,6.637793794051711e-07,7.60124357218896e-08]",287432013.87899137,71.50460792144118,287432014.0036518,71.50460787969457,direct_vp,direct_vp,False,[],False,1.0,nan,nan,,,nan,nan,nan,False,nan,,,False,,nan,nan,,,nan,nan,nan,False,nan,,,,False,nan,nan,force_ris_only,0.7000006206549162,0.002178949402643831,3,decoupled_robust,legacy_multistart,0.0
fig5,oracle_init_vp,12,2210497206,15.0,snr_db,15.0,3,3,3,3,full_6d,2210497206,,,nan,,False,,32.042338476050645,7.072854859276218e-05,7.072854859276218e-05,9.565763743967966e-08,2.461446077093834e-06,5.1013104609662484e-14,0.014417379651038325,False,oracle_init_vp,global_exact_spherical_vp,,False,,adaptive_jones,cupy,True,0,cupy,cupy.linalg.solve,explicit,matrix_free,analytic_reduced_vp_explicit_gradient,False,matrix_free_cpu_only_gpu_backend,,0,0,0,0,,,,,,fixed_pol_anchor,False,,fixed_pol_anchor,nan,nan,nan,nan,False,3,4,3096725.458075429,3096808.447852139,"[0.16281761867902053,0.11273025456035748,0.05994789172314967]","[6.141841454954836,8.87073309556373,16.681153769645864]","[1.6068369691033785e-08,1.375546854916402e-08,4.450393857946394e-08]",oracle_init_vp,"[""oracle_truth_initialization""]",nan,,,nan,nan,nan,nan,,0.0,32.04033191804774,32.04033191804774,nan,nan,nan,nan,nan,nan,nan,,,nan,nan,nan,nan,nan,nan,nan,nan,nan,,,,nan,nan,nan,nan,nan,,False,,nan,,,nan,nan,nan,,,,,,,,nan,nan,nan,nan,nan,nan,False,,,,,,,,,nan,nan,nan,nan,,,,[],False,nan,nan,nan,,,nan,nan,nan,False,nan,,,False,,nan,nan,,,nan,nan,nan,False,nan,,,,False,nan,nan,,nan,nan,,,legacy_multistart,
fig5,direct_vp,15,2734808712,20.0,snr_db,20.0,3,3,3,3,full_6d,2734808712,,,nan,,False,,51.31616668589413,4.080170603983623e-05,4.080170603983623e-05,4.729142502345211e-08,1.7394765532576234e-05,1.6094817554758944e-13,0.0011545139120290315,False,direct_vp,global_exact_spherical_vp,proposed_post_stage1,False,dd009fa855a00be2,adaptive_jones,cpu,False,,legacy_least_squares,cpu,explicit,,legacy_least_squares_numerical,False,,,0,0,,,,,,,,fixed_pol_anchor,True,fixed_anchor_then_adaptive_jones_score_selection,fixed_pol_anchor,0.02018466287916403,0.11071717591881283,0.05179302402545128,0.0,True,3,4,3099516.9870643443,nan,"[0.11071717591881283,0.02018466287916403,0.024477233278376982]","[9.032022282912758,49.5425663528048,40.854290541217686]",,direct_vp,[],3099367.5289889155,3096560,True,867913525.9113568,70.01289711813695,141.45901601761997,0.010385174424114277,"[4.983573136247281,5.0059491622375,5.005240577225373]",20.662779689999297,46.073802769882604,68.0906800988596,nan,nan,nan,nan,nan,nan,nan,,,nan,nan,nan,nan,nan,nan,nan,nan,nan,,,,nan,nan,nan,nan,nan,,False,,nan,,,nan,nan,nan,,,,,,,,4.080170603983623e-05,4.729142502345211e-08,0.0011545139120290315,nan,nan,nan,False,not_run,not_requested,"[0.11071717591881283,0.02018466287916403,0.024477233278376982]","[9.032022282912758,49.5425663528048,40.854290541217686]",,,,,867913525.9113568,70.01289711813695,nan,nan,direct_vp,direct_vp,False,[],False,1.0,nan,nan,,,nan,nan,nan,False,nan,,,False,,nan,nan,,,nan,nan,nan,False,nan,,,,False,nan,nan,reliability_gated,nan,nan,,decoupled_robust,legacy_multistart,0.0
fig5,old_gated,15,2734808712,20.0,snr_db,20.0,3,3,3,3,full_6d,2734808712,,,nan,,False,,56.65919475699775,4.080170603983623e-05,4.080170603983623e-05,4.729142502345211e-08,1.7394765532576234e-05,1.6094817554758944e-13,0.0011545139120290315,False,direct_vp,global_exact_spherical_vp,main_single_proposed,True,86c72eb36f8406d1,adaptive_jones,cpu,False,,legacy_least_squares,cpu,explicit,,legacy_least_squares_numerical,False,,,0,0,,,,,,,,fixed_pol_anchor,True,fixed_anchor_then_adaptive_jones_score_selection,fixed_pol_anchor,0.02018466287916403,0.11071717591881283,0.05179302402545128,0.0,True,3,4,3099516.9870643443,nan,"[0.11071717591881283,0.02018466287916403,0.024477233278376982]","[9.032022282912758,49.5425663528048,40.854290541217686]",,direct_vp,[],3099367.5289889155,3096560,True,867913525.9113568,70.01289711813695,141.45901601761997,0.010385174424114277,"[4.983573136247281,5.0059491622375,5.005240577225373]",20.662779689999297,52.56548282899894,74.58236015797593,nan,nan,nan,nan,nan,nan,nan,,,nan,nan,nan,nan,nan,nan,nan,nan,nan,,,,nan,nan,nan,nan,nan,,False,,nan,,,nan,nan,nan,,,,,,,,4.080170603983623e-05,4.729142502345211e-08,0.0011545139120290315,nan,nan,nan,False,not_run,not_requested,"[0.11071717591881283,0.02018466287916403,0.024477233278376982]","[9.032022282912758,49.5425663528048,40.854290541217686]",,,,,867913525.9113568,70.01289711813695,nan,nan,direct_vp,direct_vp,False,[],False,1.0,nan,nan,,,nan,nan,nan,False,nan,,,False,,nan,nan,,,nan,nan,nan,False,nan,,,,False,nan,nan,reliability_gated_ris_only,nan,nan,,decoupled_robust,legacy_multistart,0.0
fig5,adaptive_jones_vp_proposed,15,2734808712,20.0,snr_db,20.0,3,3,3,3,full_6d,2734808712,,,nan,,False,,50.45349040511064,4.080170603983623e-05,4.080170603983623e-05,4.729142502345211e-08,1.7394765532576234e-05,1.6094817554758944e-13,0.0011545139120290315,False,direct_vp,global_exact_spherical_vp,main_single_proposed,True,a6b5aa8b579c7167,adaptive_jones,cpu,False,,legacy_least_squares,cpu,explicit,,legacy_least_squares_numerical,False,,,0,0,,,,,,,,fixed_pol_anchor,True,fixed_anchor_then_adaptive_jones_score_selection,fixed_pol_anchor,0.02018466287916403,0.11071717591881283,0.05179302402545128,0.0,True,3,4,3099516.9870643443,nan,"[0.11071717591881283,0.02018466287916403,0.024477233278376982]","[9.032022282912758,49.5425663528048,40.854290541217686]",,direct_vp,[],3099367.5289889155,3096560,True,867913525.9113568,70.01289711813695,141.45901601761997,0.010385174424114277,"[4.983573136247281,5.0059491622375,5.005240577225373]",20.662779689999297,45.468375941039994,67.48525327001698,nan,nan,nan,nan,nan,nan,nan,,,nan,nan,nan,nan,nan,nan,nan,nan,nan,,,,nan,nan,nan,nan,nan,,False,,nan,,,nan,nan,nan,,,,,,,,4.080170603983623e-05,4.729142502345211e-08,0.0011545139120290315,nan,nan,nan,False,not_run,not_requested,"[0.11071717591881283,0.02018466287916403,0.024477233278376982]","[9.032022282912758,49.5425663528048,40.854290541217686]",,,,,867913525.9113568,70.01289711813695,nan,nan,direct_vp,direct_vp,False,[],True,1.0,2.12357021121434e-05,2.12357021121434e-05,2,data_only_efim_tau_crb,0.0013302788589910828,7.153550983449655e-07,7.153550983449655e-07,True,2.1951057210488368e-05,green,clock_green,False,ngc_green_skip_rescue,nan,nan,2,,nan,nan,nan,False,nan,,candidate_unavailable,ngc_green_skip_rescue,False,9.21034037197618,13.815510557964274,ngc_certified_ris_only,nan,nan,,decoupled_robust,legacy_multistart,0.0
fig5,force_rescue,15,2734808712,20.0,snr_db,20.0,3,3,3,3,full_6d,2734808712,,,nan,,False,,122.19868635502644,4.080170603983623e-05,4.080170603983623e-05,4.729142502345211e-08,1.7394765532576234e-05,1.6094817554758944e-13,0.0011545139120290315,False,direct_vp_rollback,global_exact_spherical_vp,main_single_proposed,True,4ae35d590a5a14cb,adaptive_jones,cpu,False,,legacy_least_squares,cpu,explicit,,legacy_least_squares_numerical,False,,,0,0,,,,,,,,fixed_pol_anchor,True,fixed_anchor_then_adaptive_jones_score_selection,fixed_pol_anchor,0.02018466287916403,0.11071717591881283,0.05179302402545128,0.0,True,3,4,3099516.9870643443,nan,"[0.11071717591881283,0.02018466287916403,0.024477233278376982]","[9.032022282912758,49.5425663528048,40.854290541217686]",,jnpp_then_vp,[],3099367.5289889155,3096560,True,867913525.9113568,70.01289711813695,141.45901601761997,0.010385174424114277,"[4.983573136247281,5.0059491622375,5.005240577225373]",20.662779689999297,53.35630507511087,75.37318240408786,nan,nan,nan,nan,nan,nan,nan,,,nan,nan,nan,nan,nan,nan,nan,nan,nan,,,,nan,nan,nan,nan,nan,,False,,nan,,,nan,nan,nan,,,,,,,,4.080170603983623e-05,4.729142502345211e-08,0.0011545139120290315,4.0800902377681904e-05,4.7291300419839086e-08,0.0011545139120290307,True,rollback,existing_selector_rollback,"[0.11071717591881283,0.02018466287916403,0.024477233278376982]","[9.032022282912758,49.5425663528048,40.854290541217686]",,"[0.11071717591606622,0.020184662879145977,0.024477233278836018]","[9.032022283136818,49.5425663528491,40.85429054045152]",,867913525.9113568,70.01289711813695,867913528.0144587,70.01289694036694,direct_vp,direct_vp,False,[],False,1.0,nan,nan,,,nan,nan,nan,False,nan,,,False,,nan,nan,,,nan,nan,nan,False,nan,,,,False,nan,nan,force_ris_only,7.36493221916454e-05,7.30457213124538e-05,3,decoupled_robust,legacy_multistart,0.0
fig5,oracle_init_vp,15,2734808712,20.0,snr_db,20.0,3,3,3,3,full_6d,2734808712,,,nan,,False,,31.62334735598415,4.0801778540621577e-05,4.0801778540621577e-05,4.729148055052432e-08,1.7394800177826647e-05,1.6094803514359784e-13,0.001154513912029033,False,oracle_init_vp,global_exact_spherical_vp,,False,,adaptive_jones,cupy,True,0,cupy,cupy.linalg.solve,explicit,matrix_free,analytic_reduced_vp_explicit_gradient,False,matrix_free_cpu_only_gpu_backend,,0,0,0,0,,,,,,fixed_pol_anchor,False,,fixed_pol_anchor,nan,nan,nan,nan,False,3,4,3096725.458075429,3096816.126792143,"[0.11081698622633122,0.020202859129369567,0.0244992992331804]","[9.023887348438638,49.497944503619614,40.81749402226308]","[3.7144307254063026e-09,1.1973982931930386e-09,3.470951424755548e-08]",oracle_init_vp,"[""oracle_truth_initialization""]",nan,,,nan,nan,nan,nan,,0.0,31.621751350117847,31.621751350117847,nan,nan,nan,nan,nan,nan,nan,,,nan,nan,nan,nan,nan,nan,nan,nan,nan,,,,nan,nan,nan,nan,nan,,False,,nan,,,nan,nan,nan,,,,,,,,nan,nan,nan,nan,nan,nan,False,,,,,,,,,nan,nan,nan,nan,,,,[],False,nan,nan,nan,,,nan,nan,nan,False,nan,,,False,,nan,nan,,,nan,nan,nan,False,nan,,,,False,nan,nan,,nan,nan,,,legacy_multistart,
fig5,direct_vp,10,781873798,20.0,snr_db,20.0,3,3,3,3,full_6d,781873798,,,nan,,False,,65.1887610971462,2.2899907743100626e-05,2.2899907743100626e-05,4.202653205819354e-08,2.037701641491787e-05,2.1158221648420453e-14,0.002203603076045301,False,direct_vp,global_exact_spherical_vp,proposed_post_stage1,False,0bcf1951eafb1919,adaptive_jones,cpu,False,,legacy_least_squares,cpu,explicit,,legacy_least_squares_numerical,False,,,0,0,,,,,,,,fixed_pol_anchor,True,fixed_anchor_then_adaptive_jones_score_selection,fixed_pol_anchor,0.013978535054573785,0.35808107297439035,0.13707543933473007,0.0,True,3,4,3094418.611209986,nan,"[0.039166709975226054,0.35808107297439035,0.013978535054573785]","[25.531886661720794,2.7926636604754616,71.53825462366927]",,direct_vp,[],3094269.153134557,3096560,True,815177511.9559199,81.19832211792257,149.99344005626594,0.005417080666380715,"[4.99919401886246,5.0115288577611565,5.001125845641973]",23.606788080884144,58.45572453388013,83.46128732478246,nan,nan,nan,nan,nan,nan,nan,,,nan,nan,nan,nan,nan,nan,nan,nan,nan,,,,nan,nan,nan,nan,nan,,False,,nan,,,nan,nan,nan,,,,,,,,2.2899907743100626e-05,4.202653205819354e-08,0.002203603076045301,nan,nan,nan,False,not_run,not_requested,"[0.039166709975226054,0.35808107297439035,0.013978535054573785]","[25.531886661720794,2.7926636604754616,71.53825462366927]",,,,,815177511.9559199,81.19832211792257,nan,nan,direct_vp,direct_vp,False,[],False,1.0,nan,nan,,,nan,nan,nan,False,nan,,,False,,nan,nan,,,nan,nan,nan,False,nan,,,,False,nan,nan,reliability_gated,nan,nan,,decoupled_robust,legacy_multistart,0.0
fig5,old_gated,10,781873798,20.0,snr_db,20.0,3,3,3,3,full_6d,781873798,,,nan,,False,,77.49376494903117,2.2899907743100626e-05,2.2899907743100626e-05,4.202653205819354e-08,2.037701641491787e-05,2.1158221648420453e-14,0.002203603076045301,False,direct_vp,global_exact_spherical_vp,main_single_proposed,True,005db8f9fb399966,adaptive_jones,cpu,False,,legacy_least_squares,cpu,explicit,,legacy_least_squares_numerical,False,,,0,0,,,,,,,,fixed_pol_anchor,True,fixed_anchor_then_adaptive_jones_score_selection,fixed_pol_anchor,0.013978535054573785,0.35808107297439035,0.13707543933473007,0.0,True,3,4,3094418.611209986,nan,"[0.039166709975226054,0.35808107297439035,0.013978535054573785]","[25.531886661720794,2.7926636604754616,71.53825462366927]",,direct_vp,[],3094269.153134557,3096560,True,815177511.9559199,81.19832211792257,149.99344005626594,0.005417080666380715,"[4.99919401886246,5.0115288577611565,5.001125845641973]",23.606788080884144,70.88263208791614,95.88819487881847,nan,nan,nan,nan,nan,nan,nan,,,nan,nan,nan,nan,nan,nan,nan,nan,nan,,,,nan,nan,nan,nan,nan,,False,,nan,,,nan,nan,nan,,,,,,,,2.2899907743100626e-05,4.202653205819354e-08,0.002203603076045301,nan,nan,nan,False,not_run,not_requested,"[0.039166709975226054,0.35808107297439035,0.013978535054573785]","[25.531886661720794,2.7926636604754616,71.53825462366927]",,,,,815177511.9559199,81.19832211792257,nan,nan,direct_vp,direct_vp,False,[],False,1.0,nan,nan,,,nan,nan,nan,False,nan,,,False,,nan,nan,,,nan,nan,nan,False,nan,,,,False,nan,nan,reliability_gated_ris_only,nan,nan,,decoupled_robust,legacy_multistart,0.0
fig5,adaptive_jones_vp_proposed,10,781873798,20.0,snr_db,20.0,3,3,3,3,full_6d,781873798,,,nan,,False,,77.88490313710645,2.2899907743100626e-05,2.2899907743100626e-05,4.202653205819354e-08,2.037701641491787e-05,2.1158221648420453e-14,0.002203603076045301,False,direct_vp,global_exact_spherical_vp,main_single_proposed,True,75f2b0d0233a8eb6,adaptive_jones,cpu,False,,legacy_least_squares,cpu,explicit,,legacy_least_squares_numerical,False,,,0,0,,,,,,,,fixed_pol_anchor,True,fixed_anchor_then_adaptive_jones_score_selection,fixed_pol_anchor,0.013978535054573785,0.35808107297439035,0.13707543933473007,0.0,True,3,4,3094418.611209986,nan,"[0.039166709975226054,0.35808107297439035,0.013978535054573785]","[25.531886661720794,2.7926636604754616,71.53825462366927]",,direct_vp,[],3094269.153134557,3096560,True,815177511.9559199,81.19832211792257,149.99344005626594,0.005417080666380715,"[4.99919401886246,5.0115288577611565,5.001125845641973]",23.606788080884144,70.9972776051145,96.00284039601684,nan,nan,nan,nan,nan,nan,nan,,,nan,nan,nan,nan,nan,nan,nan,nan,nan,,,,nan,nan,nan,nan,nan,,False,,nan,,,nan,nan,nan,,,,,,,,2.2899907743100626e-05,4.202653205819354e-08,0.002203603076045301,nan,nan,nan,False,not_run,not_requested,"[0.039166709975226054,0.35808107297439035,0.013978535054573785]","[25.531886661720794,2.7926636604754616,71.53825462366927]",,,,,815177511.9559199,81.19832211792257,nan,nan,direct_vp,direct_vp,False,[],True,1.0,1.3820856195299753e-06,1.3820856195299753e-06,2,data_only_efim_tau_crb,0.00033937265892746565,6.531630156124592e-07,6.531630156124592e-07,True,2.0352486351424345e-06,green,clock_green,False,ngc_green_skip_rescue,nan,nan,2,,nan,nan,nan,False,nan,,candidate_unavailable,ngc_green_skip_rescue,False,9.21034037197618,13.815510557964274,ngc_certified_ris_only,nan,nan,,decoupled_robust,legacy_multistart,0.0
fig5,force_rescue,10,781873798,20.0,snr_db,20.0,3,3,3,3,full_6d,781873798,,,nan,,False,,154.03500137408264,2.2899907743100626e-05,2.2899907743100626e-05,4.202653205819354e-08,2.037701641491787e-05,2.1158221648420453e-14,0.002203603076045301,False,direct_vp_rollback,global_exact_spherical_vp,main_single_proposed,True,fc6bf4bbb27b61ec,adaptive_jones,cpu,False,,legacy_least_squares,cpu,explicit,,legacy_least_squares_numerical,False,,,0,0,,,,,,,,fixed_pol_anchor,True,fixed_anchor_then_adaptive_jones_score_selection,fixed_pol_anchor,0.013978535054573785,0.35808107297439035,0.13707543933473007,0.0,True,3,4,3094418.611209986,nan,"[0.039166709975226054,0.35808107297439035,0.013978535054573785]","[25.531886661720794,2.7926636604754616,71.53825462366927]",,jnpp_then_vp,[],3094269.153134557,3096560,True,815177511.9559199,81.19832211792257,149.99344005626594,0.005417080666380715,"[4.99919401886246,5.0115288577611565,5.001125845641973]",23.606788080884144,70.84276938694529,95.84833217784762,nan,nan,nan,nan,nan,nan,nan,,,nan,nan,nan,nan,nan,nan,nan,nan,nan,,,,nan,nan,nan,nan,nan,,False,,nan,,,nan,nan,nan,,,,,,,,2.2899907743100626e-05,4.202653205819354e-08,0.002203603076045301,2.289980968465744e-05,4.2026368869504434e-08,0.0022036030760452874,True,rollback,existing_selector_rollback,"[0.039166709975226054,0.35808107297439035,0.013978535054573785]","[25.531886661720794,2.7926636604754616,71.53825462366927]",,"[0.03916670997503171,0.3580810729784128,0.013978535054558074]","[25.531886661847484,2.7926636604440906,71.53825462374968]",,815177511.9559199,81.19832211792257,815177512.4019308,81.19832205262065,direct_vp,direct_vp,False,[],False,1.0,nan,nan,,,nan,nan,nan,False,nan,,,False,,nan,nan,,,nan,nan,nan,False,nan,,,,False,nan,nan,force_ris_only,5.790843244889014e-05,0.0037854250974892673,3,decoupled_robust,legacy_multistart,0.0
fig5,oracle_init_vp,10,781873798,20.0,snr_db,20.0,3,3,3,3,full_6d,781873798,,,nan,,False,,27.193247048184276,2.289992622421446e-05,2.289992622421446e-05,4.202649498866907e-08,2.0376951879073975e-05,2.115804930960995e-14,0.002203603076045277,False,oracle_init_vp,global_exact_spherical_vp,,False,,adaptive_jones,cupy,True,0,cupy,cupy.linalg.solve,explicit,matrix_free,analytic_reduced_vp_explicit_gradient,False,matrix_free_cpu_only_gpu_backend,,0,0,0,0,,,,,,fixed_pol_anchor,False,,fixed_pol_anchor,nan,nan,nan,nan,False,3,4,3096725.458075429,3096808.42642092,"[0.039137532069485594,0.35781431440560807,0.013968121507561491]","[25.550921254425038,2.794745653652276,71.59158799260494]","[4.394509014147943e-09,2.593576371760005e-07,1.842557052782901e-08]",oracle_init_vp,"[""oracle_truth_initialization""]",nan,,,nan,nan,nan,nan,,0.0,27.19162553595379,27.19162553595379,nan,nan,nan,nan,nan,nan,nan,,,nan,nan,nan,nan,nan,nan,nan,nan,nan,,,,nan,nan,nan,nan,nan,,False,,nan,,,nan,nan,nan,,,,,,,,nan,nan,nan,nan,nan,nan,False,,,,,,,,,nan,nan,nan,nan,,,,[],False,nan,nan,nan,,,nan,nan,nan,False,nan,,,False,,nan,nan,,,nan,nan,nan,False,nan,,,,False,nan,nan,,nan,nan,,,legacy_multistart,
fig5,direct_vp,9,3933360494,15.0,snr_db,15.0,3,3,3,3,full_6d,3933360494,,,nan,,False,,186.7503627461847,1.7926081200210232e-05,1.7926081200210232e-05,1.611745490824076e-07,4.490626417747309e-06,6.552970367032833e-14,0.003766989445918433,False,direct_vp,global_exact_spherical_vp,proposed_post_stage1,False,5ba7bd86dac82b8d,adaptive_jones,cpu,False,,legacy_least_squares,cpu,explicit,,legacy_least_squares_numerical,False,,,0,0,,,,,,,,fixed_pol_anchor,True,fixed_anchor_then_adaptive_jones_score_selection,fixed_pol_anchor,0.07123028643024117,0.14202868165423224,0.11163190064324839,0.0,True,3,10,10356252.017497165,10359424.771401675,"[0.07123028643024117,0.12163673384527171,0.14202868165423224]","[14.038972045679909,8.221200688206004,7.040831389496035]","[9.126172420511401e-07,6.370010225574663e-06,3.648125123536735e-07]",direct_vp,[],3096586.574720756,3096560,True,228508573.660439,76.98177032122165,120.10109008315281,0.009524637772811595,"[5.014033414011108,4.9939686793808225,4.993691387180401]",44.90690345596522,179.6555029619485,225.47136929584667,nan,nan,nan,nan,nan,nan,nan,,,nan,nan,nan,nan,nan,nan,nan,nan,nan,,,,nan,nan,nan,nan,nan,,False,,nan,,,nan,nan,nan,,,,,,,,1.7926081200210232e-05,1.611745490824076e-07,0.003766989445918433,nan,nan,nan,False,not_run,not_requested,"[0.07123028643024117,0.12163673384527171,0.14202868165423224]","[14.038972045679909,8.221200688206004,7.040831389496035]","[9.126172420511401e-07,6.370010225574663e-06,3.648125123536735e-07]",,,,228508573.660439,76.98177032122165,nan,nan,direct_vp,direct_vp,False,[],False,1.0,nan,nan,,,nan,nan,nan,False,nan,,,False,,nan,nan,,,nan,nan,nan,False,nan,,,,False,nan,nan,reliability_gated,nan,nan,,decoupled_robust,legacy_multistart,0.0
fig5,old_gated,9,3933360494,15.0,snr_db,15.0,3,3,3,3,full_6d,3933360494,,,nan,,False,,186.03137402515858,1.7926081200210232e-05,1.7926081200210232e-05,1.611745490824076e-07,4.490626417747309e-06,6.552970367032833e-14,0.003766989445918433,False,direct_vp,global_exact_spherical_vp,main_single_proposed,True,a5387b6f0eb5e8ae,adaptive_jones,cpu,False,,legacy_least_squares,cpu,explicit,,legacy_least_squares_numerical,False,,,0,0,,,,,,,,fixed_pol_anchor,True,fixed_anchor_then_adaptive_jones_score_selection,fixed_pol_anchor,0.07123028643024117,0.14202868165423224,0.11163190064324839,0.0,True,3,10,10356252.017497165,10359424.771401675,"[0.07123028643024117,0.12163673384527171,0.14202868165423224]","[14.038972045679909,8.221200688206004,7.040831389496035]","[9.126172420511401e-07,6.370010225574663e-06,3.648125123536735e-07]",direct_vp,[],3096586.574720756,3096560,True,228508573.660439,76.98177032122165,120.10109008315281,0.009524637772811595,"[5.014033414011108,4.9939686793808225,4.993691387180401]",44.90690345596522,179.39192720898427,225.20779354288243,nan,nan,nan,nan,nan,nan,nan,,,nan,nan,nan,nan,nan,nan,nan,nan,nan,,,,nan,nan,nan,nan,nan,,False,,nan,,,nan,nan,nan,,,,,,,,1.7926081200210232e-05,1.611745490824076e-07,0.003766989445918433,nan,nan,nan,False,not_run,not_requested,"[0.07123028643024117,0.12163673384527171,0.14202868165423224]","[14.038972045679909,8.221200688206004,7.040831389496035]","[9.126172420511401e-07,6.370010225574663e-06,3.648125123536735e-07]",,,,228508573.660439,76.98177032122165,nan,nan,direct_vp,direct_vp,False,[],False,1.0,nan,nan,,,nan,nan,nan,False,nan,,,False,,nan,nan,,,nan,nan,nan,False,nan,,,,False,nan,nan,reliability_gated_ris_only,nan,nan,,decoupled_robust,legacy_multistart,0.0
fig5,adaptive_jones_vp_proposed,9,3933360494,15.0,snr_db,15.0,3,3,3,3,full_6d,3933360494,,,nan,,False,,187.03545352607034,1.7926081200210232e-05,1.7926081200210232e-05,1.611745490824076e-07,4.490626417747309e-06,6.552970367032833e-14,0.003766989445918433,False,direct_vp,global_exact_spherical_vp,main_single_proposed,True,3b404234aaf186ab,adaptive_jones,cpu,False,,legacy_least_squares,cpu,explicit,,legacy_least_squares_numerical,False,,,0,0,,,,,,,,fixed_pol_anchor,True,fixed_anchor_then_adaptive_jones_score_selection,fixed_pol_anchor,0.07123028643024117,0.14202868165423224,0.11163190064324839,0.0,True,3,10,10356252.017497165,10359424.771401675,"[0.07123028643024117,0.12163673384527171,0.14202868165423224]","[14.038972045679909,8.221200688206004,7.040831389496035]","[9.126172420511401e-07,6.370010225574663e-06,3.648125123536735e-07]",direct_vp,[],3096586.574720756,3096560,True,228508573.660439,76.98177032122165,120.10109008315281,0.009524637772811595,"[5.014033414011108,4.9939686793808225,4.993691387180401]",44.90690345596522,180.06402123905718,225.87988757295534,nan,nan,nan,nan,nan,nan,nan,,,nan,nan,nan,nan,nan,nan,nan,nan,nan,,,,nan,nan,nan,nan,nan,,False,,nan,,,nan,nan,nan,,,,,,,,1.7926081200210232e-05,1.611745490824076e-07,0.003766989445918433,nan,nan,nan,False,not_run,not_requested,"[0.07123028643024117,0.12163673384527171,0.14202868165423224]","[14.038972045679909,8.221200688206004,7.040831389496035]","[9.126172420511401e-07,6.370010225574663e-06,3.648125123536735e-07]",,,,228508573.660439,76.98177032122165,nan,nan,direct_vp,direct_vp,False,[],True,1.0,1.3543192611666507e-05,1.3543192611666507e-05,2,data_only_efim_tau_crb,0.0010623555827996305,7.951129465715059e-07,7.951129465715059e-07,True,1.4338305558238012e-05,green,clock_green,False,ngc_green_skip_rescue,nan,nan,2,,nan,nan,nan,False,nan,,candidate_unavailable,ngc_green_skip_rescue,False,9.21034037197618,13.815510557964274,ngc_certified_ris_only,nan,nan,,decoupled_robust,legacy_multistart,0.0
fig5,force_rescue,9,3933360494,15.0,snr_db,15.0,3,3,3,3,full_6d,3933360494,,,nan,,False,,322.1408171490766,1.7926081200210232e-05,1.7926081200210232e-05,1.611745490824076e-07,4.490626417747309e-06,6.552970367032833e-14,0.003766989445918433,False,direct_vp_rollback,global_exact_spherical_vp,main_single_proposed,True,1bca116c99fd5cbf,adaptive_jones,cpu,False,,legacy_least_squares,cpu,explicit,,legacy_least_squares_numerical,False,,,0,0,,,,,,,,fixed_pol_anchor,True,fixed_anchor_then_adaptive_jones_score_selection,fixed_pol_anchor,0.07123028643024117,0.14202868165423224,0.11163190064324839,0.0,True,3,10,10356252.017497165,10359424.771401675,"[0.07123028643024117,0.12163673384527171,0.14202868165423224]","[14.038972045679909,8.221200688206004,7.040831389496035]","[9.126172420511401e-07,6.370010225574663e-06,3.648125123536735e-07]",jnpp_then_vp,[],3096586.574720756,3096560,True,228508573.660439,76.98177032122165,120.10109008315281,0.009524637772811595,"[5.014033414011108,4.9939686793808225,4.993691387180401]",44.90690345596522,180.62089452287182,226.43676085676998,nan,nan,nan,nan,nan,nan,nan,,,nan,nan,nan,nan,nan,nan,nan,nan,nan,,,,nan,nan,nan,nan,nan,,False,,nan,,,nan,nan,nan,,,,,,,,1.7926081200210232e-05,1.611745490824076e-07,0.003766989445918433,1.792460911584175e-05,1.611743879142277e-07,0.0037669894459184308,True,rollback,existing_selector_rollback,"[0.07123028643024117,0.12163673384527171,0.14202868165423224]","[14.038972045679909,8.221200688206004,7.040831389496035]","[9.126172420511401e-07,6.370010225574663e-06,3.648125123536735e-07]","[0.07123028643086551,0.12163673383437511,0.14202868167017021]","[14.038972045556855,8.221200688942485,7.040831388705937]","[9.15643831175893e-07,6.458627216937791e-06,3.9448486917675005e-07]",228508573.660439,76.98177032122165,228508575.0875353,76.9817697904249,direct_vp,direct_vp,False,[],False,1.0,nan,nan,,,nan,nan,nan,False,nan,,,False,,nan,nan,,,nan,nan,nan,False,nan,,,,False,nan,nan,force_ris_only,0.7000005911064284,0.0016065598777600112,3,decoupled_robust,legacy_multistart,0.0
fig5,oracle_init_vp,9,3933360494,15.0,snr_db,15.0,3,3,3,3,full_6d,3933360494,,,nan,,False,,20.889647574163973,1.7923080869539094e-05,1.7923080869539094e-05,1.611742938840944e-07,4.4908529648070095e-06,6.552932086510539e-14,0.003766989445918472,False,oracle_init_vp,global_exact_spherical_vp,,False,,adaptive_jones,cupy,True,0,cupy,cupy.linalg.solve,explicit,matrix_free,analytic_reduced_vp_explicit_gradient,False,matrix_free_cpu_only_gpu_backend,,0,0,0,0,,,,,,fixed_pol_anchor,False,,fixed_pol_anchor,nan,nan,nan,nan,False,3,4,3096725.458075429,3096808.6936488235,"[0.07038007089339654,0.11962529485007158,0.11026576233164277]","[14.208567671303031,8.35943603109357,9.068998199025932]","[2.180596103328081e-09,6.367568722326011e-09,6.299802856355776e-08]",oracle_init_vp,"[""oracle_truth_initialization""]",nan,,,nan,nan,nan,nan,,0.0,20.88756870594807,20.88756870594807,nan,nan,nan,nan,nan,nan,nan,,,nan,nan,nan,nan,nan,nan,nan,nan,nan,,,,nan,nan,nan,nan,nan,,False,,nan,,,nan,nan,nan,,,,,,,,nan,nan,nan,nan,nan,nan,False,,,,,,,,,nan,nan,nan,nan,,,,[],False,nan,nan,nan,,,nan,nan,nan,False,nan,,,False,,nan,nan,,,nan,nan,nan,False,nan,,,,False,nan,nan,,nan,nan,,,legacy_multistart,
fig5,direct_vp,17,2127997378,20.0,snr_db,20.0,3,3,3,3,full_6d,2127997378,,,nan,,False,,57.980844273930416,3.058048277890331e-05,3.058048277890331e-05,5.535974805615e-08,2.798363834819339e-06,2.3825111806731275e-14,0.00400486563872141,False,direct_vp,global_exact_spherical_vp,proposed_post_stage1,False,90a65b61e80a1d5f,adaptive_jones,cpu,False,,legacy_least_squares,cpu,explicit,,legacy_least_squares_numerical,False,,,0,0,,,,,,,,fixed_pol_anchor,True,fixed_anchor_then_adaptive_jones_score_selection,fixed_pol_anchor,0.016613204750285684,0.05878248037363855,0.03978138728097155,0.0,True,3,4,3100097.284027351,nan,"[0.04394847671899042,0.016613204750285684,0.05878248037363855]","[22.753917192489396,60.19308225180257,17.011871456319135]",,direct_vp,[],3099947.825951922,3096560,True,649206253.935607,83.32327137384058,136.70075553374326,0.013243205129002164,"[4.99701560005743,4.994159162703302,5.02357133649095]",27.575137882027775,52.872758818091825,81.12861568899825,nan,nan,nan,nan,nan,nan,nan,,,nan,nan,nan,nan,nan,nan,nan,nan,nan,,,,nan,nan,nan,nan,nan,,False,,nan,,,nan,nan,nan,,,,,,,,3.058048277890331e-05,5.535974805615e-08,0.00400486563872141,nan,nan,nan,False,not_run,not_requested,"[0.04394847671899042,0.016613204750285684,0.05878248037363855]","[22.753917192489396,60.19308225180257,17.011871456319135]",,,,,649206253.935607,83.32327137384058,nan,nan,direct_vp,direct_vp,False,[],False,1.0,nan,nan,,,nan,nan,nan,False,nan,,,False,,nan,nan,,,nan,nan,nan,False,nan,,,,False,nan,nan,reliability_gated,nan,nan,,decoupled_robust,legacy_multistart,0.0
fig5,old_gated,17,2127997378,20.0,snr_db,20.0,3,3,3,3,full_6d,2127997378,,,nan,,False,,57.398022779030725,3.058048277890331e-05,3.058048277890331e-05,5.535974805615e-08,2.798363834819339e-06,2.3825111806731275e-14,0.00400486563872141,False,direct_vp,global_exact_spherical_vp,main_single_proposed,True,7f332231a885f5bd,adaptive_jones,cpu,False,,legacy_least_squares,cpu,explicit,,legacy_least_squares_numerical,False,,,0,0,,,,,,,,fixed_pol_anchor,True,fixed_anchor_then_adaptive_jones_score_selection,fixed_pol_anchor,0.016613204750285684,0.05878248037363855,0.03978138728097155,0.0,True,3,4,3100097.284027351,nan,"[0.04394847671899042,0.016613204750285684,0.05878248037363855]","[22.753917192489396,60.19308225180257,17.011871456319135]",,direct_vp,[],3099947.825951922,3096560,True,649206253.935607,83.32327137384058,136.70075553374326,0.013243205129002164,"[4.99701560005743,4.994159162703302,5.02357133649095]",27.575137882027775,52.47150271409191,80.72735958499834,nan,nan,nan,nan,nan,nan,nan,,,nan,nan,nan,nan,nan,nan,nan,nan,nan,,,,nan,nan,nan,nan,nan,,False,,nan,,,nan,nan,nan,,,,,,,,3.058048277890331e-05,5.535974805615e-08,0.00400486563872141,nan,nan,nan,False,not_run,not_requested,"[0.04394847671899042,0.016613204750285684,0.05878248037363855]","[22.753917192489396,60.19308225180257,17.011871456319135]",,,,,649206253.935607,83.32327137384058,nan,nan,direct_vp,direct_vp,False,[],False,1.0,nan,nan,,,nan,nan,nan,False,nan,,,False,,nan,nan,,,nan,nan,nan,False,nan,,,,False,nan,nan,reliability_gated_ris_only,nan,nan,,decoupled_robust,legacy_multistart,0.0
fig5,adaptive_jones_vp_proposed,17,2127997378,20.0,snr_db,20.0,3,3,3,3,full_6d,2127997378,,,nan,,False,,58.14583043497987,3.058048277890331e-05,3.058048277890331e-05,5.535974805615e-08,2.798363834819339e-06,2.3825111806731275e-14,0.00400486563872141,False,direct_vp,global_exact_spherical_vp,main_single_proposed,True,c3c61936f895bb03,adaptive_jones,cpu,False,,legacy_least_squares,cpu,explicit,,legacy_least_squares_numerical,False,,,0,0,,,,,,,,fixed_pol_anchor,True,fixed_anchor_then_adaptive_jones_score_selection,fixed_pol_anchor,0.016613204750285684,0.05878248037363855,0.03978138728097155,0.0,True,3,4,3100097.284027351,nan,"[0.04394847671899042,0.016613204750285684,0.05878248037363855]","[22.753917192489396,60.19308225180257,17.011871456319135]",,direct_vp,[],3099947.825951922,3096560,True,649206253.935607,83.32327137384058,136.70075553374326,0.013243205129002164,"[4.99701560005743,4.994159162703302,5.02357133649095]",27.575137882027775,53.079725654795766,81.3355825257022,nan,nan,nan,nan,nan,nan,nan,,,nan,nan,nan,nan,nan,nan,nan,nan,nan,,,,nan,nan,nan,nan,nan,,False,,nan,,,nan,nan,nan,,,,,,,,3.058048277890331e-05,5.535974805615e-08,0.00400486563872141,nan,nan,nan,False,not_run,not_requested,"[0.04394847671899042,0.016613204750285684,0.05878248037363855]","[22.753917192489396,60.19308225180257,17.011871456319135]",,,,,649206253.935607,83.32327137384058,nan,nan,direct_vp,direct_vp,False,[],True,1.0,5.210677831455769e-05,5.210677831455769e-05,2,data_only_efim_tau_crb,0.0020838021802016484,8.011435438113699e-07,8.011435438113699e-07,True,5.290792185836906e-05,green,clock_green,False,ngc_green_skip_rescue,nan,nan,2,,nan,nan,nan,False,nan,,candidate_unavailable,ngc_green_skip_rescue,False,9.21034037197618,13.815510557964274,ngc_certified_ris_only,nan,nan,,decoupled_robust,legacy_multistart,0.0
fig5,force_rescue,17,2127997378,20.0,snr_db,20.0,3,3,3,3,full_6d,2127997378,,,nan,,False,,101.77276659803465,3.058048277890331e-05,3.058048277890331e-05,5.535974805615e-08,2.798363834819339e-06,2.3825111806731275e-14,0.00400486563872141,False,direct_vp_rollback,global_exact_spherical_vp,main_single_proposed,True,1142b5a706fe9176,adaptive_jones,cpu,False,,legacy_least_squares,cpu,explicit,,legacy_least_squares_numerical,False,,,0,0,,,,,,,,fixed_pol_anchor,True,fixed_anchor_then_adaptive_jones_score_selection,fixed_pol_anchor,0.016613204750285684,0.05878248037363855,0.03978138728097155,0.0,True,3,4,3100097.284027351,nan,"[0.04394847671899042,0.016613204750285684,0.05878248037363855]","[22.753917192489396,60.19308225180257,17.011871456319135]",,jnpp_then_vp,[],3099947.825951922,3096560,True,649206253.935607,83.32327137384058,136.70075553374326,0.013243205129002164,"[4.99701560005743,4.994159162703302,5.02357133649095]",27.575137882027775,51.39645851100795,79.65231538191438,nan,nan,nan,nan,nan,nan,nan,,,nan,nan,nan,nan,nan,nan,nan,nan,nan,,,,nan,nan,nan,nan,nan,,False,,nan,,,nan,nan,nan,,,,,,,,3.058048277890331e-05,5.535974805615e-08,0.00400486563872141,3.058036086165272e-05,5.5359734780085166e-08,0.004004865638721355,True,rollback,existing_selector_rollback,"[0.04394847671899042,0.016613204750285684,0.05878248037363855]","[22.753917192489396,60.19308225180257,17.011871456319135]",,"[0.04394847671897325,0.01661320475028923,0.05878248037367354]","[22.75391719249829,60.193082251789725,17.011871456309006]",,649206253.935607,83.32327137384058,649206253.5794517,83.32327141957427,direct_vp,direct_vp,False,[],False,1.0,nan,nan,,,nan,nan,nan,False,nan,,,False,,nan,nan,,,nan,nan,nan,False,nan,,,,False,nan,nan,force_ris_only,1.9393274726745153e-05,0.0029944042610140927,3,decoupled_robust,legacy_multistart,0.0
fig5,oracle_init_vp,17,2127997378,20.0,snr_db,20.0,3,3,3,3,full_6d,2127997378,,,nan,,False,,24.489786858204752,3.058131015765175e-05,3.058131015765175e-05,5.535985072341929e-08,2.7984578961415944e-06,2.3825133965610786e-14,0.00400486563872137,False,oracle_init_vp,global_exact_spherical_vp,,False,,adaptive_jones,cupy,True,0,cupy,cupy.linalg.solve,explicit,matrix_free,analytic_reduced_vp_explicit_gradient,False,matrix_free_cpu_only_gpu_backend,,0,0,0,0,,,,,,fixed_pol_anchor,False,,fixed_pol_anchor,nan,nan,nan,nan,False,3,4,3096725.458075429,3096813.4586845124,"[0.04399633170949585,0.016631294677695415,0.05884648793922088]","[22.729167663405978,60.127609989443854,16.993367574166587]","[1.0676274953566917e-08,5.608619451336779e-09,7.406923596719888e-08]",oracle_init_vp,"[""oracle_truth_initialization""]",nan,,,nan,nan,nan,nan,,0.0,24.487613743171096,24.487613743171096,nan,nan,nan,nan,nan,nan,nan,,,nan,nan,nan,nan,nan,nan,nan,nan,nan,,,,nan,nan,nan,nan,nan,,False,,nan,,,nan,nan,nan,,,,,,,,nan,nan,nan,nan,nan,nan,False,,,,,,,,,nan,nan,nan,nan,,,,[],False,nan,nan,nan,,,nan,nan,nan,False,nan,,,False,,nan,nan,,,nan,nan,nan,False,nan,,,,False,nan,nan,,nan,nan,,,legacy_multistart,
fig5,direct_vp,22,3206710796,20.0,snr_db,20.0,3,3,3,3,full_6d,3206710796,,,nan,,False,,44.06075107585639,2.0181897911615763e-05,2.0181897911615763e-05,5.0721063509478954e-08,6.525071596457325e-06,1.0726050843874025e-13,0.0010713587603211447,False,direct_vp,global_exact_spherical_vp,proposed_post_stage1,False,49f12bc3b77e8940,adaptive_jones,cpu,False,,legacy_least_squares,cpu,explicit,,legacy_least_squares_numerical,False,,,0,0,,,,,,,,fixed_pol_anchor,True,fixed_anchor_then_adaptive_jones_score_selection,fixed_pol_anchor,0.022117422876565006,0.07017393037390378,0.038962749197101826,0.0,True,3,4,3093356.785191356,nan,"[0.024596894340836697,0.022117422876565006,0.07017393037390378]","[40.65553911575485,45.213224234164706,14.250306270030572]",,direct_vp,[],3093207.3271159274,3096560,True,568248808.8123788,85.50821967717722,146.60445896018697,0.006642078906412692,"[4.993954866433126,4.990344807989524,5.005888580364207]",23.690082953078672,39.68835102696903,64.75600549695082,nan,nan,nan,nan,nan,nan,nan,,,nan,nan,nan,nan,nan,nan,nan,nan,nan,,,,nan,nan,nan,nan,nan,,False,,nan,,,nan,nan,nan,,,,,,,,2.0181897911615763e-05,5.0721063509478954e-08,0.0010713587603211447,nan,nan,nan,False,not_run,not_requested,"[0.024596894340836697,0.022117422876565006,0.07017393037390378]","[40.65553911575485,45.213224234164706,14.250306270030572]",,,,,568248808.8123788,85.50821967717722,nan,nan,direct_vp,direct_vp,False,[],False,1.0,nan,nan,,,nan,nan,nan,False,nan,,,False,,nan,nan,,,nan,nan,nan,False,nan,,,,False,nan,nan,reliability_gated,nan,nan,,decoupled_robust,legacy_multistart,0.0
fig5,old_gated,22,3206710796,20.0,snr_db,20.0,3,3,3,3,full_6d,3206710796,,,nan,,False,,39.264018655056134,2.0181897911615763e-05,2.0181897911615763e-05,5.0721063509478954e-08,6.525071596457325e-06,1.0726050843874025e-13,0.0010713587603211447,False,direct_vp,global_exact_spherical_vp,main_single_proposed,True,e7c3bb716e05e2ea,adaptive_jones,cpu,False,,legacy_least_squares,cpu,explicit,,legacy_least_squares_numerical,False,,,0,0,,,,,,,,fixed_pol_anchor,True,fixed_anchor_then_adaptive_jones_score_selection,fixed_pol_anchor,0.022117422876565006,0.07017393037390378,0.038962749197101826,0.0,True,3,4,3093356.785191356,nan,"[0.024596894340836697,0.022117422876565006,0.07017393037390378]","[40.65553911575485,45.213224234164706,14.250306270030572]",,direct_vp,[],3093207.3271159274,3096560,True,568248808.8123788,85.50821967717722,146.60445896018697,0.006642078906412692,"[4.993954866433126,4.990344807989524,5.005888580364207]",23.690082953078672,35.8722508829087,60.93990535289049,nan,nan,nan,nan,nan,nan,nan,,,nan,nan,nan,nan,nan,nan,nan,nan,nan,,,,nan,nan,nan,nan,nan,,False,,nan,,,nan,nan,nan,,,,,,,,2.0181897911615763e-05,5.0721063509478954e-08,0.0010713587603211447,nan,nan,nan,False,not_run,not_requested,"[0.024596894340836697,0.022117422876565006,0.07017393037390378]","[40.65553911575485,45.213224234164706,14.250306270030572]",,,,,568248808.8123788,85.50821967717722,nan,nan,direct_vp,direct_vp,False,[],False,1.0,nan,nan,,,nan,nan,nan,False,nan,,,False,,nan,nan,,,nan,nan,nan,False,nan,,,,False,nan,nan,reliability_gated_ris_only,nan,nan,,decoupled_robust,legacy_multistart,0.0
fig5,adaptive_jones_vp_proposed,22,3206710796,20.0,snr_db,20.0,3,3,3,3,full_6d,3206710796,,,nan,,False,,35.64759651408531,2.0181897911615763e-05,2.0181897911615763e-05,5.0721063509478954e-08,6.525071596457325e-06,1.0726050843874025e-13,0.0010713587603211447,False,direct_vp,global_exact_spherical_vp,main_single_proposed,True,5825ea81946ea007,adaptive_jones,cpu,False,,legacy_least_squares,cpu,explicit,,legacy_least_squares_numerical,False,,,0,0,,,,,,,,fixed_pol_anchor,True,fixed_anchor_then_adaptive_jones_score_selection,fixed_pol_anchor,0.022117422876565006,0.07017393037390378,0.038962749197101826,0.0,True,3,4,3093356.785191356,nan,"[0.024596894340836697,0.022117422876565006,0.07017393037390378]","[40.65553911575485,45.213224234164706,14.250306270030572]",,direct_vp,[],3093207.3271159274,3096560,True,568248808.8123788,85.50821967717722,146.60445896018697,0.006642078906412692,"[4.993954866433126,4.990344807989524,5.005888580364207]",23.690082953078672,33.014223005855456,58.081877475837246,nan,nan,nan,nan,nan,nan,nan,,,nan,nan,nan,nan,nan,nan,nan,nan,nan,,,,nan,nan,nan,nan,nan,,False,,nan,,,nan,nan,nan,,,,,,,,2.0181897911615763e-05,5.0721063509478954e-08,0.0010713587603211447,nan,nan,nan,False,not_run,not_requested,"[0.024596894340836697,0.022117422876565006,0.07017393037390378]","[40.65553911575485,45.213224234164706,14.250306270030572]",,,,,568248808.8123788,85.50821967717722,nan,nan,direct_vp,direct_vp,False,[],True,1.0,1.7338558120753717e-05,1.7338558120753717e-05,2,data_only_efim_tau_crb,0.0012020315484196507,1.8287810326137757e-07,1.8287810326137757e-07,True,1.7521436224015095e-05,green,clock_green,False,ngc_green_skip_rescue,nan,nan,2,,nan,nan,nan,False,nan,,candidate_unavailable,ngc_green_skip_rescue,False,9.21034037197618,13.815510557964274,ngc_certified_ris_only,nan,nan,,decoupled_robust,legacy_multistart,0.0
fig5,force_rescue,22,3206710796,20.0,snr_db,20.0,3,3,3,3,full_6d,3206710796,,,nan,,False,,75.61676560109481,2.0181897911615763e-05,2.0181897911615763e-05,5.0721063509478954e-08,6.525071596457325e-06,1.0726050843874025e-13,0.0010713587603211447,False,direct_vp_rollback,global_exact_spherical_vp,main_single_proposed,True,aa196a800ed0e1e5,adaptive_jones,cpu,False,,legacy_least_squares,cpu,explicit,,legacy_least_squares_numerical,False,,,0,0,,,,,,,,fixed_pol_anchor,True,fixed_anchor_then_adaptive_jones_score_selection,fixed_pol_anchor,0.022117422876565006,0.07017393037390378,0.038962749197101826,0.0,True,3,4,3093356.785191356,nan,"[0.024596894340836697,0.022117422876565006,0.07017393037390378]","[40.65553911575485,45.213224234164706,14.250306270030572]",,jnpp_then_vp,[],3093207.3271159274,3096560,True,568248808.8123788,85.50821967717722,146.60445896018697,0.006642078906412692,"[4.993954866433126,4.990344807989524,5.005888580364207]",23.690082953078672,32.816842530155554,57.884497000137344,nan,nan,nan,nan,nan,nan,nan,,,nan,nan,nan,nan,nan,nan,nan,nan,nan,,,,nan,nan,nan,nan,nan,,False,,nan,,,nan,nan,nan,,,,,,,,2.0181897911615763e-05,5.0721063509478954e-08,0.0010713587603211447,2.0181869827383266e-05,5.072108445431026e-08,0.0010713587603211523,True,rollback,existing_selector_rollback,"[0.024596894340836697,0.022117422876565006,0.07017393037390378]","[40.65553911575485,45.213224234164706,14.250306270030572]",,"[0.024596894340913313,0.022117422876605283,0.0701739303736312]","[40.65553911562821,45.213224234082375,14.250306270085924]",,568248808.8123788,85.50821967717722,568248808.7692258,85.50821968285936,direct_vp,direct_vp,False,[],False,1.0,nan,nan,,,nan,nan,nan,False,nan,,,False,,nan,nan,,,nan,nan,nan,False,nan,,,,False,nan,nan,force_ris_only,5.507025105238858e-05,0.0056338897655988,3,decoupled_robust,legacy_multistart,0.0
fig5,oracle_init_vp,22,3206710796,20.0,snr_db,20.0,3,3,3,3,full_6d,3206710796,,,nan,,False,,19.835853656055406,2.0182128618356285e-05,2.0182128618356285e-05,5.072109415655009e-08,6.525082305337808e-06,1.072605100154161e-13,0.0010713587603211428,False,oracle_init_vp,global_exact_spherical_vp,,False,,adaptive_jones,cupy,True,0,cupy,cupy.linalg.solve,explicit,matrix_free,analytic_reduced_vp_explicit_gradient,False,matrix_free_cpu_only_gpu_backend,,0,0,0,0,,,,,,fixed_pol_anchor,False,,fixed_pol_anchor,nan,nan,nan,nan,False,3,4,3096725.458075429,3096816.796531627,"[0.024570136111444863,0.022093361990376623,0.07009759024283915]","[40.699815233590485,45.2624639217678,14.265825637309769]","[9.860675749452841e-09,8.380363138276017e-09,4.1798995113292454e-08]",oracle_init_vp,"[""oracle_truth_initialization""]",nan,,,nan,nan,nan,nan,,0.0,19.83477589697577,19.83477589697577,nan,nan,nan,nan,nan,nan,nan,,,nan,nan,nan,nan,nan,nan,nan,nan,nan,,,,nan,nan,nan,nan,nan,,False,,nan,,,nan,nan,nan,,,,,,,,nan,nan,nan,nan,nan,nan,False,,,,,,,,,nan,nan,nan,nan,,,,[],False,nan,nan,nan,,,nan,nan,nan,False,nan,,,False,,nan,nan,,,nan,nan,nan,False,nan,,,,False,nan,nan,,nan,nan,,,legacy_multistart,
fig5,direct_vp,19,3846521747,20.0,snr_db,20.0,3,3,3,3,full_6d,3846521747,,,nan,,False,,57.51509181805886,7.234659332788525e-05,7.234659332788525e-05,6.835473202440426e-08,2.165521672564267e-05,2.3021415332999213e-14,0.0011852845670380526,False,direct_vp,global_exact_spherical_vp,proposed_post_stage1,False,b84ce4e43e66f618,adaptive_jones,cpu,False,,legacy_least_squares,cpu,explicit,,legacy_least_squares_numerical,False,,,0,0,,,,,,,,fixed_pol_anchor,True,fixed_anchor_then_adaptive_jones_score_selection,fixed_pol_anchor,0.0186726210495666,0.04774219721571986,0.03520642804798247,0.0,True,3,4,3095370.761614794,nan,"[0.039204465878660964,0.0186726210495666,0.04774219721571986]","[25.507298150547232,53.55434554931921,20.945831116266405]",,direct_vp,[],3095221.303539365,3096560,True,662721024.978127,81.00265567217672,170.20481914719886,0.012743876603036724,"[5.003367724208988,4.994005706259681,5.024476116620719]",24.825808244990185,52.31219639698975,78.49153447174467,nan,nan,nan,nan,nan,nan,nan,,,nan,nan,nan,nan,nan,nan,nan,nan,nan,,,,nan,nan,nan,nan,nan,,False,,nan,,,nan,nan,nan,,,,,,,,7.234659332788525e-05,6.835473202440426e-08,0.0011852845670380526,nan,nan,nan,False,not_run,not_requested,"[0.039204465878660964,0.0186726210495666,0.04774219721571986]","[25.507298150547232,53.55434554931921,20.945831116266405]",,,,,662721024.978127,81.00265567217672,nan,nan,direct_vp,direct_vp,False,[],False,1.0,nan,nan,,,nan,nan,nan,False,nan,,,False,,nan,nan,,,nan,nan,nan,False,nan,,,,False,nan,nan,reliability_gated,nan,nan,,decoupled_robust,legacy_multistart,0.0
fig5,old_gated,19,3846521747,20.0,snr_db,20.0,3,3,3,3,full_6d,3846521747,,,nan,,False,,57.882562823127955,7.234659332788525e-05,7.234659332788525e-05,6.835473202440426e-08,2.165521672564267e-05,2.3021415332999213e-14,0.0011852845670380526,False,direct_vp,global_exact_spherical_vp,main_single_proposed,True,f963743b821fbfc5,adaptive_jones,cpu,False,,legacy_least_squares,cpu,explicit,,legacy_least_squares_numerical,False,,,0,0,,,,,,,,fixed_pol_anchor,True,fixed_anchor_then_adaptive_jones_score_selection,fixed_pol_anchor,0.0186726210495666,0.04774219721571986,0.03520642804798247,0.0,True,3,4,3095370.761614794,nan,"[0.039204465878660964,0.0186726210495666,0.04774219721571986]","[25.507298150547232,53.55434554931921,20.945831116266405]",,direct_vp,[],3095221.303539365,3096560,True,662721024.978127,81.00265567217672,170.20481914719886,0.012743876603036724,"[5.003367724208988,4.994005706259681,5.024476116620719]",24.825808244990185,52.90009873895906,79.07943681371398,nan,nan,nan,nan,nan,nan,nan,,,nan,nan,nan,nan,nan,nan,nan,nan,nan,,,,nan,nan,nan,nan,nan,,False,,nan,,,nan,nan,nan,,,,,,,,7.234659332788525e-05,6.835473202440426e-08,0.0011852845670380526,nan,nan,nan,False,not_run,not_requested,"[0.039204465878660964,0.0186726210495666,0.04774219721571986]","[25.507298150547232,53.55434554931921,20.945831116266405]",,,,,662721024.978127,81.00265567217672,nan,nan,direct_vp,direct_vp,False,[],False,1.0,nan,nan,,,nan,nan,nan,False,nan,,,False,,nan,nan,,,nan,nan,nan,False,nan,,,,False,nan,nan,reliability_gated_ris_only,nan,nan,,decoupled_robust,legacy_multistart,0.0
fig5,adaptive_jones_vp_proposed,19,3846521747,20.0,snr_db,20.0,3,3,3,3,full_6d,3846521747,,,nan,,False,,56.62909175292589,7.234659332788525e-05,7.234659332788525e-05,6.835473202440426e-08,2.165521672564267e-05,2.3021415332999213e-14,0.0011852845670380526,False,direct_vp,global_exact_spherical_vp,main_single_proposed,True,f9062e061c626d0d,adaptive_jones,cpu,False,,legacy_least_squares,cpu,explicit,,legacy_least_squares_numerical,False,,,0,0,,,,,,,,fixed_pol_anchor,True,fixed_anchor_then_adaptive_jones_score_selection,fixed_pol_anchor,0.0186726210495666,0.04774219721571986,0.03520642804798247,0.0,True,3,4,3095370.761614794,nan,"[0.039204465878660964,0.0186726210495666,0.04774219721571986]","[25.507298150547232,53.55434554931921,20.945831116266405]",,direct_vp,[],3095221.303539365,3096560,True,662721024.978127,81.00265567217672,170.20481914719886,0.012743876603036724,"[5.003367724208988,4.994005706259681,5.024476116620719]",24.825808244990185,52.32188426586799,78.50122234062292,nan,nan,nan,nan,nan,nan,nan,,,nan,nan,nan,nan,nan,nan,nan,nan,nan,,,,nan,nan,nan,nan,nan,,False,,nan,,,nan,nan,nan,,,,,,,,7.234659332788525e-05,6.835473202440426e-08,0.0011852845670380526,nan,nan,nan,False,not_run,not_requested,"[0.039204465878660964,0.0186726210495666,0.04774219721571986]","[25.507298150547232,53.55434554931921,20.945831116266405]",,,,,662721024.978127,81.00265567217672,nan,nan,direct_vp,direct_vp,False,[],True,1.0,1.0429757860418542e-05,1.0429757860418542e-05,2,data_only_efim_tau_crb,0.0009322802627794991,1.2531572698990143e-06,1.2531572698990143e-06,True,1.1682915130317556e-05,green,clock_green,False,ngc_green_skip_rescue,nan,nan,2,,nan,nan,nan,False,nan,,candidate_unavailable,ngc_green_skip_rescue,False,9.21034037197618,13.815510557964274,ngc_certified_ris_only,nan,nan,,decoupled_robust,legacy_multistart,0.0
fig5,force_rescue,19,3846521747,20.0,snr_db,20.0,3,3,3,3,full_6d,3846521747,,,nan,,False,,79.62824423704296,7.234659332788525e-05,7.234659332788525e-05,6.835473202440426e-08,2.165521672564267e-05,2.3021415332999213e-14,0.0011852845670380526,False,direct_vp_rollback,global_exact_spherical_vp,main_single_proposed,True,03cc54c32f6a442e,adaptive_jones,cpu,False,,legacy_least_squares,cpu,explicit,,legacy_least_squares_numerical,False,,,0,0,,,,,,,,fixed_pol_anchor,True,fixed_anchor_then_adaptive_jones_score_selection,fixed_pol_anchor,0.0186726210495666,0.04774219721571986,0.03520642804798247,0.0,True,3,4,3095370.761614794,nan,"[0.039204465878660964,0.0186726210495666,0.04774219721571986]","[25.507298150547232,53.55434554931921,20.945831116266405]",,jnpp_then_vp,[],3095221.303539365,3096560,True,662721024.978127,81.00265567217672,170.20481914719886,0.012743876603036724,"[5.003367724208988,4.994005706259681,5.024476116620719]",24.825808244990185,37.50173688912764,63.681074963882565,nan,nan,nan,nan,nan,nan,nan,,,nan,nan,nan,nan,nan,nan,nan,nan,nan,,,,nan,nan,nan,nan,nan,,False,,nan,,,nan,nan,nan,,,,,,,,7.234659332788525e-05,6.835473202440426e-08,0.0011852845670380526,7.234760384557554e-05,6.835500528885365e-08,0.0011852845670380645,True,rollback,existing_selector_rollback,"[0.039204465878660964,0.0186726210495666,0.04774219721571986]","[25.507298150547232,53.55434554931921,20.945831116266405]",,"[0.03920446587890127,0.018672621049694974,0.0477421972160173]","[25.507298150390884,53.55434554895103,20.94583111613591]",,662721024.978127,81.00265567217672,662721028.0472527,81.00265527539284,direct_vp,direct_vp,False,[],False,1.0,nan,nan,,,nan,nan,nan,False,nan,,,False,,nan,nan,,,nan,nan,nan,False,nan,,,,False,nan,nan,force_ris_only,8.809650205529449e-05,0.001056428176931581,3,decoupled_robust,legacy_multistart,0.0
fig5,oracle_init_vp,19,3846521747,20.0,snr_db,20.0,3,3,3,3,full_6d,3846521747,,,nan,,False,,19.183212937088683,7.234690282221449e-05,7.234690282221449e-05,6.835474259765439e-08,2.1655143324335024e-05,2.3021385305154738e-14,0.0011852845670380517,False,oracle_init_vp,global_exact_spherical_vp,,False,,adaptive_jones,cupy,True,0,cupy,cupy.linalg.solve,explicit,matrix_free,analytic_reduced_vp_explicit_gradient,False,matrix_free_cpu_only_gpu_backend,,0,0,0,0,,,,,,fixed_pol_anchor,False,,fixed_pol_anchor,nan,nan,nan,nan,False,3,4,3096725.458075429,3096828.2193307243,"[0.039187314628027346,0.018664452112826316,0.047721310860857985]","[25.518462019970773,53.57778486906539,20.95499855223326]","[2.067054312286691e-09,2.0081173445490504e-10,5.576325045931626e-08]",oracle_init_vp,"[""oracle_truth_initialization""]",nan,,,nan,nan,nan,nan,,0.0,19.181697692954913,19.181697692954913,nan,nan,nan,nan,nan,nan,nan,,,nan,nan,nan,nan,nan,nan,nan,nan,nan,,,,nan,nan,nan,nan,nan,,False,,nan,,,nan,nan,nan,,,,,,,,nan,nan,nan,nan,nan,nan,False,,,,,,,,,nan,nan,nan,nan,,,,[],False,nan,nan,nan,,,nan,nan,nan,False,nan,,,False,,nan,nan,,,nan,nan,nan,False,nan,,,,False,nan,nan,,nan,nan,,,legacy_multistart,
fig5,direct_vp,21,4000820147,20.0,snr_db,20.0,3,3,3,3,full_6d,4000820147,,,nan,,False,,45.8609653711319,2.2190294161176174e-05,2.2190294161176174e-05,3.065972730928601e-08,1.2469621481718163e-05,1.2392704401486773e-13,0.003478441335195793,False,direct_vp,global_exact_spherical_vp,proposed_post_stage1,False,f680e4fc823d3aad,adaptive_jones,cpu,False,,legacy_least_squares,cpu,explicit,,legacy_least_squares_numerical,False,,,0,0,,,,,,,,fixed_pol_anchor,True,fixed_anchor_then_adaptive_jones_score_selection,fixed_pol_anchor,0.011497918950079582,0.44573081016591964,0.1834890565934374,0.0,True,3,4,3096158.0726733245,nan,"[0.011497918950079582,0.44573081016591964,0.09323844066431294]","[86.97226031438213,2.2435065676238812,10.725190091930154]",,direct_vp,[],3096008.6145978956,3096560,True,512080596.70642513,135.43316615724734,113.80026716794588,0.008054788732277766,"[4.998938387117755,5.018442647260386,5.011268534656765]",20.67438197089359,40.590796140022576,61.771597845014185,nan,nan,nan,nan,nan,nan,nan,,,nan,nan,nan,nan,nan,nan,nan,nan,nan,,,,nan,nan,nan,nan,nan,,False,,nan,,,nan,nan,nan,,,,,,,,2.2190294161176174e-05,3.065972730928601e-08,0.003478441335195793,nan,nan,nan,False,not_run,not_requested,"[0.011497918950079582,0.44573081016591964,0.09323844066431294]","[86.97226031438213,2.2435065676238812,10.725190091930154]",,,,,512080596.70642513,135.43316615724734,nan,nan,direct_vp,direct_vp,False,[],False,1.0,nan,nan,,,nan,nan,nan,False,nan,,,False,,nan,nan,,,nan,nan,nan,False,nan,,,,False,nan,nan,reliability_gated,nan,nan,,decoupled_robust,legacy_multistart,0.0
fig5,old_gated,21,4000820147,20.0,snr_db,20.0,3,3,3,3,full_6d,4000820147,,,nan,,False,,58.133264631032944,2.2190294161176174e-05,2.2190294161176174e-05,3.065972730928601e-08,1.2469621481718163e-05,1.2392704401486773e-13,0.003478441335195793,False,direct_vp,global_exact_spherical_vp,main_single_proposed,True,646be26cf5fbceb1,adaptive_jones,cpu,False,,legacy_least_squares,cpu,explicit,,legacy_least_squares_numerical,False,,,0,0,,,,,,,,fixed_pol_anchor,True,fixed_anchor_then_adaptive_jones_score_selection,fixed_pol_anchor,0.011497918950079582,0.44573081016591964,0.1834890565934374,0.0,True,3,4,3096158.0726733245,nan,"[0.011497918950079582,0.44573081016591964,0.09323844066431294]","[86.97226031438213,2.2435065676238812,10.725190091930154]",,direct_vp,[],3096008.6145978956,3096560,True,512080596.70642513,135.43316615724734,113.80026716794588,0.008054788732277766,"[4.998938387117755,5.018442647260386,5.011268534656765]",20.67438197089359,53.42619723989628,74.60699894488789,nan,nan,nan,nan,nan,nan,nan,,,nan,nan,nan,nan,nan,nan,nan,nan,nan,,,,nan,nan,nan,nan,nan,,False,,nan,,,nan,nan,nan,,,,,,,,2.2190294161176174e-05,3.065972730928601e-08,0.003478441335195793,nan,nan,nan,False,not_run,not_requested,"[0.011497918950079582,0.44573081016591964,0.09323844066431294]","[86.97226031438213,2.2435065676238812,10.725190091930154]",,,,,512080596.70642513,135.43316615724734,nan,nan,direct_vp,direct_vp,False,[],False,1.0,nan,nan,,,nan,nan,nan,False,nan,,,False,,nan,nan,,,nan,nan,nan,False,nan,,,,False,nan,nan,reliability_gated_ris_only,nan,nan,,decoupled_robust,legacy_multistart,0.0
fig5,adaptive_jones_vp_proposed,21,4000820147,20.0,snr_db,20.0,3,3,3,3,full_6d,4000820147,,,nan,,False,,40.35969941713847,2.2190294161176174e-05,2.2190294161176174e-05,3.065972730928601e-08,1.2469621481718163e-05,1.2392704401486773e-13,0.003478441335195793,False,direct_vp,global_exact_spherical_vp,main_single_proposed,True,55ce73e542c7f4fb,adaptive_jones,cpu,False,,legacy_least_squares,cpu,explicit,,legacy_least_squares_numerical,False,,,0,0,,,,,,,,fixed_pol_anchor,True,fixed_anchor_then_adaptive_jones_score_selection,fixed_pol_anchor,0.011497918950079582,0.44573081016591964,0.1834890565934374,0.0,True,3,4,3096158.0726733245,nan,"[0.011497918950079582,0.44573081016591964,0.09323844066431294]","[86.97226031438213,2.2435065676238812,10.725190091930154]",,direct_vp,[],3096008.6145978956,3096560,True,512080596.70642513,135.43316615724734,113.80026716794588,0.008054788732277766,"[4.998938387117755,5.018442647260386,5.011268534656765]",20.67438197089359,36.79595291800797,57.97675462299958,nan,nan,nan,nan,nan,nan,nan,,,nan,nan,nan,nan,nan,nan,nan,nan,nan,,,,nan,nan,nan,nan,nan,,False,,nan,,,nan,nan,nan,,,,,,,,2.2190294161176174e-05,3.065972730928601e-08,0.003478441335195793,nan,nan,nan,False,not_run,not_requested,"[0.011497918950079582,0.44573081016591964,0.09323844066431294]","[86.97226031438213,2.2435065676238812,10.725190091930154]",,,,,512080596.70642513,135.43316615724734,nan,nan,direct_vp,direct_vp,False,[],True,1.0,1.8644075968722174e-05,1.8644075968722174e-05,2,data_only_efim_tau_crb,0.0012464641981996575,1.2020388811139397e-06,1.2020388811139397e-06,True,1.9846114849836113e-05,green,clock_green,False,ngc_green_skip_rescue,nan,nan,2,,nan,nan,nan,False,nan,,candidate_unavailable,ngc_green_skip_rescue,False,9.21034037197618,13.815510557964274,ngc_certified_ris_only,nan,nan,,decoupled_robust,legacy_multistart,0.0
fig5,force_rescue,21,4000820147,20.0,snr_db,20.0,3,3,3,3,full_6d,4000820147,,,nan,,False,,84.95363104413263,2.2190294161176174e-05,2.2190294161176174e-05,3.065972730928601e-08,1.2469621481718163e-05,1.2392704401486773e-13,0.003478441335195793,False,direct_vp_rollback,global_exact_spherical_vp,main_single_proposed,True,5af4cd765504abdb,adaptive_jones,cpu,False,,legacy_least_squares,cpu,explicit,,legacy_least_squares_numerical,False,,,0,0,,,,,,,,fixed_pol_anchor,True,fixed_anchor_then_adaptive_jones_score_selection,fixed_pol_anchor,0.011497918950079582,0.44573081016591964,0.1834890565934374,0.0,True,3,4,3096158.0726733245,nan,"[0.011497918950079582,0.44573081016591964,0.09323844066431294]","[86.97226031438213,2.2435065676238812,10.725190091930154]",,jnpp_then_vp,[],3096008.6145978956,3096560,True,512080596.70642513,135.43316615724734,113.80026716794588,0.008054788732277766,"[4.998938387117755,5.018442647260386,5.011268534656765]",20.67438197089359,38.87883647810668,60.059638183098286,nan,nan,nan,nan,nan,nan,nan,,,nan,nan,nan,nan,nan,nan,nan,nan,nan,,,,nan,nan,nan,nan,nan,,False,,nan,,,nan,nan,nan,,,,,,,,2.2190294161176174e-05,3.065972730928601e-08,0.003478441335195793,2.2190459437420548e-05,3.066079178084415e-08,0.003478441335195783,True,rollback,existing_selector_rollback,"[0.011497918950079582,0.44573081016591964,0.09323844066431294]","[86.97226031438213,2.2435065676238812,10.725190091930154]",,"[0.011497918950062002,0.4457308100807397,0.0932384406702838]","[86.9722603145151,2.243506568052619,10.725190091243327]",,512080596.70642513,135.43316615724734,512080599.1967443,135.43316553268264,direct_vp,direct_vp,False,[],False,1.0,nan,nan,,,nan,nan,nan,False,nan,,,False,,nan,nan,,,nan,nan,nan,False,nan,,,,False,nan,nan,force_ris_only,0.00011708297231810923,0.01488843568865174,3,decoupled_robust,legacy_multistart,0.0
fig5,oracle_init_vp,21,4000820147,20.0,snr_db,20.0,3,3,3,3,full_6d,4000820147,,,nan,,False,,16.815920358989388,2.2189577712794097e-05,2.2189577712794097e-05,3.065968515198454e-08,1.2469547825265574e-05,1.239271299946016e-13,0.003478441335195792,False,oracle_init_vp,global_exact_spherical_vp,,False,,adaptive_jones,cupy,True,0,cupy,cupy.linalg.solve,explicit,matrix_free,analytic_reduced_vp_explicit_gradient,False,matrix_free_cpu_only_gpu_backend,,0,0,0,0,,,,,,fixed_pol_anchor,False,,fixed_pol_anchor,nan,nan,nan,nan,False,3,4,3096725.458075429,3096806.0454276353,"[0.011495812187227653,0.4456491389602021,0.09322135659078143]","[86.98819915577883,2.2439177204129135,10.727155627971154]","[1.3639856257646518e-09,7.879638754988003e-08,5.421238174728853e-09]",oracle_init_vp,"[""oracle_truth_initialization""]",nan,,,nan,nan,nan,nan,,0.0,16.815043985145167,16.815043985145167,nan,nan,nan,nan,nan,nan,nan,,,nan,nan,nan,nan,nan,nan,nan,nan,nan,,,,nan,nan,nan,nan,nan,,False,,nan,,,nan,nan,nan,,,,,,,,nan,nan,nan,nan,nan,nan,False,,,,,,,,,nan,nan,nan,nan,,,,[],False,nan,nan,nan,,,nan,nan,nan,False,nan,,,False,,nan,nan,,,nan,nan,nan,False,nan,,,,False,nan,nan,,nan,nan,,,legacy_multistart,
fig5,direct_vp,4,287230138,20.0,snr_db,20.0,3,3,3,3,full_6d,287230138,,,nan,,False,,122.314147249097,3.375721403554639e-05,3.375721403554639e-05,4.573778013938979e-08,2.616665899274394e-05,2.83289047021572e-14,0.004943092006063381,False,direct_vp,global_exact_spherical_vp,proposed_post_stage1,False,826c54629dcead77,adaptive_jones,cpu,False,,legacy_least_squares,cpu,explicit,,legacy_least_squares_numerical,False,,,0,0,,,,,,,,fixed_pol_anchor,True,fixed_anchor_then_adaptive_jones_score_selection,fixed_pol_anchor,0.023447508886575343,0.14393960375469597,0.06449199923916567,0.0,True,3,10,41286109.85743225,41297983.404591456,"[0.14393960375469597,0.023447508886575343,0.026088885076225695]","[6.947358294136137,42.64845382242364,38.330499639145366]","[5.126804557300048e-06,1.0143124893989811e-07,2.5099802620521003e-07]",direct_vp,[],3096268.8461776655,3096560,True,922603127.467429,76.14243922373382,158.36050772308062,0.005036630684038987,"[4.991477393429745,4.9985163878454895,5.003771503855569]",23.7525158948265,117.10627763904631,141.46794357383624,nan,nan,nan,nan,nan,nan,nan,,,nan,nan,nan,nan,nan,nan,nan,nan,nan,,,,nan,nan,nan,nan,nan,,False,,nan,,,nan,nan,nan,,,,,,,,3.375721403554639e-05,4.573778013938979e-08,0.004943092006063381,nan,nan,nan,False,not_run,not_requested,"[0.14393960375469597,0.023447508886575343,0.026088885076225695]","[6.947358294136137,42.64845382242364,38.330499639145366]","[5.126804557300048e-06,1.0143124893989811e-07,2.5099802620521003e-07]",,,,922603127.467429,76.14243922373382,nan,nan,direct_vp,direct_vp,False,[],False,1.0,nan,nan,,,nan,nan,nan,False,nan,,,False,,nan,nan,,,nan,nan,nan,False,nan,,,,False,nan,nan,reliability_gated,nan,nan,,decoupled_robust,legacy_multistart,0.0
fig5,old_gated,4,287230138,20.0,snr_db,20.0,3,3,3,3,full_6d,287230138,,,nan,,False,,130.89271331205964,3.375721403554639e-05,3.375721403554639e-05,4.573778013938979e-08,2.616665899274394e-05,2.83289047021572e-14,0.004943092006063381,False,direct_vp,global_exact_spherical_vp,main_single_proposed,True,302340b01699a692,adaptive_jones,cpu,False,,legacy_least_squares,cpu,explicit,,legacy_least_squares_numerical,False,,,0,0,,,,,,,,fixed_pol_anchor,True,fixed_anchor_then_adaptive_jones_score_selection,fixed_pol_anchor,0.023447508886575343,0.14393960375469597,0.06449199923916567,0.0,True,3,10,41286109.85743225,41297983.404591456,"[0.14393960375469597,0.023447508886575343,0.026088885076225695]","[6.947358294136137,42.64845382242364,38.330499639145366]","[5.126804557300048e-06,1.0143124893989811e-07,2.5099802620521003e-07]",direct_vp,[],3096268.8461776655,3096560,True,922603127.467429,76.14243922373382,158.36050772308062,0.005036630684038987,"[4.991477393429745,4.9985163878454895,5.003771503855569]",23.7525158948265,125.95313876890577,150.3148047036957,nan,nan,nan,nan,nan,nan,nan,,,nan,nan,nan,nan,nan,nan,nan,nan,nan,,,,nan,nan,nan,nan,nan,,False,,nan,,,nan,nan,nan,,,,,,,,3.375721403554639e-05,4.573778013938979e-08,0.004943092006063381,nan,nan,nan,False,not_run,not_requested,"[0.14393960375469597,0.023447508886575343,0.026088885076225695]","[6.947358294136137,42.64845382242364,38.330499639145366]","[5.126804557300048e-06,1.0143124893989811e-07,2.5099802620521003e-07]",,,,922603127.467429,76.14243922373382,nan,nan,direct_vp,direct_vp,False,[],False,1.0,nan,nan,,,nan,nan,nan,False,nan,,,False,,nan,nan,,,nan,nan,nan,False,nan,,,,False,nan,nan,reliability_gated_ris_only,nan,nan,,decoupled_robust,legacy_multistart,0.0
fig5,adaptive_jones_vp_proposed,4,287230138,20.0,snr_db,20.0,3,3,3,3,full_6d,287230138,,,nan,,False,,131.6872494618874,3.375721403554639e-05,3.375721403554639e-05,4.573778013938979e-08,2.616665899274394e-05,2.83289047021572e-14,0.004943092006063381,False,direct_vp,global_exact_spherical_vp,main_single_proposed,True,d3e0d5c822c5badc,adaptive_jones,cpu,False,,legacy_least_squares,cpu,explicit,,legacy_least_squares_numerical,False,,,0,0,,,,,,,,fixed_pol_anchor,True,fixed_anchor_then_adaptive_jones_score_selection,fixed_pol_anchor,0.023447508886575343,0.14393960375469597,0.06449199923916567,0.0,True,3,10,41286109.85743225,41297983.404591456,"[0.14393960375469597,0.023447508886575343,0.026088885076225695]","[6.947358294136137,42.64845382242364,38.330499639145366]","[5.126804557300048e-06,1.0143124893989811e-07,2.5099802620521003e-07]",direct_vp,[],3096268.8461776655,3096560,True,922603127.467429,76.14243922373382,158.36050772308062,0.005036630684038987,"[4.991477393429745,4.9985163878454895,5.003771503855569]",23.7525158948265,126.66760912910104,151.02927506389096,nan,nan,nan,nan,nan,nan,nan,,,nan,nan,nan,nan,nan,nan,nan,nan,nan,,,,nan,nan,nan,nan,nan,,False,,nan,,,nan,nan,nan,,,,,,,,3.375721403554639e-05,4.573778013938979e-08,0.004943092006063381,nan,nan,nan,False,not_run,not_requested,"[0.14393960375469597,0.023447508886575343,0.026088885076225695]","[6.947358294136137,42.64845382242364,38.330499639145366]","[5.126804557300048e-06,1.0143124893989811e-07,2.5099802620521003e-07]",,,,922603127.467429,76.14243922373382,nan,nan,direct_vp,direct_vp,False,[],True,1.0,2.589733834843827e-05,2.589733834843827e-05,2,data_only_efim_tau_crb,0.0014690512343129912,4.9608477529969e-07,4.9608477529969e-07,True,2.6393423123737958e-05,green,clock_green,False,ngc_green_skip_rescue,nan,nan,2,,nan,nan,nan,False,nan,,candidate_unavailable,ngc_green_skip_rescue,False,9.21034037197618,13.815510557964274,ngc_certified_ris_only,nan,nan,,decoupled_robust,legacy_multistart,0.0
fig5,force_rescue,4,287230138,20.0,snr_db,20.0,3,3,3,3,full_6d,287230138,,,nan,,False,,228.09793336689472,3.375721403554639e-05,3.375721403554639e-05,4.573778013938979e-08,2.616665899274394e-05,2.83289047021572e-14,0.004943092006063381,False,direct_vp_rollback,global_exact_spherical_vp,main_single_proposed,True,dce9ff9ed12af63b,adaptive_jones,cpu,False,,legacy_least_squares,cpu,explicit,,legacy_least_squares_numerical,False,,,0,0,,,,,,,,fixed_pol_anchor,True,fixed_anchor_then_adaptive_jones_score_selection,fixed_pol_anchor,0.023447508886575343,0.14393960375469597,0.06449199923916567,0.0,True,3,10,41286109.85743225,41297983.404591456,"[0.14393960375469597,0.023447508886575343,0.026088885076225695]","[6.947358294136137,42.64845382242364,38.330499639145366]","[5.126804557300048e-06,1.0143124893989811e-07,2.5099802620521003e-07]",jnpp_then_vp,[],3096268.8461776655,3096560,True,922603127.467429,76.14243922373382,158.36050772308062,0.005036630684038987,"[4.991477393429745,4.9985163878454895,5.003771503855569]",23.7525158948265,127.91893024300225,152.28059617779218,nan,nan,nan,nan,nan,nan,nan,,,nan,nan,nan,nan,nan,nan,nan,nan,nan,,,,nan,nan,nan,nan,nan,,False,,nan,,,nan,nan,nan,,,,,,,,3.375721403554639e-05,4.573778013938979e-08,0.004943092006063381,3.375731225067599e-05,4.5737805282597306e-08,0.004943092006063348,True,rollback,existing_selector_rollback,"[0.14393960375469597,0.023447508886575343,0.026088885076225695]","[6.947358294136137,42.64845382242364,38.330499639145366]","[5.126804557300048e-06,1.0143124893989811e-07,2.5099802620521003e-07]","[0.14393960351134233,0.023447508885515705,0.026088885096495117]","[6.947358305881792,42.64845382435101,38.33049960936498]","[4.794210918190475e-06,8.526691536804501e-08,2.420194682115764e-07]",922603127.467429,76.14243922373382,922603127.5818316,76.14243921504297,direct_vp,direct_vp,False,[],False,1.0,nan,nan,,,nan,nan,nan,False,nan,,,False,,nan,nan,,,nan,nan,nan,False,nan,,,,False,nan,nan,force_ris_only,0.7000001626749901,0.0009033671845383626,3,decoupled_robust,legacy_multistart,0.0
fig5,oracle_init_vp,4,287230138,20.0,snr_db,20.0,3,3,3,3,full_6d,287230138,,,nan,,False,,18.634609173052013,3.3757234754832024e-05,3.3757234754832024e-05,4.57377766732809e-08,2.616664042068872e-05,2.8327158308406927e-14,0.004943092006063374,False,oracle_init_vp,global_exact_spherical_vp,,False,,adaptive_jones,cupy,True,0,cupy,cupy.linalg.solve,explicit,matrix_free,analytic_reduced_vp_explicit_gradient,False,matrix_free_cpu_only_gpu_backend,,0,0,0,0,,,,,,fixed_pol_anchor,False,,fixed_pol_anchor,nan,nan,nan,nan,False,3,4,3096725.458075429,3096818.7691168403,"[0.14210911095199724,0.023066411300423365,0.02002955243619825]","[7.036846499853524,43.353081108963956,49.926227916742555]","[1.3599091697756297e-08,7.767175217839527e-09,2.6175240027534372e-09]",oracle_init_vp,"[""oracle_truth_initialization""]",nan,,,nan,nan,nan,nan,,0.0,18.633254549000412,18.633254549000412,nan,nan,nan,nan,nan,nan,nan,,,nan,nan,nan,nan,nan,nan,nan,nan,nan,,,,nan,nan,nan,nan,nan,,False,,nan,,,nan,nan,nan,,,,,,,,nan,nan,nan,nan,nan,nan,False,,,,,,,,,nan,nan,nan,nan,,,,[],False,nan,nan,nan,,,nan,nan,nan,False,nan,,,False,,nan,nan,,,nan,nan,nan,False,nan,,,,False,nan,nan,,nan,nan,,,legacy_multistart,
fig5,direct_vp,20,3607282624,20.0,snr_db,20.0,3,3,3,3,full_6d,3607282624,,,nan,,False,,58.86307010194287,1.3810248858679073e-05,1.3810248858679073e-05,6.821709687423618e-08,1.2161949303539629e-05,2.5017281581202644e-14,0.005718119789140801,False,direct_vp,global_exact_spherical_vp,proposed_post_stage1,False,88326b6026ec3424,adaptive_jones,cpu,False,,legacy_least_squares,cpu,explicit,,legacy_least_squares_numerical,False,,,0,0,,,,,,,,fixed_pol_anchor,True,fixed_anchor_then_adaptive_jones_score_selection,fixed_pol_anchor,0.01577865556513741,0.07766253555115982,0.045505022844160435,0.0,True,3,4,3095406.2163673365,nan,"[0.04307387741618408,0.07766253555115982,0.01577865556513741]","[23.215927146234314,12.876221371129162,63.37675576171787]",,direct_vp,[],3095256.7582919076,3096560,True,859705324.1422726,65.44820474332415,169.0574124562746,0.004503994748312741,"[4.989608657241919,4.999813518057873,4.998341854912196]",22.96637725108303,53.535745803965256,77.75609122426249,nan,nan,nan,nan,nan,nan,nan,,,nan,nan,nan,nan,nan,nan,nan,nan,nan,,,,nan,nan,nan,nan,nan,,False,,nan,,,nan,nan,nan,,,,,,,,1.3810248858679073e-05,6.821709687423618e-08,0.005718119789140801,nan,nan,nan,False,not_run,not_requested,"[0.04307387741618408,0.07766253555115982,0.01577865556513741]","[23.215927146234314,12.876221371129162,63.37675576171787]",,,,,859705324.1422726,65.44820474332415,nan,nan,direct_vp,direct_vp,False,[],False,1.0,nan,nan,,,nan,nan,nan,False,nan,,,False,,nan,nan,,,nan,nan,nan,False,nan,,,,False,nan,nan,reliability_gated,nan,nan,,decoupled_robust,legacy_multistart,0.0
fig5,old_gated,20,3607282624,20.0,snr_db,20.0,3,3,3,3,full_6d,3607282624,,,nan,,False,,58.212625415064394,1.3810248858679073e-05,1.3810248858679073e-05,6.821709687423618e-08,1.2161949303539629e-05,2.5017281581202644e-14,0.005718119789140801,False,direct_vp,global_exact_spherical_vp,main_single_proposed,True,4a2d3b2965ad58e2,adaptive_jones,cpu,False,,legacy_least_squares,cpu,explicit,,legacy_least_squares_numerical,False,,,0,0,,,,,,,,fixed_pol_anchor,True,fixed_anchor_then_adaptive_jones_score_selection,fixed_pol_anchor,0.01577865556513741,0.07766253555115982,0.045505022844160435,0.0,True,3,4,3095406.2163673365,nan,"[0.04307387741618408,0.07766253555115982,0.01577865556513741]","[23.215927146234314,12.876221371129162,63.37675576171787]",,direct_vp,[],3095256.7582919076,3096560,True,859705324.1422726,65.44820474332415,169.0574124562746,0.004503994748312741,"[4.989608657241919,4.999813518057873,4.998341854912196]",22.96637725108303,53.16859445697628,77.38893987727351,nan,nan,nan,nan,nan,nan,nan,,,nan,nan,nan,nan,nan,nan,nan,nan,nan,,,,nan,nan,nan,nan,nan,,False,,nan,,,nan,nan,nan,,,,,,,,1.3810248858679073e-05,6.821709687423618e-08,0.005718119789140801,nan,nan,nan,False,not_run,not_requested,"[0.04307387741618408,0.07766253555115982,0.01577865556513741]","[23.215927146234314,12.876221371129162,63.37675576171787]",,,,,859705324.1422726,65.44820474332415,nan,nan,direct_vp,direct_vp,False,[],False,1.0,nan,nan,,,nan,nan,nan,False,nan,,,False,,nan,nan,,,nan,nan,nan,False,nan,,,,False,nan,nan,reliability_gated_ris_only,nan,nan,,decoupled_robust,legacy_multistart,0.0
fig5,adaptive_jones_vp_proposed,20,3607282624,20.0,snr_db,20.0,3,3,3,3,full_6d,3607282624,,,nan,,False,,56.30581126199104,1.3810248858679073e-05,1.3810248858679073e-05,6.821709687423618e-08,1.2161949303539629e-05,2.5017281581202644e-14,0.005718119789140801,False,direct_vp,global_exact_spherical_vp,main_single_proposed,True,a0d0953ecae97ce3,adaptive_jones,cpu,False,,legacy_least_squares,cpu,explicit,,legacy_least_squares_numerical,False,,,0,0,,,,,,,,fixed_pol_anchor,True,fixed_anchor_then_adaptive_jones_score_selection,fixed_pol_anchor,0.01577865556513741,0.07766253555115982,0.045505022844160435,0.0,True,3,4,3095406.2163673365,nan,"[0.04307387741618408,0.07766253555115982,0.01577865556513741]","[23.215927146234314,12.876221371129162,63.37675576171787]",,direct_vp,[],3095256.7582919076,3096560,True,859705324.1422726,65.44820474332415,169.0574124562746,0.004503994748312741,"[4.989608657241919,4.999813518057873,4.998341854912196]",22.96637725108303,51.653330185916275,75.87367560621351,nan,nan,nan,nan,nan,nan,nan,,,nan,nan,nan,nan,nan,nan,nan,nan,nan,,,,nan,nan,nan,nan,nan,,False,,nan,,,nan,nan,nan,,,,,,,,1.3810248858679073e-05,6.821709687423618e-08,0.005718119789140801,nan,nan,nan,False,not_run,not_requested,"[0.04307387741618408,0.07766253555115982,0.01577865556513741]","[23.215927146234314,12.876221371129162,63.37675576171787]",,,,,859705324.1422726,65.44820474332415,nan,nan,direct_vp,direct_vp,False,[],True,1.0,2.306377315894423e-07,2.306377315894423e-07,2,data_only_efim_tau_crb,0.00013863553283984182,2.625285932497165e-07,2.625285932497165e-07,True,4.931663248391588e-07,green,clock_green,False,ngc_green_skip_rescue,nan,nan,2,,nan,nan,nan,False,nan,,candidate_unavailable,ngc_green_skip_rescue,False,9.21034037197618,13.815510557964274,ngc_certified_ris_only,nan,nan,,decoupled_robust,legacy_multistart,0.0
fig5,force_rescue,20,3607282624,20.0,snr_db,20.0,3,3,3,3,full_6d,3607282624,,,nan,,False,,88.31142052891664,1.3810248858679073e-05,1.3810248858679073e-05,6.821709687423618e-08,1.2161949303539629e-05,2.5017281581202644e-14,0.005718119789140801,False,direct_vp_rollback,global_exact_spherical_vp,main_single_proposed,True,5bf1a265f649f725,adaptive_jones,cpu,False,,legacy_least_squares,cpu,explicit,,legacy_least_squares_numerical,False,,,0,0,,,,,,,,fixed_pol_anchor,True,fixed_anchor_then_adaptive_jones_score_selection,fixed_pol_anchor,0.01577865556513741,0.07766253555115982,0.045505022844160435,0.0,True,3,4,3095406.2163673365,nan,"[0.04307387741618408,0.07766253555115982,0.01577865556513741]","[23.215927146234314,12.876221371129162,63.37675576171787]",,jnpp_then_vp,[],3095256.7582919076,3096560,True,859705324.1422726,65.44820474332415,169.0574124562746,0.004503994748312741,"[4.989608657241919,4.999813518057873,4.998341854912196]",22.96637725108303,39.44446112588048,63.664806546177715,nan,nan,nan,nan,nan,nan,nan,,,nan,nan,nan,nan,nan,nan,nan,nan,nan,,,,nan,nan,nan,nan,nan,,False,,nan,,,nan,nan,nan,,,,,,,,1.3810248858679073e-05,6.821709687423618e-08,0.005718119789140801,1.381029532053252e-05,6.821705100803675e-08,0.0057181197891408055,True,rollback,existing_selector_rollback,"[0.04307387741618408,0.07766253555115982,0.01577865556513741]","[23.215927146234314,12.876221371129162,63.37675576171787]",,"[0.043073877416442925,0.0776625355497775,0.015778655565043383]","[23.2159271460948,12.876221371358344,63.37675576209554]",,859705324.1422726,65.44820474332415,859705324.2832316,65.4482047332822,direct_vp,direct_vp,False,[],False,1.0,nan,nan,,,nan,nan,nan,False,nan,,,False,,nan,nan,,,nan,nan,nan,False,nan,,,,False,nan,nan,force_ris_only,1.8886141063970077e-05,0.0035374900733373743,3,decoupled_robust,legacy_multistart,0.0
fig5,oracle_init_vp,20,3607282624,20.0,snr_db,20.0,3,3,3,3,full_6d,3607282624,,,nan,,False,,18.91779830818996,1.3810439366610206e-05,1.3810439366610206e-05,6.821713690808008e-08,1.2162063841953852e-05,2.5017802549996753e-14,0.005718119789140808,False,oracle_init_vp,global_exact_spherical_vp,,False,,adaptive_jones,cupy,True,0,cupy,cupy.linalg.solve,explicit,matrix_free,analytic_reduced_vp_explicit_gradient,False,matrix_free_cpu_only_gpu_backend,,0,0,0,0,,,,,,fixed_pol_anchor,False,,fixed_pol_anchor,nan,nan,nan,nan,False,3,4,3096725.458075429,3096813.173537347,"[0.04305552654833076,0.07762944879535054,0.015771933346499595]","[23.225822099224253,12.881709396599701,63.40376782164902]","[6.588771667537972e-08,7.357307350038734e-08,8.794321559698426e-09]",oracle_init_vp,"[""oracle_truth_initialization""]",nan,,,nan,nan,nan,nan,,0.0,18.900433507049456,18.900433507049456,nan,nan,nan,nan,nan,nan,nan,,,nan,nan,nan,nan,nan,nan,nan,nan,nan,,,,nan,nan,nan,nan,nan,,False,,nan,,,nan,nan,nan,,,,,,,,nan,nan,nan,nan,nan,nan,False,,,,,,,,,nan,nan,nan,nan,,,,[],False,nan,nan,nan,,,nan,nan,nan,False,nan,,,False,,nan,nan,,,nan,nan,nan,False,nan,,,,False,nan,nan,,nan,nan,,,legacy_multistart,
fig5,direct_vp,5,2290547997,20.0,snr_db,20.0,3,3,3,3,full_6d,2290547997,,,nan,,False,,140.79366152803414,5.439840657090098e-05,5.439840657090098e-05,4.5048576239664755e-08,5.684112527393346e-06,8.379435612345985e-14,0.002727697668936248,False,direct_vp,global_exact_spherical_vp,proposed_post_stage1,False,29a744de0f18b334,adaptive_jones,cpu,False,,legacy_least_squares,cpu,explicit,,legacy_least_squares_numerical,False,,,0,0,,,,,,,,fixed_pol_anchor,True,fixed_anchor_then_adaptive_jones_score_selection,fixed_pol_anchor,0.017331849952991408,0.0589555097155996,0.04184211316726678,0.0,True,3,10,19634398.18549869,19634505.86809458,"[0.0589555097155996,0.017331849952991408,0.04923897983320934]","[16.96194307917826,57.69724540151507,20.309112889570848]","[4.27014587557568e-06,1.0243283698776997e-06,6.234381007335373e-08]",direct_vp,[],3093962.1519521857,3096560,True,714295337.6868346,75.05488203422512,193.9411190532051,0.003885088978473132,"[5.001563780735947,5.002192382143965,5.01010160069088]",26.716424417914823,135.4812620820012,163.04485994786955,nan,nan,nan,nan,nan,nan,nan,,,nan,nan,nan,nan,nan,nan,nan,nan,nan,,,,nan,nan,nan,nan,nan,,False,,nan,,,nan,nan,nan,,,,,,,,5.439840657090098e-05,4.5048576239664755e-08,0.002727697668936248,nan,nan,nan,False,not_run,not_requested,"[0.0589555097155996,0.017331849952991408,0.04923897983320934]","[16.96194307917826,57.69724540151507,20.309112889570848]","[4.27014587557568e-06,1.0243283698776997e-06,6.234381007335373e-08]",,,,714295337.6868346,75.05488203422512,nan,nan,direct_vp,direct_vp,False,[],False,1.0,nan,nan,,,nan,nan,nan,False,nan,,,False,,nan,nan,,,nan,nan,nan,False,nan,,,,False,nan,nan,reliability_gated,nan,nan,,decoupled_robust,legacy_multistart,0.0
fig5,old_gated,5,2290547997,20.0,snr_db,20.0,3,3,3,3,full_6d,2290547997,,,nan,,False,,143.61642702203244,5.439840657090098e-05,5.439840657090098e-05,4.5048576239664755e-08,5.684112527393346e-06,8.379435612345985e-14,0.002727697668936248,False,direct_vp,global_exact_spherical_vp,main_single_proposed,True,c7470efda3ddc63a,adaptive_jones,cpu,False,,legacy_least_squares,cpu,explicit,,legacy_least_squares_numerical,False,,,0,0,,,,,,,,fixed_pol_anchor,True,fixed_anchor_then_adaptive_jones_score_selection,fixed_pol_anchor,0.017331849952991408,0.0589555097155996,0.04184211316726678,0.0,True,3,10,19634398.18549869,19634505.86809458,"[0.0589555097155996,0.017331849952991408,0.04923897983320934]","[16.96194307917826,57.69724540151507,20.309112889570848]","[4.27014587557568e-06,1.0243283698776997e-06,6.234381007335373e-08]",direct_vp,[],3093962.1519521857,3096560,True,714295337.6868346,75.05488203422512,193.9411190532051,0.003885088978473132,"[5.001563780735947,5.002192382143965,5.01010160069088]",26.716424417914823,138.55121817300096,166.11481603886932,nan,nan,nan,nan,nan,nan,nan,,,nan,nan,nan,nan,nan,nan,nan,nan,nan,,,,nan,nan,nan,nan,nan,,False,,nan,,,nan,nan,nan,,,,,,,,5.439840657090098e-05,4.5048576239664755e-08,0.002727697668936248,nan,nan,nan,False,not_run,not_requested,"[0.0589555097155996,0.017331849952991408,0.04923897983320934]","[16.96194307917826,57.69724540151507,20.309112889570848]","[4.27014587557568e-06,1.0243283698776997e-06,6.234381007335373e-08]",,,,714295337.6868346,75.05488203422512,nan,nan,direct_vp,direct_vp,False,[],False,1.0,nan,nan,,,nan,nan,nan,False,nan,,,False,,nan,nan,,,nan,nan,nan,False,nan,,,,False,nan,nan,reliability_gated_ris_only,nan,nan,,decoupled_robust,legacy_multistart,0.0
fig5,adaptive_jones_vp_proposed,5,2290547997,20.0,snr_db,20.0,3,3,3,3,full_6d,2290547997,,,nan,,False,,144.76335097616538,5.439840657090098e-05,5.439840657090098e-05,4.5048576239664755e-08,5.684112527393346e-06,8.379435612345985e-14,0.002727697668936248,False,direct_vp,global_exact_spherical_vp,main_single_proposed,True,ee4d3c5b96e1af2a,adaptive_jones,cpu,False,,legacy_least_squares,cpu,explicit,,legacy_least_squares_numerical,False,,,0,0,,,,,,,,fixed_pol_anchor,True,fixed_anchor_then_adaptive_jones_score_selection,fixed_pol_anchor,0.017331849952991408,0.0589555097155996,0.04184211316726678,0.0,True,3,10,19634398.18549869,19634505.86809458,"[0.0589555097155996,0.017331849952991408,0.04923897983320934]","[16.96194307917826,57.69724540151507,20.309112889570848]","[4.27014587557568e-06,1.0243283698776997e-06,6.234381007335373e-08]",direct_vp,[],3093962.1519521857,3096560,True,714295337.6868346,75.05488203422512,193.9411190532051,0.003885088978473132,"[5.001563780735947,5.002192382143965,5.01010160069088]",26.716424417914823,139.63608048204333,167.19967834791169,nan,nan,nan,nan,nan,nan,nan,,,nan,nan,nan,nan,nan,nan,nan,nan,nan,,,,nan,nan,nan,nan,nan,,False,,nan,,,nan,nan,nan,,,,,,,,5.439840657090098e-05,4.5048576239664755e-08,0.002727697668936248,nan,nan,nan,False,not_run,not_requested,"[0.0589555097155996,0.017331849952991408,0.04923897983320934]","[16.96194307917826,57.69724540151507,20.309112889570848]","[4.27014587557568e-06,1.0243283698776997e-06,6.234381007335373e-08]",,,,714295337.6868346,75.05488203422512,nan,nan,direct_vp,direct_vp,False,[],True,1.0,4.774979826542448e-06,4.774979826542448e-06,2,data_only_efim_tau_crb,0.000630805029739938,3.624346343632812e-07,3.624346343632812e-07,True,5.137414460905729e-06,green,clock_green,False,ngc_green_skip_rescue,nan,nan,2,,nan,nan,nan,False,nan,,candidate_unavailable,ngc_green_skip_rescue,False,9.21034037197618,13.815510557964274,ngc_certified_ris_only,nan,nan,,decoupled_robust,legacy_multistart,0.0
fig5,force_rescue,5,2290547997,20.0,snr_db,20.0,3,3,3,3,full_6d,2290547997,,,nan,,False,,185.80824060901068,5.439840657090098e-05,5.439840657090098e-05,4.5048576239664755e-08,5.684112527393346e-06,8.379435612345985e-14,0.002727697668936248,False,direct_vp_rollback,global_exact_spherical_vp,main_single_proposed,True,9c304efa691d0539,adaptive_jones,cpu,False,,legacy_least_squares,cpu,explicit,,legacy_least_squares_numerical,False,,,0,0,,,,,,,,fixed_pol_anchor,True,fixed_anchor_then_adaptive_jones_score_selection,fixed_pol_anchor,0.017331849952991408,0.0589555097155996,0.04184211316726678,0.0,True,3,10,19634398.18549869,19634505.86809458,"[0.0589555097155996,0.017331849952991408,0.04923897983320934]","[16.96194307917826,57.69724540151507,20.309112889570848]","[4.27014587557568e-06,1.0243283698776997e-06,6.234381007335373e-08]",jnpp_then_vp,[],3093962.1519521857,3096560,True,714295337.6868346,75.05488203422512,193.9411190532051,0.003885088978473132,"[5.001563780735947,5.002192382143965,5.01010160069088]",26.716424417914823,112.46216497896239,140.02576284483075,nan,nan,nan,nan,nan,nan,nan,,,nan,nan,nan,nan,nan,nan,nan,nan,nan,,,,nan,nan,nan,nan,nan,,False,,nan,,,nan,nan,nan,,,,,,,,5.439840657090098e-05,4.5048576239664755e-08,0.002727697668936248,5.439940841070754e-05,4.504883700834887e-08,0.0027276976689362617,True,rollback,existing_selector_rollback,"[0.0589555097155996,0.017331849952991408,0.04923897983320934]","[16.96194307917826,57.69724540151507,20.309112889570848]","[4.27014587557568e-06,1.0243283698776997e-06,6.234381007335373e-08]","[0.058955509714324644,0.017331849952934467,0.049238979833467374]","[16.961943079545073,57.69724540170462,20.30911288946442]","[4.265993759888433e-06,1.0228520376569653e-06,6.025083410146419e-08]",714295337.6868346,75.05488203422512,714295340.7878425,75.05488171261833,direct_vp,direct_vp,False,[],False,1.0,nan,nan,,,nan,nan,nan,False,nan,,,False,,nan,nan,,,nan,nan,nan,False,nan,,,,False,nan,nan,force_ris_only,0.7000001422882042,0.003553283954380536,3,decoupled_robust,legacy_multistart,0.0
fig5,oracle_init_vp,5,2290547997,20.0,snr_db,20.0,3,3,3,3,full_6d,2290547997,,,nan,,False,,12.458257157122716,5.439903179549424e-05,5.439903179549424e-05,4.5048579228713146e-08,5.6842214278456485e-06,8.379536593575456e-14,0.0027276976689362383,False,oracle_init_vp,global_exact_spherical_vp,,False,,adaptive_jones,cupy,True,0,cupy,cupy.linalg.solve,explicit,matrix_free,analytic_reduced_vp_explicit_gradient,False,matrix_free_cpu_only_gpu_backend,,0,0,0,0,,,,,,fixed_pol_anchor,False,,fixed_pol_anchor,nan,nan,nan,nan,False,3,4,3096725.458075429,3096814.6535314857,"[0.0576058111347961,0.017094814706403023,0.04081517354903791]","[17.359359764242683,58.49727049837068,24.500692096739378]","[5.4960109672627734e-08,1.2252493191290198e-08,4.2042735220516395e-09]",oracle_init_vp,"[""oracle_truth_initialization""]",nan,,,nan,nan,nan,nan,,0.0,12.457074533915147,12.457074533915147,nan,nan,nan,nan,nan,nan,nan,,,nan,nan,nan,nan,nan,nan,nan,nan,nan,,,,nan,nan,nan,nan,nan,,False,,nan,,,nan,nan,nan,,,,,,,,nan,nan,nan,nan,nan,nan,False,,,,,,,,,nan,nan,nan,nan,,,,[],False,nan,nan,nan,,,nan,nan,nan,False,nan,,,False,,nan,nan,,,nan,nan,nan,False,nan,,,,False,nan,nan,,nan,nan,,,legacy_multistart,
fig5,direct_vp,23,2043173887,20.0,snr_db,20.0,3,3,3,3,full_6d,2043173887,,,nan,,False,,51.20257864287123,5.273866163421162e-05,5.273866163421162e-05,5.147625681288089e-08,3.955847178026339e-06,1.4791299085948155e-14,0.0032753090468114897,False,direct_vp,global_exact_spherical_vp,proposed_post_stage1,False,0af675b22cdb49a6,adaptive_jones,cpu,False,,legacy_least_squares,cpu,explicit,,legacy_least_squares_numerical,False,,,0,0,,,,,,,,fixed_pol_anchor,True,fixed_anchor_then_adaptive_jones_score_selection,fixed_pol_anchor,0.02084470628292181,0.12387818884193975,0.0558485618378502,0.0,True,3,4,3096395.999514401,nan,"[0.12387818884193975,0.02084470628292181,0.02282279038868903]","[8.072446080688255,47.97381102075231,43.81585174158094]",,direct_vp,[],3096246.541438972,3096560,True,839666410.6086538,63.961717639119954,150.1669762998099,0.005975161652919139,"[5.007648590470248,4.993271617632802,4.998085552614558]",23.397779860999435,46.05378589197062,70.06770708598197,nan,nan,nan,nan,nan,nan,nan,,,nan,nan,nan,nan,nan,nan,nan,nan,nan,,,,nan,nan,nan,nan,nan,,False,,nan,,,nan,nan,nan,,,,,,,,5.273866163421162e-05,5.147625681288089e-08,0.0032753090468114897,nan,nan,nan,False,not_run,not_requested,"[0.12387818884193975,0.02084470628292181,0.02282279038868903]","[8.072446080688255,47.97381102075231,43.81585174158094]",,,,,839666410.6086538,63.961717639119954,nan,nan,direct_vp,direct_vp,False,[],False,1.0,nan,nan,,,nan,nan,nan,False,nan,,,False,,nan,nan,,,nan,nan,nan,False,nan,,,,False,nan,nan,reliability_gated,nan,nan,,decoupled_robust,legacy_multistart,0.0
fig5,old_gated,23,2043173887,20.0,snr_db,20.0,3,3,3,3,full_6d,2043173887,,,nan,,False,,53.11683095106855,5.273866163421162e-05,5.273866163421162e-05,5.147625681288089e-08,3.955847178026339e-06,1.4791299085948155e-14,0.0032753090468114897,False,direct_vp,global_exact_spherical_vp,main_single_proposed,True,46e4e661cf0472eb,adaptive_jones,cpu,False,,legacy_least_squares,cpu,explicit,,legacy_least_squares_numerical,False,,,0,0,,,,,,,,fixed_pol_anchor,True,fixed_anchor_then_adaptive_jones_score_selection,fixed_pol_anchor,0.02084470628292181,0.12387818884193975,0.0558485618378502,0.0,True,3,4,3096395.999514401,nan,"[0.12387818884193975,0.02084470628292181,0.02282279038868903]","[8.072446080688255,47.97381102075231,43.81585174158094]",,direct_vp,[],3096246.541438972,3096560,True,839666410.6086538,63.961717639119954,150.1669762998099,0.005975161652919139,"[5.007648590470248,4.993271617632802,4.998085552614558]",23.397779860999435,48.966975793009624,72.98089698702097,nan,nan,nan,nan,nan,nan,nan,,,nan,nan,nan,nan,nan,nan,nan,nan,nan,,,,nan,nan,nan,nan,nan,,False,,nan,,,nan,nan,nan,,,,,,,,5.273866163421162e-05,5.147625681288089e-08,0.0032753090468114897,nan,nan,nan,False,not_run,not_requested,"[0.12387818884193975,0.02084470628292181,0.02282279038868903]","[8.072446080688255,47.97381102075231,43.81585174158094]",,,,,839666410.6086538,63.961717639119954,nan,nan,direct_vp,direct_vp,False,[],False,1.0,nan,nan,,,nan,nan,nan,False,nan,,,False,,nan,nan,,,nan,nan,nan,False,nan,,,,False,nan,nan,reliability_gated_ris_only,nan,nan,,decoupled_robust,legacy_multistart,0.0
fig5,adaptive_jones_vp_proposed,23,2043173887,20.0,snr_db,20.0,3,3,3,3,full_6d,2043173887,,,nan,,False,,37.011975429952145,5.273866163421162e-05,5.273866163421162e-05,5.147625681288089e-08,3.955847178026339e-06,1.4791299085948155e-14,0.0032753090468114897,False,direct_vp,global_exact_spherical_vp,main_single_proposed,True,59228b9473eae1c6,adaptive_jones,cpu,False,,legacy_least_squares,cpu,explicit,,legacy_least_squares_numerical,False,,,0,0,,,,,,,,fixed_pol_anchor,True,fixed_anchor_then_adaptive_jones_score_selection,fixed_pol_anchor,0.02084470628292181,0.12387818884193975,0.0558485618378502,0.0,True,3,4,3096395.999514401,nan,"[0.12387818884193975,0.02084470628292181,0.02282279038868903]","[8.072446080688255,47.97381102075231,43.81585174158094]",,direct_vp,[],3096246.541438972,3096560,True,839666410.6086538,63.961717639119954,150.1669762998099,0.005975161652919139,"[5.007648590470248,4.993271617632802,4.998085552614558]",23.397779860999435,33.70136819104664,57.715289385057986,nan,nan,nan,nan,nan,nan,nan,,,nan,nan,nan,nan,nan,nan,nan,nan,nan,,,,nan,nan,nan,nan,nan,,False,,nan,,,nan,nan,nan,,,,,,,,5.273866163421162e-05,5.147625681288089e-08,0.0032753090468114897,nan,nan,nan,False,not_run,not_requested,"[0.12387818884193975,0.02084470628292181,0.02282279038868903]","[8.072446080688255,47.97381102075231,43.81585174158094]",,,,,839666410.6086538,63.961717639119954,nan,nan,direct_vp,direct_vp,False,[],True,1.0,4.609553623049485e-05,4.609553623049485e-05,2,data_only_efim_tau_crb,0.001959922112195934,3.032544210264574e-07,3.032544210264574e-07,True,4.6398790651521303e-05,green,clock_green,False,ngc_green_skip_rescue,nan,nan,2,,nan,nan,nan,False,nan,,candidate_unavailable,ngc_green_skip_rescue,False,9.21034037197618,13.815510557964274,ngc_certified_ris_only,nan,nan,,decoupled_robust,legacy_multistart,0.0
fig5,force_rescue,23,2043173887,20.0,snr_db,20.0,3,3,3,3,full_6d,2043173887,,,nan,,False,,71.10451838606969,5.273866163421162e-05,5.273866163421162e-05,5.147625681288089e-08,3.955847178026339e-06,1.4791299085948155e-14,0.0032753090468114897,False,direct_vp_rollback,global_exact_spherical_vp,main_single_proposed,True,0a04760aab0738ba,adaptive_jones,cpu,False,,legacy_least_squares,cpu,explicit,,legacy_least_squares_numerical,False,,,0,0,,,,,,,,fixed_pol_anchor,True,fixed_anchor_then_adaptive_jones_score_selection,fixed_pol_anchor,0.02084470628292181,0.12387818884193975,0.0558485618378502,0.0,True,3,4,3096395.999514401,nan,"[0.12387818884193975,0.02084470628292181,0.02282279038868903]","[8.072446080688255,47.97381102075231,43.81585174158094]",,jnpp_then_vp,[],3096246.541438972,3096560,True,839666410.6086538,63.961717639119954,150.1669762998099,0.005975161652919139,"[5.007648590470248,4.993271617632802,4.998085552614558]",23.397779860999435,30.682472840882838,54.69639403489418,nan,nan,nan,nan,nan,nan,nan,,,nan,nan,nan,nan,nan,nan,nan,nan,nan,,,,nan,nan,nan,nan,nan,,False,,nan,,,nan,nan,nan,,,,,,,,5.273866163421162e-05,5.147625681288089e-08,0.0032753090468114897,5.273881389527792e-05,5.147629225358033e-08,0.003275309046811493,True,rollback,existing_selector_rollback,"[0.12387818884193975,0.02084470628292181,0.02282279038868903]","[8.072446080688255,47.97381102075231,43.81585174158094]",,"[0.1238781888415057,0.020844706282876796,0.02282279038862542]","[8.07244608071654,47.973811020855905,43.81585174170307]",,839666410.6086538,63.961717639119954,839666410.3902569,63.96171766318283,direct_vp,direct_vp,False,[],False,1.0,nan,nan,,,nan,nan,nan,False,nan,,,False,,nan,nan,,,nan,nan,nan,False,nan,,,,False,nan,nan,force_ris_only,1.077073534584932e-05,0.0015421496550609693,3,decoupled_robust,legacy_multistart,0.0
fig5,oracle_init_vp,23,2043173887,20.0,snr_db,20.0,3,3,3,3,full_6d,2043173887,,,nan,,False,,14.826702853897586,5.273834935230853e-05,5.273834935230853e-05,5.1476145193521055e-08,3.955845250442637e-06,1.479126921885962e-14,0.0032753090468114784,False,oracle_init_vp,global_exact_spherical_vp,,False,,adaptive_jones,cupy,True,0,cupy,cupy.linalg.solve,explicit,matrix_free,analytic_reduced_vp_explicit_gradient,False,matrix_free_cpu_only_gpu_backend,,0,0,0,0,,,,,,fixed_pol_anchor,False,,fixed_pol_anchor,nan,nan,nan,nan,False,3,4,3096725.458075429,3096813.643790969,"[0.12386500888859527,0.020842488521423796,0.02282036216999251]","[8.073305035639892,47.9789157121084,43.820514001960966]","[1.6163153341621172e-07,1.717333234058095e-08,1.3768249129302693e-09]",oracle_init_vp,"[""oracle_truth_initialization""]",nan,,,nan,nan,nan,nan,,0.0,14.825817696051672,14.825817696051672,nan,nan,nan,nan,nan,nan,nan,,,nan,nan,nan,nan,nan,nan,nan,nan,nan,,,,nan,nan,nan,nan,nan,,False,,nan,,,nan,nan,nan,,,,,,,,nan,nan,nan,nan,nan,nan,False,,,,,,,,,nan,nan,nan,nan,,,,[],False,nan,nan,nan,,,nan,nan,nan,False,nan,,,False,,nan,nan,,,nan,nan,nan,False,nan,,,,False,nan,nan,,nan,nan,,,legacy_multistart,
fig5,direct_vp,9,3933360494,20.0,snr_db,20.0,3,3,3,3,full_6d,3933360494,,,nan,,False,,130.16318807099015,1.0081491978539842e-05,1.0081491978539842e-05,5.096742201665474e-08,2.5246022849337867e-06,3.6837820726551924e-14,0.0011912266571145326,False,direct_vp,global_exact_spherical_vp,proposed_post_stage1,False,fa574e9fae21dbee,adaptive_jones,cpu,False,,legacy_least_squares,cpu,explicit,,legacy_least_squares_numerical,False,,,0,0,,,,,,,,fixed_pol_anchor,True,fixed_anchor_then_adaptive_jones_score_selection,fixed_pol_anchor,0.022523624951879144,0.044897313876274915,0.035298354528558055,0.0,True,3,10,26054027.54671069,26054228.02017504,"[0.022523624951879144,0.038474124757520094,0.044897313876274915]","[44.397826821234986,25.991494447303914,22.273047397795107]","[9.716059515084021e-07,7.423924516411452e-06,1.1580881746308848e-06]",direct_vp,[],3096586.5747798695,3096560,True,722737956.753301,76.97855349491698,238.06885492666544,0.005338591186252049,"[5.007831523127691,4.9965992323638515,4.9964163058812305]",22.35832514706999,125.3891521000769,148.90417494508438,nan,nan,nan,nan,nan,nan,nan,,,nan,nan,nan,nan,nan,nan,nan,nan,nan,,,,nan,nan,nan,nan,nan,,False,,nan,,,nan,nan,nan,,,,,,,,1.0081491978539842e-05,5.096742201665474e-08,0.0011912266571145326,nan,nan,nan,False,not_run,not_requested,"[0.022523624951879144,0.038474124757520094,0.044897313876274915]","[44.397826821234986,25.991494447303914,22.273047397795107]","[9.716059515084021e-07,7.423924516411452e-06,1.1580881746308848e-06]",,,,722737956.753301,76.97855349491698,nan,nan,direct_vp,direct_vp,False,[],False,1.0,nan,nan,,,nan,nan,nan,False,nan,,,False,,nan,nan,,,nan,nan,nan,False,nan,,,,False,nan,nan,reliability_gated,nan,nan,,decoupled_robust,legacy_multistart,0.0
fig5,old_gated,9,3933360494,20.0,snr_db,20.0,3,3,3,3,full_6d,3933360494,,,nan,,False,,110.81859254394658,1.0081491978539842e-05,1.0081491978539842e-05,5.096742201665474e-08,2.5246022849337867e-06,3.6837820726551924e-14,0.0011912266571145326,False,direct_vp,global_exact_spherical_vp,main_single_proposed,True,d62c87cc42e96fb1,adaptive_jones,cpu,False,,legacy_least_squares,cpu,explicit,,legacy_least_squares_numerical,False,,,0,0,,,,,,,,fixed_pol_anchor,True,fixed_anchor_then_adaptive_jones_score_selection,fixed_pol_anchor,0.022523624951879144,0.044897313876274915,0.035298354528558055,0.0,True,3,10,26054027.54671069,26054228.02017504,"[0.022523624951879144,0.038474124757520094,0.044897313876274915]","[44.397826821234986,25.991494447303914,22.273047397795107]","[9.716059515084021e-07,7.423924516411452e-06,1.1580881746308848e-06]",direct_vp,[],3096586.5747798695,3096560,True,722737956.753301,76.97855349491698,238.06885492666544,0.005338591186252049,"[5.007831523127691,4.9965992323638515,4.9964163058812305]",22.35832514706999,107.13049627002329,130.64551911503077,nan,nan,nan,nan,nan,nan,nan,,,nan,nan,nan,nan,nan,nan,nan,nan,nan,,,,nan,nan,nan,nan,nan,,False,,nan,,,nan,nan,nan,,,,,,,,1.0081491978539842e-05,5.096742201665474e-08,0.0011912266571145326,nan,nan,nan,False,not_run,not_requested,"[0.022523624951879144,0.038474124757520094,0.044897313876274915]","[44.397826821234986,25.991494447303914,22.273047397795107]","[9.716059515084021e-07,7.423924516411452e-06,1.1580881746308848e-06]",,,,722737956.753301,76.97855349491698,nan,nan,direct_vp,direct_vp,False,[],False,1.0,nan,nan,,,nan,nan,nan,False,nan,,,False,,nan,nan,,,nan,nan,nan,False,nan,,,,False,nan,nan,reliability_gated_ris_only,nan,nan,,decoupled_robust,legacy_multistart,0.0
fig5,adaptive_jones_vp_proposed,9,3933360494,20.0,snr_db,20.0,3,3,3,3,full_6d,3933360494,,,nan,,False,,104.46315694204532,1.0081491978539842e-05,1.0081491978539842e-05,5.096742201665474e-08,2.5246022849337867e-06,3.6837820726551924e-14,0.0011912266571145326,False,direct_vp,global_exact_spherical_vp,main_single_proposed,True,cada2b0f72270e6d,adaptive_jones,cpu,False,,legacy_least_squares,cpu,explicit,,legacy_least_squares_numerical,False,,,0,0,,,,,,,,fixed_pol_anchor,True,fixed_anchor_then_adaptive_jones_score_selection,fixed_pol_anchor,0.022523624951879144,0.044897313876274915,0.035298354528558055,0.0,True,3,10,26054027.54671069,26054228.02017504,"[0.022523624951879144,0.038474124757520094,0.044897313876274915]","[44.397826821234986,25.991494447303914,22.273047397795107]","[9.716059515084021e-07,7.423924516411452e-06,1.1580881746308848e-06]",direct_vp,[],3096586.5747798695,3096560,True,722737956.753301,76.97855349491698,238.06885492666544,0.005338591186252049,"[5.007831523127691,4.9965992323638515,4.9964163058812305]",22.35832514706999,100.98735013208352,124.502372977091,nan,nan,nan,nan,nan,nan,nan,,,nan,nan,nan,nan,nan,nan,nan,nan,nan,,,,nan,nan,nan,nan,nan,,False,,nan,,,nan,nan,nan,,,,,,,,1.0081491978539842e-05,5.096742201665474e-08,0.0011912266571145326,nan,nan,nan,False,not_run,not_requested,"[0.022523624951879144,0.038474124757520094,0.044897313876274915]","[44.397826821234986,25.991494447303914,22.273047397795107]","[9.716059515084021e-07,7.423924516411452e-06,1.1580881746308848e-06]",,,,722737956.753301,76.97855349491698,nan,nan,direct_vp,direct_vp,False,[],True,1.0,3.98775678735057e-06,3.98775678735057e-06,2,data_only_efim_tau_crb,0.0005764660142736496,2.541765617352468e-07,2.541765617352468e-07,True,4.241933349085817e-06,green,clock_green,False,ngc_green_skip_rescue,nan,nan,2,,nan,nan,nan,False,nan,,candidate_unavailable,ngc_green_skip_rescue,False,9.21034037197618,13.815510557964274,ngc_certified_ris_only,nan,nan,,decoupled_robust,legacy_multistart,0.0
fig5,force_rescue,9,3933360494,20.0,snr_db,20.0,3,3,3,3,full_6d,3933360494,,,nan,,False,,181.55219518905506,1.0081491978539842e-05,1.0081491978539842e-05,5.096742201665474e-08,2.5246022849337867e-06,3.6837820726551924e-14,0.0011912266571145326,False,direct_vp_rollback,global_exact_spherical_vp,main_single_proposed,True,02aff3b5c0c3f5a4,adaptive_jones,cpu,False,,legacy_least_squares,cpu,explicit,,legacy_least_squares_numerical,False,,,0,0,,,,,,,,fixed_pol_anchor,True,fixed_anchor_then_adaptive_jones_score_selection,fixed_pol_anchor,0.022523624951879144,0.044897313876274915,0.035298354528558055,0.0,True,3,10,26054027.54671069,26054228.02017504,"[0.022523624951879144,0.038474124757520094,0.044897313876274915]","[44.397826821234986,25.991494447303914,22.273047397795107]","[9.716059515084021e-07,7.423924516411452e-06,1.1580881746308848e-06]",jnpp_then_vp,[],3096586.5747798695,3096560,True,722737956.753301,76.97855349491698,238.06885492666544,0.005338591186252049,"[5.007831523127691,4.9965992323638515,4.9964163058812305]",22.35832514706999,98.95181847014464,122.46684131515212,nan,nan,nan,nan,nan,nan,nan,,,nan,nan,nan,nan,nan,nan,nan,nan,nan,,,,nan,nan,nan,nan,nan,,False,,nan,,,nan,nan,nan,,,,,,,,1.0081491978539842e-05,5.096742201665474e-08,0.0011912266571145326,1.0081942270264189e-05,5.096744390287535e-08,0.0011912266571145194,True,rollback,existing_selector_rollback,"[0.022523624951879144,0.038474124757520094,0.044897313876274915]","[44.397826821234986,25.991494447303914,22.273047397795107]","[9.716059515084021e-07,7.423924516411452e-06,1.1580881746308848e-06]","[0.022523624953307318,0.03847412474915143,0.04489731389094668]","[44.397826818419816,25.991494452957433,22.273047390516613]","[9.729955830772367e-07,7.408198341473051e-06,1.16367188107984e-06]",722737956.753301,76.97855349491698,722737955.3776896,76.97855365711425,direct_vp,direct_vp,False,[],False,1.0,nan,nan,,,nan,nan,nan,False,nan,,,False,,nan,nan,,,nan,nan,nan,False,nan,,,,False,nan,nan,force_ris_only,0.7000005849702715,0.0008601909655916627,3,decoupled_robust,legacy_multistart,0.0
fig5,oracle_init_vp,9,3933360494,20.0,snr_db,20.0,3,3,3,3,full_6d,3933360494,,,nan,,False,,12.673066911986098,1.008190669930339e-05,1.008190669930339e-05,5.096744144426278e-08,2.5245482992896714e-06,3.683762721466931e-14,0.0011912266571145313,False,oracle_init_vp,global_exact_spherical_vp,,False,,adaptive_jones,cupy,True,0,cupy,cupy.linalg.solve,explicit,matrix_free,analytic_reduced_vp_explicit_gradient,False,matrix_free_cpu_only_gpu_backend,,0,0,0,0,,,,,,fixed_pol_anchor,False,,fixed_pol_anchor,nan,nan,nan,nan,False,3,4,3096725.458075429,3096814.053431521,"[0.02225536997042309,0.037838680239924385,0.0348569235284423]","[44.93297578647115,26.42798304960016,28.688705105715727]","[7.569932355005278e-10,2.345689232637296e-09,2.29246306403524e-08]",oracle_init_vp,"[""oracle_truth_initialization""]",nan,,,nan,nan,nan,nan,,0.0,12.671932625118643,12.671932625118643,nan,nan,nan,nan,nan,nan,nan,,,nan,nan,nan,nan,nan,nan,nan,nan,nan,,,,nan,nan,nan,nan,nan,,False,,nan,,,nan,nan,nan,,,,,,,,nan,nan,nan,nan,nan,nan,False,,,,,,,,,nan,nan,nan,nan,,,,[],False,nan,nan,nan,,,nan,nan,nan,False,nan,,,False,,nan,nan,,,nan,nan,nan,False,nan,,,,False,nan,nan,,nan,nan,,,legacy_multistart,
fig5,direct_vp,11,3685333214,20.0,snr_db,20.0,3,3,3,3,full_6d,3685333214,,,nan,,False,,138.17489442089573,3.0820596121846736e-06,3.0820596121846736e-06,2.5862416461662176e-08,1.3094636713253858e-06,5.687129060311037e-14,0.002863128180576655,False,direct_vp,global_exact_spherical_vp,proposed_post_stage1,False,eafdebfa43932369,adaptive_jones,cpu,False,,legacy_least_squares,cpu,explicit,,legacy_least_squares_numerical,False,,,0,0,,,,,,,,fixed_pol_anchor,True,fixed_anchor_then_adaptive_jones_score_selection,fixed_pol_anchor,0.012245468279040187,0.33014585843649374,0.14236522831902435,0.0,True,3,10,13764095.829427794,13798443.146504477,"[0.33014585843649374,0.012245468279040187,0.08470435824153913]","[3.0289642424577865,81.6628631272212,11.805767976523244]","[1.5216820072718312e-05,1.9873015231317635e-07,2.7076941736974527e-07]",direct_vp,[],3091929.023991335,3096560,True,599963214.4880079,91.98069402915935,77.13056450633415,0.02380728643136094,"[5.048671415309044,4.996830306209862,4.999622619407441]",23.143492500996217,132.80789122497663,157.02748342906125,nan,nan,nan,nan,nan,nan,nan,,,nan,nan,nan,nan,nan,nan,nan,nan,nan,,,,nan,nan,nan,nan,nan,,False,,nan,,,nan,nan,nan,,,,,,,,3.0820596121846736e-06,2.5862416461662176e-08,0.002863128180576655,nan,nan,nan,False,not_run,not_requested,"[0.33014585843649374,0.012245468279040187,0.08470435824153913]","[3.0289642424577865,81.6628631272212,11.805767976523244]","[1.5216820072718312e-05,1.9873015231317635e-07,2.7076941736974527e-07]",,,,599963214.4880079,91.98069402915935,nan,nan,direct_vp,direct_vp,False,[],False,1.0,nan,nan,,,nan,nan,nan,False,nan,,,False,,nan,nan,,,nan,nan,nan,False,nan,,,,False,nan,nan,reliability_gated,nan,nan,,decoupled_robust,legacy_multistart,0.0
fig5,old_gated,11,3685333214,20.0,snr_db,20.0,3,3,3,3,full_6d,3685333214,,,nan,,False,,138.97561594983563,3.0820596121846736e-06,3.0820596121846736e-06,2.5862416461662176e-08,1.3094636713253858e-06,5.687129060311037e-14,0.002863128180576655,False,direct_vp,global_exact_spherical_vp,main_single_proposed,True,81e82b8ab83de415,adaptive_jones,cpu,False,,legacy_least_squares,cpu,explicit,,legacy_least_squares_numerical,False,,,0,0,,,,,,,,fixed_pol_anchor,True,fixed_anchor_then_adaptive_jones_score_selection,fixed_pol_anchor,0.012245468279040187,0.33014585843649374,0.14236522831902435,0.0,True,3,10,13764095.829427794,13798443.146504477,"[0.33014585843649374,0.012245468279040187,0.08470435824153913]","[3.0289642424577865,81.6628631272212,11.805767976523244]","[1.5216820072718312e-05,1.9873015231317635e-07,2.7076941736974527e-07]",direct_vp,[],3091929.023991335,3096560,True,599963214.4880079,91.98069402915935,77.13056450633415,0.02380728643136094,"[5.048671415309044,4.996830306209862,4.999622619407441]",23.143492500996217,134.10917296190746,158.32876516599208,nan,nan,nan,nan,nan,nan,nan,,,nan,nan,nan,nan,nan,nan,nan,nan,nan,,,,nan,nan,nan,nan,nan,,False,,nan,,,nan,nan,nan,,,,,,,,3.0820596121846736e-06,2.5862416461662176e-08,0.002863128180576655,nan,nan,nan,False,not_run,not_requested,"[0.33014585843649374,0.012245468279040187,0.08470435824153913]","[3.0289642424577865,81.6628631272212,11.805767976523244]","[1.5216820072718312e-05,1.9873015231317635e-07,2.7076941736974527e-07]",,,,599963214.4880079,91.98069402915935,nan,nan,direct_vp,direct_vp,False,[],False,1.0,nan,nan,,,nan,nan,nan,False,nan,,,False,,nan,nan,,,nan,nan,nan,False,nan,,,,False,nan,nan,reliability_gated_ris_only,nan,nan,,decoupled_robust,legacy_multistart,0.0
fig5,adaptive_jones_vp_proposed,11,3685333214,20.0,snr_db,20.0,3,3,3,3,full_6d,3685333214,,,nan,,False,,114.85309158987366,3.0820596121846736e-06,3.0820596121846736e-06,2.5862416461662176e-08,1.3094636713253858e-06,5.687129060311037e-14,0.002863128180576655,False,direct_vp,global_exact_spherical_vp,main_single_proposed,True,748c89a8653d53d3,adaptive_jones,cpu,False,,legacy_least_squares,cpu,explicit,,legacy_least_squares_numerical,False,,,0,0,,,,,,,,fixed_pol_anchor,True,fixed_anchor_then_adaptive_jones_score_selection,fixed_pol_anchor,0.012245468279040187,0.33014585843649374,0.14236522831902435,0.0,True,3,10,13764095.829427794,13798443.146504477,"[0.33014585843649374,0.012245468279040187,0.08470435824153913]","[3.0289642424577865,81.6628631272212,11.805767976523244]","[1.5216820072718312e-05,1.9873015231317635e-07,2.7076941736974527e-07]",direct_vp,[],3091929.023991335,3096560,True,599963214.4880079,91.98069402915935,77.13056450633415,0.02380728643136094,"[5.048671415309044,4.996830306209862,4.999622619407441]",23.143492500996217,110.71143625094555,134.93102845503017,nan,nan,nan,nan,nan,nan,nan,,,nan,nan,nan,nan,nan,nan,nan,nan,nan,,,,nan,nan,nan,nan,nan,,False,,nan,,,nan,nan,nan,,,,,,,,3.0820596121846736e-06,2.5862416461662176e-08,0.002863128180576655,nan,nan,nan,False,not_run,not_requested,"[0.33014585843649374,0.012245468279040187,0.08470435824153913]","[3.0289642424577865,81.6628631272212,11.805767976523244]","[1.5216820072718312e-05,1.9873015231317635e-07,2.7076941736974527e-07]",,,,599963214.4880079,91.98069402915935,nan,nan,direct_vp,direct_vp,False,[],True,1.0,0.0004869098468022043,0.0004869098468022043,2,data_only_efim_tau_crb,0.006369915271559769,2.5249330566930002e-06,2.5249330566930002e-06,True,0.0004894347798588973,green,clock_green,False,ngc_green_skip_rescue,nan,nan,2,,nan,nan,nan,False,nan,,candidate_unavailable,ngc_green_skip_rescue,False,9.21034037197618,13.815510557964274,ngc_certified_ris_only,nan,nan,,decoupled_robust,legacy_multistart,0.0
fig5,force_rescue,11,3685333214,20.0,snr_db,20.0,3,3,3,3,full_6d,3685333214,,,nan,,False,,121.51451953290962,3.0820596121846736e-06,3.0820596121846736e-06,2.5862416461662176e-08,1.3094636713253858e-06,5.687129060311037e-14,0.002863128180576655,False,direct_vp_rollback,global_exact_spherical_vp,main_single_proposed,True,ca8913cffaa4e2d6,adaptive_jones,cpu,False,,legacy_least_squares,cpu,explicit,,legacy_least_squares_numerical,False,,,0,0,,,,,,,,fixed_pol_anchor,True,fixed_anchor_then_adaptive_jones_score_selection,fixed_pol_anchor,0.012245468279040187,0.33014585843649374,0.14236522831902435,0.0,True,3,10,13764095.829427794,13798443.146504477,"[0.33014585843649374,0.012245468279040187,0.08470435824153913]","[3.0289642424577865,81.6628631272212,11.805767976523244]","[1.5216820072718312e-05,1.9873015231317635e-07,2.7076941736974527e-07]",jnpp_then_vp,[],3091929.023991335,3096560,True,599963214.4880079,91.98069402915935,77.13056450633415,0.02380728643136094,"[5.048671415309044,4.996830306209862,4.999622619407441]",23.143492500996217,77.82038687798195,102.03997908206657,nan,nan,nan,nan,nan,nan,nan,,,nan,nan,nan,nan,nan,nan,nan,nan,nan,,,,nan,nan,nan,nan,nan,,False,,nan,,,nan,nan,nan,,,,,,,,3.0820596121846736e-06,2.5862416461662176e-08,0.002863128180576655,3.081824691890951e-06,2.5862149950787225e-08,0.0028631281805766512,True,rollback,existing_selector_rollback,"[0.33014585843649374,0.012245468279040187,0.08470435824153913]","[3.0289642424577865,81.6628631272212,11.805767976523244]","[1.5216820072718312e-05,1.9873015231317635e-07,2.7076941736974527e-07]","[0.33014586074563285,0.012245468267627494,0.08470435832925052]","[3.0289642212723025,81.66286320333045,11.805767964298365]","[1.4061508366269592e-05,1.8811333414713918e-07,3.2716768287134136e-07]",599963214.4880079,91.98069402915935,599963215.3233197,91.98069388778289,direct_vp,direct_vp,False,[],False,1.0,nan,nan,,,nan,nan,nan,False,nan,,,False,,nan,nan,,,nan,nan,nan,False,nan,,,,False,nan,nan,force_ris_only,0.7000000237005102,0.0015941362303282874,3,decoupled_robust,legacy_multistart,0.0
fig5,oracle_init_vp,11,3685333214,20.0,snr_db,20.0,3,3,3,3,full_6d,3685333214,,,nan,,False,,9.99689508904703,3.0826551397092924e-06,3.0826551397092924e-06,2.5862429195856508e-08,1.3095723735665856e-06,5.687124800780862e-14,0.0028631281805766395,False,oracle_init_vp,global_exact_spherical_vp,,False,,adaptive_jones,cupy,True,0,cupy,cupy.linalg.solve,explicit,matrix_free,analytic_reduced_vp_explicit_gradient,False,matrix_free_cpu_only_gpu_backend,,0,0,0,0,,,,,,fixed_pol_anchor,False,,fixed_pol_anchor,nan,nan,nan,nan,False,3,4,3096725.458075429,3096805.7877037856,"[0.3248566247217418,0.012081405251181912,0.07058746894462314]","[3.0782810750934573,82.7718282111395,14.166820470421506]","[6.075463257298592e-08,2.5872139142769308e-09,2.89831726647044e-08]",oracle_init_vp,"[""oracle_truth_initialization""]",nan,,,nan,nan,nan,nan,,0.0,9.995853611966595,9.995853611966595,nan,nan,nan,nan,nan,nan,nan,,,nan,nan,nan,nan,nan,nan,nan,nan,nan,,,,nan,nan,nan,nan,nan,,False,,nan,,,nan,nan,nan,,,,,,,,nan,nan,nan,nan,nan,nan,False,,,,,,,,,nan,nan,nan,nan,,,,[],False,nan,nan,nan,,,nan,nan,nan,False,nan,,,False,,nan,nan,,,nan,nan,nan,False,nan,,,,False,nan,nan,,nan,nan,,,legacy_multistart,
fig5,direct_vp,18,3644258948,20.0,snr_db,20.0,3,3,3,3,full_6d,3644258948,,,nan,,False,,132.4840570029337,1.6317253357737245e-05,1.6317253357737245e-05,3.679638445716909e-08,1.3453898042933897e-05,1.533755118108807e-13,0.004394780818254247,False,direct_vp,global_exact_spherical_vp,proposed_post_stage1,False,b0d7d9620e2caa5b,adaptive_jones,cpu,False,,legacy_least_squares,cpu,explicit,,legacy_least_squares_numerical,False,,,0,0,,,,,,,,fixed_pol_anchor,True,fixed_anchor_then_adaptive_jones_score_selection,fixed_pol_anchor,0.016577261049801933,0.10906579856524706,0.06364018402931675,0.0,True,3,10,49826929.37138458,49847024.132507436,"[0.06527749247290124,0.10906579856524706,0.016577261049801933]","[15.319215890761528,9.168777134122895,60.32359609924412]","[6.673480162574856e-07,3.056069334925919e-05,2.3155361229736475e-08]",direct_vp,[],3093957.5276171737,3096560,True,805773403.2457184,80.87678925090312,244.071309370305,0.0098494462011128,"[5.0100082340493675,5.021915995654049,4.99779054179698]",28.270466514164582,127.12197908991948,156.32915134099312,nan,nan,nan,nan,nan,nan,nan,,,nan,nan,nan,nan,nan,nan,nan,nan,nan,,,,nan,nan,nan,nan,nan,,False,,nan,,,nan,nan,nan,,,,,,,,1.6317253357737245e-05,3.679638445716909e-08,0.004394780818254247,nan,nan,nan,False,not_run,not_requested,"[0.06527749247290124,0.10906579856524706,0.016577261049801933]","[15.319215890761528,9.168777134122895,60.32359609924412]","[6.673480162574856e-07,3.056069334925919e-05,2.3155361229736475e-08]",,,,805773403.2457184,80.87678925090312,nan,nan,direct_vp,direct_vp,False,[],False,1.0,nan,nan,,,nan,nan,nan,False,nan,,,False,,nan,nan,,,nan,nan,nan,False,nan,,,,False,nan,nan,reliability_gated,nan,nan,,decoupled_robust,legacy_multistart,0.0
fig5,old_gated,18,3644258948,20.0,snr_db,20.0,3,3,3,3,full_6d,3644258948,,,nan,,False,,96.34860645001754,1.6317253357737245e-05,1.6317253357737245e-05,3.679638445716909e-08,1.3453898042933897e-05,1.533755118108807e-13,0.004394780818254247,False,direct_vp,global_exact_spherical_vp,main_single_proposed,True,611c467e70f1eb2f,adaptive_jones,cpu,False,,legacy_least_squares,cpu,explicit,,legacy_least_squares_numerical,False,,,0,0,,,,,,,,fixed_pol_anchor,True,fixed_anchor_then_adaptive_jones_score_selection,fixed_pol_anchor,0.016577261049801933,0.10906579856524706,0.06364018402931675,0.0,True,3,10,49826929.37138458,49847024.132507436,"[0.06527749247290124,0.10906579856524706,0.016577261049801933]","[15.319215890761528,9.168777134122895,60.32359609924412]","[6.673480162574856e-07,3.056069334925919e-05,2.3155361229736475e-08]",direct_vp,[],3093957.5276171737,3096560,True,805773403.2457184,80.87678925090312,244.071309370305,0.0098494462011128,"[5.0100082340493675,5.021915995654049,4.99779054179698]",28.270466514164582,92.83984340587631,122.04701565694995,nan,nan,nan,nan,nan,nan,nan,,,nan,nan,nan,nan,nan,nan,nan,nan,nan,,,,nan,nan,nan,nan,nan,,False,,nan,,,nan,nan,nan,,,,,,,,1.6317253357737245e-05,3.679638445716909e-08,0.004394780818254247,nan,nan,nan,False,not_run,not_requested,"[0.06527749247290124,0.10906579856524706,0.016577261049801933]","[15.319215890761528,9.168777134122895,60.32359609924412]","[6.673480162574856e-07,3.056069334925919e-05,2.3155361229736475e-08]",,,,805773403.2457184,80.87678925090312,nan,nan,direct_vp,direct_vp,False,[],False,1.0,nan,nan,,,nan,nan,nan,False,nan,,,False,,nan,nan,,,nan,nan,nan,False,nan,,,,False,nan,nan,reliability_gated_ris_only,nan,nan,,decoupled_robust,legacy_multistart,0.0
fig5,adaptive_jones_vp_proposed,18,3644258948,20.0,snr_db,20.0,3,3,3,3,full_6d,3644258948,,,nan,,False,,61.026098954025656,1.6317253357737245e-05,1.6317253357737245e-05,3.679638445716909e-08,1.3453898042933897e-05,1.533755118108807e-13,0.004394780818254247,False,direct_vp,global_exact_spherical_vp,main_single_proposed,True,3ecca6a1f51d5a99,adaptive_jones,cpu,False,,legacy_least_squares,cpu,explicit,,legacy_least_squares_numerical,False,,,0,0,,,,,,,,fixed_pol_anchor,True,fixed_anchor_then_adaptive_jones_score_selection,fixed_pol_anchor,0.016577261049801933,0.10906579856524706,0.06364018402931675,0.0,True,3,10,49826929.37138458,49847024.132507436,"[0.06527749247290124,0.10906579856524706,0.016577261049801933]","[15.319215890761528,9.168777134122895,60.32359609924412]","[6.673480162574856e-07,3.056069334925919e-05,2.3155361229736475e-08]",direct_vp,[],3093957.5276171737,3096560,True,805773403.2457184,80.87678925090312,244.071309370305,0.0098494462011128,"[5.0100082340493675,5.021915995654049,4.99779054179698]",28.270466514164582,57.9559463749174,87.16311862599105,nan,nan,nan,nan,nan,nan,nan,,,nan,nan,nan,nan,nan,nan,nan,nan,nan,,,,nan,nan,nan,nan,nan,,False,,nan,,,nan,nan,nan,,,,,,,,1.6317253357737245e-05,3.679638445716909e-08,0.004394780818254247,nan,nan,nan,False,not_run,not_requested,"[0.06527749247290124,0.10906579856524706,0.016577261049801933]","[15.319215890761528,9.168777134122895,60.32359609924412]","[6.673480162574856e-07,3.056069334925919e-05,2.3155361229736475e-08]",,,,805773403.2457184,80.87678925090312,nan,nan,direct_vp,direct_vp,False,[],True,1.0,4.0991666540460075e-05,4.0991666540460075e-05,2,data_only_efim_tau_crb,0.001848234890836391,8.077102663522253e-07,8.077102663522253e-07,True,4.17993768068123e-05,green,clock_green,False,ngc_green_skip_rescue,nan,nan,2,,nan,nan,nan,False,nan,,candidate_unavailable,ngc_green_skip_rescue,False,9.21034037197618,13.815510557964274,ngc_certified_ris_only,nan,nan,,decoupled_robust,legacy_multistart,0.0
fig5,force_rescue,18,3644258948,20.0,snr_db,20.0,3,3,3,3,full_6d,3644258948,,,nan,,False,,127.18806833587587,1.6317253357737245e-05,1.6317253357737245e-05,3.679638445716909e-08,1.3453898042933897e-05,1.533755118108807e-13,0.004394780818254247,False,direct_vp_rollback,global_exact_spherical_vp,main_single_proposed,True,237310c8d68ab745,adaptive_jones,cpu,False,,legacy_least_squares,cpu,explicit,,legacy_least_squares_numerical,False,,,0,0,,,,,,,,fixed_pol_anchor,True,fixed_anchor_then_adaptive_jones_score_selection,fixed_pol_anchor,0.016577261049801933,0.10906579856524706,0.06364018402931675,0.0,True,3,10,49826929.37138458,49847024.132507436,"[0.06527749247290124,0.10906579856524706,0.016577261049801933]","[15.319215890761528,9.168777134122895,60.32359609924412]","[6.673480162574856e-07,3.056069334925919e-05,2.3155361229736475e-08]",jnpp_then_vp,[],3093957.5276171737,3096560,True,805773403.2457184,80.87678925090312,244.071309370305,0.0098494462011128,"[5.0100082340493675,5.021915995654049,4.99779054179698]",28.270466514164582,72.86829248303548,102.07546473410912,nan,nan,nan,nan,nan,nan,nan,,,nan,nan,nan,nan,nan,nan,nan,nan,nan,,,,nan,nan,nan,nan,nan,,False,,nan,,,nan,nan,nan,,,,,,,,1.6317253357737245e-05,3.679638445716909e-08,0.004394780818254247,1.63170551580718e-05,3.6796002004583766e-08,0.004394780818254234,True,rollback,existing_selector_rollback,"[0.06527749247290124,0.10906579856524706,0.016577261049801933]","[15.319215890761528,9.168777134122895,60.32359609924412]","[6.673480162574856e-07,3.056069334925919e-05,2.3155361229736475e-08]","[0.06527749229435113,0.10906579834830482,0.01657726106754464]","[15.319215932663377,9.168777152360464,60.32359603467955]","[6.672377588578381e-07,3.065905503181032e-05,2.3424757308130914e-08]",805773403.2457184,80.87678925090312,805773403.381454,80.87678923372384,direct_vp,direct_vp,False,[],False,1.0,nan,nan,,,nan,nan,nan,False,nan,,,False,,nan,nan,,,nan,nan,nan,False,nan,,,,False,nan,nan,force_ris_only,0.7000000160565122,0.009173387319964062,3,decoupled_robust,legacy_multistart,0.0
fig5,oracle_init_vp,18,3644258948,20.0,snr_db,20.0,3,3,3,3,full_6d,3644258948,,,nan,,False,,11.928374567069113,1.6317019892747358e-05,1.6317019892747358e-05,3.679600300992422e-08,1.3453936646281126e-05,1.5337327224902256e-13,0.004394780818254257,False,oracle_init_vp,global_exact_spherical_vp,,False,,adaptive_jones,cupy,True,0,cupy,cupy.linalg.solve,explicit,matrix_free,analytic_reduced_vp_explicit_gradient,False,matrix_free_cpu_only_gpu_backend,,0,0,0,0,,,,,,fixed_pol_anchor,False,,fixed_pol_anchor,nan,nan,nan,nan,False,3,4,3096725.458075429,3096811.077598707,"[0.06496554769574689,0.10822506120731357,0.013315433477951206]","[15.39277410056226,9.240004014267209,75.1008220390173]","[1.1320805470581294e-08,1.0036449848392053e-10,6.691399779259085e-09]",oracle_init_vp,"[""oracle_truth_initialization""]",nan,,,nan,nan,nan,nan,,0.0,11.92742727487348,11.92742727487348,nan,nan,nan,nan,nan,nan,nan,,,nan,nan,nan,nan,nan,nan,nan,nan,nan,,,,nan,nan,nan,nan,nan,,False,,nan,,,nan,nan,nan,,,,,,,,nan,nan,nan,nan,nan,nan,False,,,,,,,,,nan,nan,nan,nan,,,,[],False,nan,nan,nan,,,nan,nan,nan,False,nan,,,False,,nan,nan,,,nan,nan,nan,False,nan,,,,False,nan,nan,,nan,nan,,,legacy_multistart,
fig5,direct_vp,12,2210497206,20.0,snr_db,20.0,3,3,3,3,full_6d,2210497206,,,nan,,False,,155.85208125784993,3.977212802930782e-05,3.977212802930782e-05,3.0246969274894874e-08,1.3840584228700633e-06,2.8697595207185334e-14,0.004559175759387141,False,direct_vp,global_exact_spherical_vp,proposed_post_stage1,False,27218aecbd140787,adaptive_jones,cpu,False,,legacy_least_squares,cpu,explicit,,legacy_least_squares_numerical,False,,,0,0,,,,,,,,fixed_pol_anchor,True,fixed_anchor_then_adaptive_jones_score_selection,fixed_pol_anchor,0.024551313936070733,0.05254675914283006,0.03775937565997239,0.0,True,3,10,42673193.31493409,42675090.70159401,"[0.05254675914283006,0.03618005390101637,0.024551313936070733]","[19.030669375475583,27.639538700960085,40.73101759864582]","[7.820921966766744e-06,1.0260056417701918e-06,2.990550797558797e-08]",direct_vp,[],3098867.910938511,3096560,True,908863914.175841,71.50821866816014,238.96952960014596,0.0016508300844197573,"[5.0059970454824345,5.0089286877865105,5.005050878884705]",44.17040792200714,150.38999843015336,195.54172052326612,nan,nan,nan,nan,nan,nan,nan,,,nan,nan,nan,nan,nan,nan,nan,nan,nan,,,,nan,nan,nan,nan,nan,,False,,nan,,,nan,nan,nan,,,,,,,,3.977212802930782e-05,3.0246969274894874e-08,0.004559175759387141,nan,nan,nan,False,not_run,not_requested,"[0.05254675914283006,0.03618005390101637,0.024551313936070733]","[19.030669375475583,27.639538700960085,40.73101759864582]","[7.820921966766744e-06,1.0260056417701918e-06,2.990550797558797e-08]",,,,908863914.175841,71.50821866816014,nan,nan,direct_vp,direct_vp,False,[],False,1.0,nan,nan,,,nan,nan,nan,False,nan,,,False,,nan,nan,,,nan,nan,nan,False,nan,,,,False,nan,nan,reliability_gated,nan,nan,,decoupled_robust,legacy_multistart,0.0
fig5,old_gated,12,2210497206,20.0,snr_db,20.0,3,3,3,3,full_6d,2210497206,,,nan,,False,,138.8298518678639,3.977212802930782e-05,3.977212802930782e-05,3.0246969274894874e-08,1.3840584228700633e-06,2.8697595207185334e-14,0.004559175759387141,False,direct_vp,global_exact_spherical_vp,main_single_proposed,True,93e180e822bdcc10,adaptive_jones,cpu,False,,legacy_least_squares,cpu,explicit,,legacy_least_squares_numerical,False,,,0,0,,,,,,,,fixed_pol_anchor,True,fixed_anchor_then_adaptive_jones_score_selection,fixed_pol_anchor,0.024551313936070733,0.05254675914283006,0.03775937565997239,0.0,True,3,10,42673193.31493409,42675090.70159401,"[0.05254675914283006,0.03618005390101637,0.024551313936070733]","[19.030669375475583,27.639538700960085,40.73101759864582]","[7.820921966766744e-06,1.0260056417701918e-06,2.990550797558797e-08]",direct_vp,[],3098867.910938511,3096560,True,908863914.175841,71.50821866816014,238.96952960014596,0.0016508300844197573,"[5.0059970454824345,5.0089286877865105,5.005050878884705]",44.17040792200714,133.58682517893612,178.7385472720489,nan,nan,nan,nan,nan,nan,nan,,,nan,nan,nan,nan,nan,nan,nan,nan,nan,,,,nan,nan,nan,nan,nan,,False,,nan,,,nan,nan,nan,,,,,,,,3.977212802930782e-05,3.0246969274894874e-08,0.004559175759387141,nan,nan,nan,False,not_run,not_requested,"[0.05254675914283006,0.03618005390101637,0.024551313936070733]","[19.030669375475583,27.639538700960085,40.73101759864582]","[7.820921966766744e-06,1.0260056417701918e-06,2.990550797558797e-08]",,,,908863914.175841,71.50821866816014,nan,nan,direct_vp,direct_vp,False,[],False,1.0,nan,nan,,,nan,nan,nan,False,nan,,,False,,nan,nan,,,nan,nan,nan,False,nan,,,,False,nan,nan,reliability_gated_ris_only,nan,nan,,decoupled_robust,legacy_multistart,0.0
fig5,adaptive_jones_vp_proposed,12,2210497206,20.0,snr_db,20.0,3,3,3,3,full_6d,2210497206,,,nan,,False,,116.3393202200532,3.977212802930782e-05,3.977212802930782e-05,3.0246969274894874e-08,1.3840584228700633e-06,2.8697595207185334e-14,0.004559175759387141,False,direct_vp,global_exact_spherical_vp,main_single_proposed,True,ccd7012c63d405dd,adaptive_jones,cpu,False,,legacy_least_squares,cpu,explicit,,legacy_least_squares_numerical,False,,,0,0,,,,,,,,fixed_pol_anchor,True,fixed_anchor_then_adaptive_jones_score_selection,fixed_pol_anchor,0.024551313936070733,0.05254675914283006,0.03775937565997239,0.0,True,3,10,42673193.31493409,42675090.70159401,"[0.05254675914283006,0.03618005390101637,0.024551313936070733]","[19.030669375475583,27.639538700960085,40.73101759864582]","[7.820921966766744e-06,1.0260056417701918e-06,2.990550797558797e-08]",direct_vp,[],3098867.910938511,3096560,True,908863914.175841,71.50821866816014,238.96952960014596,0.0016508300844197573,"[5.0059970454824345,5.0089286877865105,5.005050878884705]",44.17040792200714,112.66883615893312,157.82055825204588,nan,nan,nan,nan,nan,nan,nan,,,nan,nan,nan,nan,nan,nan,nan,nan,nan,,,,nan,nan,nan,nan,nan,,False,,nan,,,nan,nan,nan,,,,,,,,3.977212802930782e-05,3.0246969274894874e-08,0.004559175759387141,nan,nan,nan,False,not_run,not_requested,"[0.05254675914283006,0.03618005390101637,0.024551313936070733]","[19.030669375475583,27.639538700960085,40.73101759864582]","[7.820921966766744e-06,1.0260056417701918e-06,2.990550797558797e-08]",,,,908863914.175841,71.50821866816014,nan,nan,direct_vp,direct_vp,False,[],True,1.0,1.1845642120149366e-06,1.1845642120149366e-06,2,data_only_efim_tau_crb,0.0003141873395517045,1.9435044827859067e-07,1.9435044827859067e-07,True,1.3789146602935273e-06,green,clock_green,False,ngc_green_skip_rescue,nan,nan,2,,nan,nan,nan,False,nan,,candidate_unavailable,ngc_green_skip_rescue,False,9.21034037197618,13.815510557964274,ngc_certified_ris_only,nan,nan,,decoupled_robust,legacy_multistart,0.0
fig5,force_rescue,12,2210497206,20.0,snr_db,20.0,3,3,3,3,full_6d,2210497206,,,nan,,False,,116.5358727579005,3.977212802930782e-05,3.977212802930782e-05,3.0246969274894874e-08,1.3840584228700633e-06,2.8697595207185334e-14,0.004559175759387141,False,direct_vp_rollback,global_exact_spherical_vp,main_single_proposed,True,52f5455c0d414002,adaptive_jones,cpu,False,,legacy_least_squares,cpu,explicit,,legacy_least_squares_numerical,False,,,0,0,,,,,,,,fixed_pol_anchor,True,fixed_anchor_then_adaptive_jones_score_selection,fixed_pol_anchor,0.024551313936070733,0.05254675914283006,0.03775937565997239,0.0,True,3,10,42673193.31493409,42675090.70159401,"[0.05254675914283006,0.03618005390101637,0.024551313936070733]","[19.030669375475583,27.639538700960085,40.73101759864582]","[7.820921966766744e-06,1.0260056417701918e-06,2.990550797558797e-08]",jnpp_then_vp,[],3098867.910938511,3096560,True,908863914.175841,71.50821866816014,238.96952960014596,0.0016508300844197573,"[5.0059970454824345,5.0089286877865105,5.005050878884705]",44.17040792200714,71.25754770706408,116.40926980017684,nan,nan,nan,nan,nan,nan,nan,,,nan,nan,nan,nan,nan,nan,nan,nan,nan,,,,nan,nan,nan,nan,nan,,False,,nan,,,nan,nan,nan,,,,,,,,3.977212802930782e-05,3.0246969274894874e-08,0.004559175759387141,3.977307572328121e-05,3.024751955599978e-08,0.004559175759387118,True,rollback,existing_selector_rollback,"[0.05254675914283006,0.03618005390101637,0.024551313936070733]","[19.030669375475583,27.639538700960085,40.73101759864582]","[7.820921966766744e-06,1.0260056417701918e-06,2.990550797558797e-08]","[0.05254675947333366,0.036180053849915565,0.024551313868179468]","[19.03066925577829,27.639538739998244,40.731017711278504]","[7.742984419183278e-06,1.0266724192421399e-06,1.840867509791851e-08]",908863914.175841,71.50821866816014,908863914.9293472,71.50821859627268,direct_vp,direct_vp,False,[],False,1.0,nan,nan,,,nan,nan,nan,False,nan,,,False,,nan,nan,,,nan,nan,nan,False,nan,,,,False,nan,nan,force_ris_only,0.7000006220176065,0.0012170542531244946,3,decoupled_robust,legacy_multistart,0.0
fig5,oracle_init_vp,12,2210497206,20.0,snr_db,20.0,3,3,3,3,full_6d,2210497206,,,nan,,False,,10.79409805405885,3.97735508765494e-05,3.97735508765494e-05,3.024737849545185e-08,1.3839978744147157e-06,2.869766382626607e-14,0.004559175759387116,False,oracle_init_vp,global_exact_spherical_vp,,False,,adaptive_jones,cupy,True,0,cupy,cupy.linalg.solve,explicit,matrix_free,analytic_reduced_vp_explicit_gradient,False,matrix_free_cpu_only_gpu_backend,,0,0,0,0,,,,,,fixed_pol_anchor,False,,fixed_pol_anchor,nan,nan,nan,nan,False,3,4,3096725.458075429,3096814.2846619193,"[0.051487972724690696,0.03565693250110165,0.018956836648018335]","[19.422011531644664,28.04503724399368,52.75141726267482]","[6.216499636309872e-09,5.021575357665195e-09,1.5228094783626714e-08]",oracle_init_vp,"[""oracle_truth_initialization""]",nan,,,nan,nan,nan,nan,,0.0,10.793053881963715,10.793053881963715,nan,nan,nan,nan,nan,nan,nan,,,nan,nan,nan,nan,nan,nan,nan,nan,nan,,,,nan,nan,nan,nan,nan,,False,,nan,,,nan,nan,nan,,,,,,,,nan,nan,nan,nan,nan,nan,False,,,,,,,,,nan,nan,nan,nan,,,,[],False,nan,nan,nan,,,nan,nan,nan,False,nan,,,False,,nan,nan,,,nan,nan,nan,False,nan,,,,False,nan,nan,,nan,nan,,,legacy_multistart,
fig5,direct_vp,14,1092560480,20.0,snr_db,20.0,3,3,3,3,full_6d,1092560480,,,nan,,False,,173.88222128595226,3.500758729821603e-05,3.500758729821603e-05,6.069061659478243e-08,2.502111336103046e-05,6.896382702825321e-14,0.002161752975398424,False,direct_vp,global_exact_spherical_vp,proposed_post_stage1,False,900e418027968339,adaptive_jones,cpu,False,,legacy_least_squares,cpu,explicit,,legacy_least_squares_numerical,False,,,0,0,,,,,,,,fixed_pol_anchor,True,fixed_anchor_then_adaptive_jones_score_selection,fixed_pol_anchor,0.02737828667230866,0.03787749195178826,0.033691153619215104,0.0,True,3,10,29964914.75796718,29965250.49945115,"[0.03787749195178826,0.0358176822335484,0.02737828667230866]","[26.400903240182735,27.919171136744318,36.525295098593844]","[4.1533412359499896e-07,1.2642208611387216e-06,6.183607371946536e-08]",direct_vp,[],3094527.3668937758,3096560,True,793658829.0598501,68.82118815618014,171.45177276452856,0.004879412791142745,"[5.008391932559439,4.997112949878785,4.999327908607821]",32.25223470595665,166.90353575209156,199.87922083889134,nan,nan,nan,nan,nan,nan,nan,,,nan,nan,nan,nan,nan,nan,nan,nan,nan,,,,nan,nan,nan,nan,nan,,False,,nan,,,nan,nan,nan,,,,,,,,3.500758729821603e-05,6.069061659478243e-08,0.002161752975398424,nan,nan,nan,False,not_run,not_requested,"[0.03787749195178826,0.0358176822335484,0.02737828667230866]","[26.400903240182735,27.919171136744318,36.525295098593844]","[4.1533412359499896e-07,1.2642208611387216e-06,6.183607371946536e-08]",,,,793658829.0598501,68.82118815618014,nan,nan,direct_vp,direct_vp,False,[],False,1.0,nan,nan,,,nan,nan,nan,False,nan,,,False,,nan,nan,,,nan,nan,nan,False,nan,,,,False,nan,nan,reliability_gated,nan,nan,,decoupled_robust,legacy_multistart,0.0
fig5,old_gated,14,1092560480,20.0,snr_db,20.0,3,3,3,3,full_6d,1092560480,,,nan,,False,,163.8252722248435,3.500758729821603e-05,3.500758729821603e-05,6.069061659478243e-08,2.502111336103046e-05,6.896382702825321e-14,0.002161752975398424,False,direct_vp,global_exact_spherical_vp,main_single_proposed,True,28ec8b85b0fb3804,adaptive_jones,cpu,False,,legacy_least_squares,cpu,explicit,,legacy_least_squares_numerical,False,,,0,0,,,,,,,,fixed_pol_anchor,True,fixed_anchor_then_adaptive_jones_score_selection,fixed_pol_anchor,0.02737828667230866,0.03787749195178826,0.033691153619215104,0.0,True,3,10,29964914.75796718,29965250.49945115,"[0.03787749195178826,0.0358176822335484,0.02737828667230866]","[26.400903240182735,27.919171136744318,36.525295098593844]","[4.1533412359499896e-07,1.2642208611387216e-06,6.183607371946536e-08]",direct_vp,[],3094527.3668937758,3096560,True,793658829.0598501,68.82118815618014,171.45177276452856,0.004879412791142745,"[5.008391932559439,4.997112949878785,4.999327908607821]",32.25223470595665,159.32531804707833,192.3010031338781,nan,nan,nan,nan,nan,nan,nan,,,nan,nan,nan,nan,nan,nan,nan,nan,nan,,,,nan,nan,nan,nan,nan,,False,,nan,,,nan,nan,nan,,,,,,,,3.500758729821603e-05,6.069061659478243e-08,0.002161752975398424,nan,nan,nan,False,not_run,not_requested,"[0.03787749195178826,0.0358176822335484,0.02737828667230866]","[26.400903240182735,27.919171136744318,36.525295098593844]","[4.1533412359499896e-07,1.2642208611387216e-06,6.183607371946536e-08]",,,,793658829.0598501,68.82118815618014,nan,nan,direct_vp,direct_vp,False,[],False,1.0,nan,nan,,,nan,nan,nan,False,nan,,,False,,nan,nan,,,nan,nan,nan,False,nan,,,,False,nan,nan,reliability_gated_ris_only,nan,nan,,decoupled_robust,legacy_multistart,0.0
fig5,adaptive_jones_vp_proposed,14,1092560480,20.0,snr_db,20.0,3,3,3,3,full_6d,1092560480,,,nan,,False,,88.2786167038139,3.500758729821603e-05,3.500758729821603e-05,6.069061659478243e-08,2.502111336103046e-05,6.896382702825321e-14,0.002161752975398424,False,direct_vp,global_exact_spherical_vp,main_single_proposed,True,2db72c1732d3d531,adaptive_jones,cpu,False,,legacy_least_squares,cpu,explicit,,legacy_least_squares_numerical,False,,,0,0,,,,,,,,fixed_pol_anchor,True,fixed_anchor_then_adaptive_jones_score_selection,fixed_pol_anchor,0.02737828667230866,0.03787749195178826,0.033691153619215104,0.0,True,3,10,29964914.75796718,29965250.49945115,"[0.03787749195178826,0.0358176822335484,0.02737828667230866]","[26.400903240182735,27.919171136744318,36.525295098593844]","[4.1533412359499896e-07,1.2642208611387216e-06,6.183607371946536e-08]",direct_vp,[],3094527.3668937758,3096560,True,793658829.0598501,68.82118815618014,171.45177276452856,0.004879412791142745,"[5.008391932559439,4.997112949878785,4.999327908607821]",32.25223470595665,84.91463269502856,117.89031778182834,nan,nan,nan,nan,nan,nan,nan,,,nan,nan,nan,nan,nan,nan,nan,nan,nan,,,,nan,nan,nan,nan,nan,,False,,nan,,,nan,nan,nan,,,,,,,,3.500758729821603e-05,6.069061659478243e-08,0.002161752975398424,nan,nan,nan,False,not_run,not_requested,"[0.03787749195178826,0.0358176822335484,0.02737828667230866]","[26.400903240182735,27.919171136744318,36.525295098593844]","[4.1533412359499896e-07,1.2642208611387216e-06,6.183607371946536e-08]",,,,793658829.0598501,68.82118815618014,nan,nan,direct_vp,direct_vp,False,[],True,1.0,3.447032633742059e-05,3.447032633742059e-05,2,data_only_efim_tau_crb,0.0016948531484423804,2.443756003370605e-07,2.443756003370605e-07,True,3.471470193775765e-05,green,clock_green,False,ngc_green_skip_rescue,nan,nan,2,,nan,nan,nan,False,nan,,candidate_unavailable,ngc_green_skip_rescue,False,9.21034037197618,13.815510557964274,ngc_certified_ris_only,nan,nan,,decoupled_robust,legacy_multistart,0.0
fig5,force_rescue,14,1092560480,20.0,snr_db,20.0,3,3,3,3,full_6d,1092560480,,,nan,,False,,102.37998465518467,3.500758729821603e-05,3.500758729821603e-05,6.069061659478243e-08,2.502111336103046e-05,6.896382702825321e-14,0.002161752975398424,False,direct_vp_rollback,global_exact_spherical_vp,main_single_proposed,True,363528ada46be7d0,adaptive_jones,cpu,False,,legacy_least_squares,cpu,explicit,,legacy_least_squares_numerical,False,,,0,0,,,,,,,,fixed_pol_anchor,True,fixed_anchor_then_adaptive_jones_score_selection,fixed_pol_anchor,0.02737828667230866,0.03787749195178826,0.033691153619215104,0.0,True,3,10,29964914.75796718,29965250.49945115,"[0.03787749195178826,0.0358176822335484,0.02737828667230866]","[26.400903240182735,27.919171136744318,36.525295098593844]","[4.1533412359499896e-07,1.2642208611387216e-06,6.183607371946536e-08]",jnpp_then_vp,[],3094527.3668937758,3096560,True,793658829.0598501,68.82118815618014,171.45177276452856,0.004879412791142745,"[5.008391932559439,4.997112949878785,4.999327908607821]",32.25223470595665,60.865964632947,93.84164971974678,nan,nan,nan,nan,nan,nan,nan,,,nan,nan,nan,nan,nan,nan,nan,nan,nan,,,,nan,nan,nan,nan,nan,,False,,nan,,,nan,nan,nan,,,,,,,,3.500758729821603e-05,6.069061659478243e-08,0.002161752975398424,3.50069880434928e-05,6.069053956275931e-08,0.0021617529753984403,True,rollback,existing_selector_rollback,"[0.03787749195178826,0.0358176822335484,0.02737828667230866]","[26.400903240182735,27.919171136744318,36.525295098593844]","[4.1533412359499896e-07,1.2642208611387216e-06,6.183607371946536e-08]","[0.03787749193059702,0.03581768220643945,0.027378286692311973]","[26.400903254953192,27.919171157875205,36.52529507190748]","[4.02980020486399e-07,1.2549309737790101e-06,6.593509170499222e-08]",793658829.0598501,68.82118815618014,793658826.642212,68.82118836571273,direct_vp,direct_vp,False,[],False,1.0,nan,nan,,,nan,nan,nan,False,nan,,,False,,nan,nan,,,nan,nan,nan,False,nan,,,,False,nan,nan,force_ris_only,0.7000005368694011,0.0023084768614724596,3,decoupled_robust,legacy_multistart,0.0
fig5,oracle_init_vp,14,1092560480,20.0,snr_db,20.0,3,3,3,3,full_6d,1092560480,,,nan,,False,,9.396731921005994,3.500649566244896e-05,3.500649566244896e-05,6.069046209215592e-08,2.502076535270821e-05,6.896342897334559e-14,0.002161752975398445,False,oracle_init_vp,global_exact_spherical_vp,,False,,adaptive_jones,cupy,True,0,cupy,cupy.linalg.solve,explicit,matrix_free,analytic_reduced_vp_explicit_gradient,False,matrix_free_cpu_only_gpu_backend,,0,0,0,0,,,,,,fixed_pol_anchor,False,,fixed_pol_anchor,nan,nan,nan,nan,False,3,4,3096725.458075429,3096822.3914659694,"[0.03730500244180781,0.035138058599332604,0.02250883260583419]","[26.806056414548312,28.459170479582458,44.42700416816738]","[1.2484291035125369e-08,2.199830377303041e-08,1.3438624395969425e-08]",oracle_init_vp,"[""oracle_truth_initialization""]",nan,,,nan,nan,nan,nan,,0.0,9.39576022210531,9.39576022210531,nan,nan,nan,nan,nan,nan,nan,,,nan,nan,nan,nan,nan,nan,nan,nan,nan,,,,nan,nan,nan,nan,nan,,False,,nan,,,nan,nan,nan,,,,,,,,nan,nan,nan,nan,nan,nan,False,,,,,,,,,nan,nan,nan,nan,,,,[],False,nan,nan,nan,,,nan,nan,nan,False,nan,,,False,,nan,nan,,,nan,nan,nan,False,nan,,,,False,nan,nan,,nan,nan,,,legacy_multistart,
fig5,direct_vp,16,1080178429,20.0,snr_db,20.0,3,3,3,3,full_6d,1080178429,,,nan,,False,,167.06188694899902,8.486176219993628e-06,8.486176219993628e-06,1.8707688844818185e-08,7.070491682062886e-06,9.964633859656883e-14,0.004809288949389282,False,direct_vp,global_exact_spherical_vp,proposed_post_stage1,False,7c4fc8575c1c2801,adaptive_jones,cpu,False,,legacy_least_squares,cpu,explicit,,legacy_least_squares_numerical,False,,,0,0,,,,,,,,fixed_pol_anchor,True,fixed_anchor_then_adaptive_jones_score_selection,fixed_pol_anchor,0.015773483397952637,1.983604283544945,0.6757463910345435,0.0,True,3,10,3101124.5878774365,nan,"[0.027861406160732568,1.983604283544945,0.015773483397952637]","[35.89194293464472,0.5041328092974741,63.39753716859917]",,jnpp_then_vp,[],3100975.129801999,3096560,False,859659834.3139229,87.53413206006385,112.23406958538912,0.019816101082175956,"[5.003928219785349,5.036358405471265,4.98886612171019]",26.407611274160445,104.01573445298709,131.1333720262628,nan,nan,nan,nan,nan,nan,nan,,,nan,nan,nan,nan,nan,nan,nan,nan,nan,,,,nan,nan,nan,nan,nan,,False,,nan,,,nan,nan,nan,,,,,,,,8.486176219993628e-06,1.8707688844818185e-08,0.004809288949389282,nan,nan,nan,False,not_run,not_requested,"[0.027861406160732568,1.983604283544945,0.015773483397952637]","[35.89194293464472,0.5041328092974741,63.39753716859917]",,,,,859659834.3139229,87.53413206006385,nan,nan,direct_vp,jnpp_then_vp,False,[],False,1.0,nan,nan,,,nan,nan,nan,False,nan,,,False,,nan,nan,,,nan,nan,nan,False,nan,,,,False,nan,nan,reliability_gated,nan,nan,,decoupled_robust,legacy_multistart,0.0
fig5,old_gated,16,1080178429,20.0,snr_db,20.0,3,3,3,3,full_6d,1080178429,,,nan,,False,,203.31652441900223,8.486176219993628e-06,8.486176219993628e-06,1.8707688844818185e-08,7.070491682062886e-06,9.964633859656883e-14,0.004809288949389282,False,direct_vp_rollback,global_exact_spherical_vp,main_single_proposed,True,61fa18b8571f5fd5,adaptive_jones,cpu,False,,legacy_least_squares,cpu,explicit,,legacy_least_squares_numerical,False,,,0,0,,,,,,,,fixed_pol_anchor,True,fixed_anchor_then_adaptive_jones_score_selection,fixed_pol_anchor,0.015773483397952637,1.983604283544945,0.6757463910345435,0.0,True,3,10,3101124.5878774365,nan,"[0.027861406160732568,1.983604283544945,0.015773483397952637]","[35.89194293464472,0.5041328092974741,63.39753716859917]",,jnpp_then_vp,[],3100975.129801999,3096560,False,859659834.3139229,87.53413206006385,112.23406958538912,0.019816101082175956,"[5.003928219785349,5.036358405471265,4.98886612171019]",26.407611274160445,95.72230477398261,122.83994234725833,nan,nan,nan,nan,nan,nan,nan,,,nan,nan,nan,nan,nan,nan,nan,nan,nan,,,,nan,nan,nan,nan,nan,,False,,nan,,,nan,nan,nan,,,,,,,,8.486176219993628e-06,1.8707688844818185e-08,0.004809288949389282,8.486794101722831e-06,1.8707706151516393e-08,0.004809288949389269,True,rollback,existing_selector_rollback,"[0.027861406160732568,1.983604283544945,0.015773483397952637]","[35.89194293464472,0.5041328092974741,63.39753716859917]",,"[0.027861406160608015,1.9836042829981881,0.01577348339794438]","[35.89194293480517,0.5041328094364322,63.397537168632354]",,859659834.3139229,87.53413206006385,859659833.701545,87.5341321454198,direct_vp,jnpp_then_vp,False,[],False,1.0,nan,nan,,,nan,nan,nan,False,nan,,,False,,nan,nan,,,nan,nan,nan,False,nan,,,,False,nan,nan,reliability_gated_ris_only,0.0001427346819359743,0.005696127976857274,3,decoupled_robust,legacy_multistart,0.0
fig5,adaptive_jones_vp_proposed,16,1080178429,20.0,snr_db,20.0,3,3,3,3,full_6d,1080178429,,,nan,,False,,73.60009180009365,8.486176219993628e-06,8.486176219993628e-06,1.8707688844818185e-08,7.070491682062886e-06,9.964633859656883e-14,0.004809288949389282,False,direct_vp,global_exact_spherical_vp,main_single_proposed,True,bc776d56c82e9867,adaptive_jones,cpu,False,,legacy_least_squares,cpu,explicit,,legacy_least_squares_numerical,False,,,0,0,,,,,,,,fixed_pol_anchor,True,fixed_anchor_then_adaptive_jones_score_selection,fixed_pol_anchor,0.015773483397952637,1.983604283544945,0.6757463910345435,0.0,True,3,10,3101124.5878774365,nan,"[0.027861406160732568,1.983604283544945,0.015773483397952637]","[35.89194293464472,0.5041328092974741,63.39753716859917]",,direct_vp,[],3100975.129801999,3096560,False,859659834.3139229,87.53413206006385,112.23406958538912,0.019816101082175956,"[5.003928219785349,5.036358405471265,4.98886612171019]",26.407611274160445,38.71744735795073,65.83508493122645,nan,nan,nan,nan,nan,nan,nan,,,nan,nan,nan,nan,nan,nan,nan,nan,nan,,,,nan,nan,nan,nan,nan,,False,,nan,,,nan,nan,nan,,,,,,,,8.486176219993628e-06,1.8707688844818185e-08,0.004809288949389282,nan,nan,nan,False,not_run,not_requested,"[0.027861406160732568,1.983604283544945,0.015773483397952637]","[35.89194293464472,0.5041328092974741,63.39753716859917]",,,,,859659834.3139229,87.53413206006385,nan,nan,direct_vp,jnpp_then_vp,False,[],True,1.0,0.0001302844060062269,0.0001302844060062269,2,data_only_efim_tau_crb,0.003295001340493239,5.2984017153802275e-06,5.2984017153802275e-06,True,0.0001355828077216071,green,clock_green,False,ngc_green_skip_rescue,nan,nan,2,,nan,nan,nan,False,nan,,candidate_unavailable,ngc_green_skip_rescue,False,9.21034037197618,13.815510557964274,ngc_certified_ris_only,nan,nan,,decoupled_robust,legacy_multistart,0.0
fig5,force_rescue,16,1080178429,20.0,snr_db,20.0,3,3,3,3,full_6d,1080178429,,,nan,,False,,67.43056428502314,8.486176219993628e-06,8.486176219993628e-06,1.8707688844818185e-08,7.070491682062886e-06,9.964633859656883e-14,0.004809288949389282,False,direct_vp_rollback,global_exact_spherical_vp,main_single_proposed,True,a7a399daca99def7,adaptive_jones,cpu,False,,legacy_least_squares,cpu,explicit,,legacy_least_squares_numerical,False,,,0,0,,,,,,,,fixed_pol_anchor,True,fixed_anchor_then_adaptive_jones_score_selection,fixed_pol_anchor,0.015773483397952637,1.983604283544945,0.6757463910345435,0.0,True,3,10,3101124.5878774365,nan,"[0.027861406160732568,1.983604283544945,0.015773483397952637]","[35.89194293464472,0.5041328092974741,63.39753716859917]",,jnpp_then_vp,[],3100975.129801999,3096560,False,859659834.3139229,87.53413206006385,112.23406958538912,0.019816101082175956,"[5.003928219785349,5.036358405471265,4.98886612171019]",26.407611274160445,31.081418382003903,58.19905595527962,nan,nan,nan,nan,nan,nan,nan,,,nan,nan,nan,nan,nan,nan,nan,nan,nan,,,,nan,nan,nan,nan,nan,,False,,nan,,,nan,nan,nan,,,,,,,,8.486176219993628e-06,1.8707688844818185e-08,0.004809288949389282,8.486794101722831e-06,1.8707706151516393e-08,0.004809288949389269,True,rollback,existing_selector_rollback,"[0.027861406160732568,1.983604283544945,0.015773483397952637]","[35.89194293464472,0.5041328092974741,63.39753716859917]",,"[0.027861406160608015,1.9836042829981881,0.01577348339794438]","[35.89194293480517,0.5041328094364322,63.397537168632354]",,859659834.3139229,87.53413206006385,859659833.701545,87.5341321454198,direct_vp,jnpp_then_vp,False,[],False,1.0,nan,nan,,,nan,nan,nan,False,nan,,,False,,nan,nan,,,nan,nan,nan,False,nan,,,,False,nan,nan,force_ris_only,0.0001427346819359743,0.005696127976857274,3,decoupled_robust,legacy_multistart,0.0
fig5,oracle_init_vp,16,1080178429,20.0,snr_db,20.0,3,3,3,3,full_6d,1080178429,,,nan,,False,,9.299239630810916,8.486486423267908e-06,8.486486423267908e-06,1.8707628153641806e-08,7.070631017998369e-06,9.964625608818903e-14,0.004809288949389283,False,oracle_init_vp,global_exact_spherical_vp,,False,,adaptive_jones,cupy,True,0,cupy,cupy.linalg.solve,explicit,matrix_free,analytic_reduced_vp_explicit_gradient,False,matrix_free_cpu_only_gpu_backend,,0,0,0,0,,,,,,fixed_pol_anchor,False,,fixed_pol_anchor,nan,nan,nan,nan,False,3,4,3096725.458075429,3096794.676142812,"[0.027900987279444876,1.9864222773522868,0.01579589189069256]","[35.84102562337243,0.5034176324939927,63.30759965438963]","[8.385918055446803e-09,4.2352416103604386e-08,2.084019378388649e-09]",oracle_init_vp,"[""oracle_truth_initialization""]",nan,,,nan,nan,nan,nan,,0.0,9.298551264218986,9.298551264218986,nan,nan,nan,nan,nan,nan,nan,,,nan,nan,nan,nan,nan,nan,nan,nan,nan,,,,nan,nan,nan,nan,nan,,False,,nan,,,nan,nan,nan,,,,,,,,nan,nan,nan,nan,nan,nan,False,,,,,,,,,nan,nan,nan,nan,,,,[],False,nan,nan,nan,,,nan,nan,nan,False,nan,,,False,,nan,nan,,,nan,nan,nan,False,nan,,,,False,nan,nan,,nan,nan,,,legacy_multistart,
